0,0,-0.08,0.05236,0.05236,-9.7072e-09,-4.2576e-08,-4.0808e-08,-2.8165e-08,-5.0549e-09,2.6245e-08,4.5316e-08,-3.1677e-08,3.2081e-09,-2.8522e-08,-2.9561e-08,-1.5101e-08
-0.04,-0.04,-0.04,0.05236,0.05236,-5.305e-09,-5.1837e-08,-4.2583e-08,-2.3211e-08,9.8167e-10,2.1957e-08,4.8185e-08,-3.466e-08,-1.7874e-09,-1.7121e-08,-2.6472e-08,-2.0472e-08
0,-0.04,-0.04,0.05236,0.05236,-1.0387e-08,-4.664e-08,-3.5499e-08,-2.1995e-08,2.6681e-09,3.1622e-08,4.0992e-08,-3.6803e-08,-1.0553e-09,-1.9047e-08,-3.1412e-08,-1.7399e-08
0.04,-0.04,-0.04,0.05236,0.05236,-1.354e-08,-4.455e-08,-3.003e-08,-2.0235e-08,1.955e-09,3.8698e-08,3.8229e-08,-3.7516e-08,-2.1115e-09,-2.0285e-08,-4.216e-08,-1.1103e-08
-0.04,0,-0.04,0.05236,0.05236,-5.8477e-09,-5.0216e-08,-4.7308e-08,-2.7995e-08,1.1334e-09,1.7952e-08,4.4462e-08,-2.8387e-08,3.0633e-10,-2.1227e-08,-2.6235e-08,-1.551e-08
0,0,-0.04,0.05236,0.05236,-9.5176e-09,-5.1425e-08,-3.922e-08,-2.7478e-08,2.5285e-10,2.4507e-08,3.9933e-08,-2.9649e-08,1.96e-09,-2.2938e-08,-3.1088e-08,-1.0626e-08
0.04,0,-0.04,0.05236,0.05236,-1.4009e-08,-4.6742e-08,-3.1814e-08,-2.5169e-08,1.1484e-09,3.6432e-08,3.4467e-08,-3.1724e-08,3.1009e-09,-2.236e-08,-3.9909e-08,-9.4448e-09
-0.04,0.04,-0.04,0.05236,0.05236,-5.9502e-09,-5.366e-08,-5.7794e-08,-3.5929e-08,-1.4347e-09,1.5325e-08,4.2167e-08,-2.3019e-08,4.3566e-09,-2.3024e-08,-2.607e-08,-1.0553e-08
0,0.04,-0.04,0.05236,0.05236,-9.2839e-09,-5.0181e-08,-4.7112e-08,-3.3983e-08,1.3013e-09,2.1603e-08,3.7197e-08,-2.4588e-08,3.9627e-09,-1.9669e-08,-2.9205e-08,-7.9571e-09
0.04,0.04,-0.04,0.05236,0.05236,-1.3755e-08,-4.5625e-08,-3.4729e-08,-3.1553e-08,1.9499e-09,2.8412e-08,3.2136e-08,-2.5133e-08,8.769e-09,-2.4241e-08,-3.5373e-08,-7.3092e-09
0,-0.08,0,0.05236,0.05236,-9.527e-09,-5.2017e-08,-2.7915e-08,-1.5906e-08,6.7235e-09,3.0744e-08,3.7501e-08,-3.8727e-08,-6.1647e-09,-1.3981e-08,-3.343e-08,-1.4312e-08
-0.04,-0.04,0,0.05236,0.05236,-3.253e-09,-5.7371e-08,-3.8325e-08,-2.0449e-08,6.3799e-09,2.1255e-08,4.2226e-08,-3.1296e-08,-3.8119e-09,-1.4079e-08,-2.7466e-08,-1.6057e-08
0,-0.04,0,0.05236,0.05236,-1.0005e-08,-5.4953e-08,-3.412e-08,-2.0821e-08,7.0381e-09,2.8594e-08,3.6018e-08,-3.0746e-08,-5.4162e-09,-1.444e-08,-3.3027e-08,-1.2627e-08
0.04,-0.04,0,0.05236,0.05236,-1.8084e-08,-5.0241e-08,-2.8534e-08,-1.8078e-08,5.7609e-09,3.3406e-08,3.2459e-08,-3.0854e-08,-6.1045e-09,-1.5711e-08,-3.7959e-08,-8.9832e-09
-0.08,0,0,0.05236,0.05236,-1.335e-09,-6.2658e-08,-4.9756e-08,-2.5835e-08,8.2977e-09,1.4363e-08,4.1742e-08,-2.4249e-08,-2.0652e-09,-1.4709e-08,-2.1756e-08,-1.3615e-08
-0.04,0,0,0.05236,0.05236,-4.4729e-09,-6.2234e-08,-4.4531e-08,-2.6142e-08,7.3937e-09,1.8197e-08,3.8504e-08,-2.7272e-08,-1.0595e-09,-1.5577e-08,-2.6415e-08,-7.3525e-09
0,0,0,0.05236,0.05236,-1.0071e-08,-5.8595e-08,-4.0068e-08,-2.3865e-08,7.2253e-09,2.2329e-08,3.4478e-08,-2.5906e-08,-1.4689e-09,-1.4654e-08,-3.0813e-08,-8.4014e-09
0.04,0,0,0.05236,0.05236,-1.4201e-08,-5.4454e-08,-3.1241e-08,-2.2108e-08,5.8918e-09,3.0805e-08,2.9689e-08,-2.6987e-08,-2.1069e-09,-1.6163e-08,-3.7999e-08,-5.0669e-09
0.08,0,0,0.05236,0.05236,-2.2525e-08,-4.8863e-08,-2.5196e-08,-2.0404e-08,5.0157e-09,3.7777e-08,2.6182e-08,-2.8288e-08,-3.1743e-09,-1.4109e-08,-4.963e-08,-4.0016e-09
-0.04,0.04,0,0.05236,0.05236,-4.9902e-09,-6.4191e-08,-5.0193e-08,-3.1713e-08,9.289e-09,1.4862e-08,3.6111e-08,-2.3606e-08,9.8508e-10,-1.669e-08,-2.509e-08,-6.6892e-09
0,0.04,0,0.05236,0.05236,-9.1493e-09,-6.3517e-08,-4.3448e-08,-3.0314e-08,6.1989e-09,2.01e-08,3.302e-08,-2.2378e-08,2.3731e-09,-1.8148e-08,-2.8703e-08,-4.6579e-09
0.04,0.04,0,0.05236,0.05236,-1.418e-08,-5.4598e-08,-3.6188e-08,-2.6829e-08,6.6812e-09,2.6355e-08,2.7717e-08,-2.3117e-08,1.7952e-09,-1.734e-08,-3.7683e-08,-3.6622e-09
0,0.08,0,0.05236,0.05236,-7.6672e-09,-6.0753e-08,-4.7511e-08,-3.7284e-08,6.8285e-09,1.6667e-08,2.9386e-08,-1.9187e-08,5.8658e-09,-1.635e-08,-3.0056e-08,-3.0566e-09
-0.04,-0.04,0.04,0.05236,0.05236,-1.4434e-09,-6.7132e-08,-3.5843e-08,-1.4985e-08,1.5298e-08,1.856e-08,3.3616e-08,-2.5372e-08,-6.1322e-09,-1.079e-08,-2.6479e-08,-1.0399e-08
0,-0.04,0.04,0.05236,0.05236,-7.8693e-09,-6.6477e-08,-2.9683e-08,-1.5604e-08,1.0998e-08,2.5425e-08,2.938e-08,-2.5788e-08,-8.2567e-09,-1.0318e-08,-3.1338e-08,-4.5213e-09
0.04,-0.04,0.04,0.05236,0.05236,-1.6817e-08,-5.9704e-08,-2.7268e-08,-1.6566e-08,9.2511e-09,3.0882e-08,2.5984e-08,-2.6798e-08,-8.3455e-09,-1.018e-08,-3.8304e-08,-2.2808e-09
-0.04,0,0.04,0.05236,0.05236,-2.4174e-09,-7.3479e-08,-4.32e-08,-2.2164e-08,1.757e-08,1.692e-08,3.2436e-08,-2.1485e-08,-3.7317e-09,-1.1623e-08,-2.6703e-08,-5.6057e-09
0,0,0.04,0.05236,0.05236,-7.1553e-09,-6.9787e-08,-3.4499e-08,-2.0095e-08,1.3271e-08,2.1825e-08,2.8609e-08,-2.29e-08,-4.0754e-09,-1.0746e-08,-3.137e-08,-2.5126e-09
0.04,0,0.04,0.05236,0.05236,-1.5284e-08,-6.6963e-08,-2.9815e-08,-1.9396e-08,9.9379e-09,2.8398e-08,2.7007e-08,-2.4129e-08,-6.2169e-09,-9.8295e-09,-3.9421e-08,-1.573e-09
-0.04,0.04,0.04,0.05236,0.05236,-2.2487e-09,-7.8071e-08,-4.731e-08,-2.613e-08,1.6133e-08,1.3187e-08,3.117e-08,-1.8141e-08,-2.4427e-09,-1.1471e-08,-2.3813e-08,-1.1387e-09
0,0.04,0.04,0.05236,0.05236,-7.6056e-09,-7.2642e-08,-3.8579e-08,-2.6181e-08,1.2046e-08,1.9591e-08,2.7957e-08,-1.9912e-08,-6.7134e-10,-1.114e-08,-2.8592e-08,1.3028e-10
0.04,0.04,0.04,0.05236,0.05236,-1.2933e-08,-6.3487e-08,-3.2826e-08,-2.5394e-08,1.0735e-08,2.4986e-08,2.5946e-08,-1.9703e-08,-1.7764e-09,-9.767e-09,-3.5864e-08,-1.0894e-09
0,0,0.08,0.05236,0.05236,-9.3493e-09,-7.7509e-08,-3.3245e-08,-1.4716e-08,1.8483e-08,1.8461e-08,2.4022e-08,-1.9457e-08,-1.0311e-08,-5.4544e-09,-2.9391e-08,2.1476e-09
0,0,-0.08,0.10472,0.05236,-9.3052e-09,-3.9587e-08,-4.2719e-08,-2.4906e-08,-3.4253e-09,2.6824e-08,4.3985e-08,-3.3422e-08,1.5145e-09,-2.5648e-08,-2.7766e-08,-1.7862e-08
-0.04,-0.04,-0.04,0.10472,0.05236,-3.2828e-09,-4.7091e-08,-4.3429e-08,-2.1014e-08,3.213e-09,1.9692e-08,4.8759e-08,-3.5755e-08,-2.6686e-09,-1.7874e-08,-2.6518e-08,-2.2817e-08
0,-0.04,-0.04,0.10472,0.05236,-1.011e-08,-4.7113e-08,-3.545e-08,-1.8836e-08,3.561e-09,2.8221e-08,4.2888e-08,-3.8017e-08,-3.0764e-09,-1.9413e-08,-3.2639e-08,-1.6537e-08
0.04,-0.04,-0.04,0.10472,0.05236,-1.7956e-08,-4.2987e-08,-2.9615e-08,-1.8874e-08,2.7493e-09,3.5636e-08,3.9347e-08,-3.77e-08,-3.0991e-09,-2.0357e-08,-3.837e-08,-1.5103e-08
-0.04,0,-0.04,0.10472,0.05236,-5.5251e-09,-5.1103e-08,-4.9922e-08,-2.7359e-08,8.8718e-10,1.6843e-08,4.6897e-08,-2.8663e-08,-1.0127e-09,-1.9843e-08,-2.3301e-08,-1.6237e-08
0,0,-0.04,0.10472,0.05236,-1.1372e-08,-4.7128e-08,-4.3069e-08,-2.6626e-08,1.9965e-09,2.4215e-08,3.7771e-08,-2.9896e-08,3.1003e-10,-2.0471e-08,-2.9595e-08,-1.3678e-08
0.04,0,-0.04,0.10472,0.05236,-1.5303e-08,-4.6762e-08,-3.2005e-08,-2.5065e-08,2.5976e-09,3.2909e-08,3.4207e-08,-3.3039e-08,2.9503e-10,-2.2606e-08,-3.7251e-08,-1.0584e-08
-0.04,0.04,-0.04,0.10472,0.05236,-5.1376e-09,-5.1603e-08,-5.5548e-08,-3.1871e-08,-8.1952e-10,1.5089e-08,4.1436e-08,-2.5056e-08,1.6236e-09,-2.2069e-08,-2.5085e-08,-1.2392e-08
0,0.04,-0.04,0.10472,0.05236,-9.0467e-09,-4.8477e-08,-4.7191e-08,-2.8856e-08,1.1143e-09,1.9923e-08,3.6891e-08,-2.4943e-08,2.6868e-09,-2.2369e-08,-2.8443e-08,-1.1216e-08
0.04,0.04,-0.04,0.10472,0.05236,-1.2762e-08,-4.6029e-08,-3.6393e-08,-3.0156e-08,5.5909e-10,2.7258e-08,3.3133e-08,-2.6357e-08,3.3809e-09,-2.3707e-08,-3.4175e-08,-8.7014e-09
0,-0.08,0,0.10472,0.05236,-1.032e-08,-4.9999e-08,-2.8722e-08,-1.4177e-08,7.3145e-09,2.9895e-08,3.8756e-08,-4.013e-08,-7.8097e-09,-1.2856e-08,-3.2859e-08,-2.0165e-08
-0.04,-0.04,0,0.10472,0.05236,-4.3377e-09,-5.7576e-08,-4.0329e-08,-1.6703e-08,8.9715e-09,2.1823e-08,3.9573e-08,-2.8894e-08,-5.6268e-09,-1.3816e-08,-2.6996e-08,-1.7656e-08
0,-0.04,0,0.10472,0.05236,-1.0497e-08,-5.1025e-08,-3.6978e-08,-1.7101e-08,7.0767e-09,2.671e-08,3.7106e-08,-3.1763e-08,-5.3582e-09,-1.2668e-08,-3.1777e-08,-1.6077e-08
0.04,-0.04,0,0.10472,0.05236,-1.6711e-08,-4.718e-08,-2.9417e-08,-1.5637e-08,6.9576e-09,3.4466e-08,3.2007e-08,-3.4119e-08,-6.7006e-09,-1.4589e-08,-3.9397e-08,-1.0505e-08
-0.08,0,0,0.10472,0.05236,7.9977e-10,-6.2041e-08,-5.6709e-08,-2.2497e-08,9.3434e-09,1.2505e-08,3.7993e-08,-2.6258e-08,-3.7399e-09,-1.3674e-08,-2.1527e-08,-1.8422e-08
-0.04,0,0,0.10472,0.05236,-3.2322e-09,-5.9694e-08,-4.7636e-08,-2.1506e-08,9.3126e-09,1.6968e-08,3.6545e-08,-2.6656e-08,-2.0156e-09,-1.5734e-08,-2.6195e-08,-1.4645e-08
0,0,0,0.10472,0.05236,-8.5534e-09,-5.7981e-08,-3.8842e-08,-2.1358e-08,8.6998e-09,2.2033e-08,3.6307e-08,-2.8281e-08,-3.8862e-09,-1.4188e-08,-2.9939e-08,-9.0754e-09
0.04,0,0,0.10472,0.05236,-1.5974e-08,-5.3627e-08,-3.0411e-08,-1.8984e-08,7.0582e-09,3.0058e-08,3.0941e-08,-2.9437e-08,-3.519e-09,-1.4668e-08,-3.5305e-08,-7.9796e-09
0.08,0,0,0.10472,0.05236,-2.0482e-08,-4.7964e-08,-2.5244e-08,-1.9907e-08,6.192e-09,3.6824e-08,2.7659e-08,-2.9393e-08,-3.963e-09,-1.4156e-08,-4.5506e-08,-7.4286e-09
-0.04,0.04,0,0.10472,0.05236,-4.754e-09,-6.5435e-08,-5.3387e-08,-2.8512e-08,9.5308e-09,1.5045e-08,3.4671e-08,-2.3133e-08,1.9496e-10,-1.4363e-08,-2.4634e-08,-8.1921e-09
0,0.04,0,0.10472,0.05236,-8.6392e-09,-5.8806e-08,-4.2732e-08,-2.8957e-08,6.8304e-09,2.0448e-08,3.1076e-08,-2.3162e-08,-1.3446e-09,-1.5054e-08,-2.7787e-08,-8.6828e-09
0.04,0.04,0,0.10472,0.05236,-1.4484e-08,-5.4125e-08,-3.5149e-08,-2.2809e-08,5.8123e-09,2.5605e-08,2.9386e-08,-2.4576e-08,1.9663e-09,-1.3573e-08,-3.5824e-08,-5.6183e-09
0,0.08,0,0.10472,0.05236,-8.246e-09,-6.2185e-08,-4.5817e-08,-3.3717e-08,7.0987e-09,1.5479e-08,2.9518e-08,-1.9846e-08,3.5552e-09,-1.5697e-08,-2.7426e-08,-5.6133e-09
-0.04,-0.04,0.04,0.10472,0.05236,-2.1149e-09,-6.6957e-08,-3.68e-08,-1.5667e-08,1.7663e-08,1.8366e-08,3.5075e-08,-2.7916e-08,-8.8321e-09,-9.9163e-09,-2.6691e-08,-1.2505e-08
0,-0.04,0.04,0.10472,0.05236,-6.9316e-09,-6.1961e-08,-3.1738e-08,-1.3069e-08,1.2458e-08,2.4482e-08,2.9107e-08,-2.6917e-08,-1.0493e-08,-9.1444e-09,-3.2122e-08,-1.0638e-08
0.04,-0.04,0.04,0.10472,0.05236,-1.5358e-08,-5.9632e-08,-2.8694e-08,-1.2269e-08,9.9177e-09,3.0185e-08,2.7711e-08,-2.8997e-08,-1.0139e-08,-9.3305e-09,-3.7888e-08,-5.1489e-09
-0.04,0,0.04,0.10472,0.05236,-1.6653e-09,-7.0025e-08,-4.2731e-08,-1.8759e-08,1.6831e-08,1.6292e-08,3.1705e-08,-2.3243e-08,-6.5563e-09,-8.3329e-09,-2.6092e-08,-7.6532e-09
0,0,0.04,0.10472,0.05236,-9.9573e-09,-6.8902e-08,-3.7263e-08,-1.6379e-08,1.1959e-08,2.0222e-08,2.8459e-08,-2.4543e-08,-7.0365e-09,-1.0312e-08,-2.9457e-08,-4.6557e-09
0.04,0,0.04,0.10472,0.05236,-1.2709e-08,-6.3007e-08,-3.0612e-08,-1.7436e-08,1.1802e-08,2.6653e-08,2.59e-08,-2.4857e-08,-9.7614e-09,-7.897e-09,-3.7641e-08,-3.1299e-09
-0.04,0.04,0.04,0.10472,0.05236,-2.373e-09,-7.6358e-08,-4.543e-08,-2.4295e-08,1.5641e-08,1.4755e-08,2.8778e-08,-2.0406e-08,-2.6868e-09,-1.1279e-08,-2.5078e-08,-2.4624e-09
0,0.04,0.04,0.10472,0.05236,-7.7395e-09,-7.1021e-08,-3.788e-08,-2.2435e-08,1.2121e-08,1.9061e-08,2.7696e-08,-2.0762e-08,-2.1519e-09,-8.4325e-09,-3.048e-08,-2.5021e-09
0.04,0.04,0.04,0.10472,0.05236,-1.306e-08,-6.4443e-08,-3.2401e-08,-2.0205e-08,1.2053e-08,2.2546e-08,2.4828e-08,-2.1808e-08,-1.5632e-09,-7.3363e-09,-3.2996e-08,-2.4936e-09
0,0,0.08,0.10472,0.05236,-6.7128e-09,-8.339e-08,-3.2582e-08,-1.1788e-08,1.8177e-08,1.9106e-08,2.4771e-08,-1.9534e-08,-1.0461e-08,-4.748e-09,-3.1406e-08,7.213e-10
0,0,-0.08,0.15708,0.05236,-1.0115e-08,-4.1432e-08,-4.4809e-08,-2.4657e-08,-3.1692e-09,2.2559e-08,4.2975e-08,-3.2804e-08,1.0669e-11,-2.5024e-08,-2.7328e-08,-1.8819e-08
-0.04,-0.04,-0.04,0.15708,0.05236,-5.4357e-09,-4.6169e-08,-4.2983e-08,-1.8893e-08,2.0384e-09,2.012e-08,4.9642e-08,-3.571e-08,-4.6457e-09,-1.676e-08,-2.5298e-08,-2.4497e-08
0,-0.04,-0.04,0.15708,0.05236,-9.7261e-09,-4.3626e-08,-3.791e-08,-1.8309e-08,3.728e-09,2.5499e-08,4.1608e-08,-3.7577e-08,-5.4592e-09,-1.6607e-08,-3.0684e-08,-1.9986e-08
0.04,-0.04,-0.04,0.15708,0.05236,-1.6371e-08,-4.2473e-08,-3.2177e-08,-1.6961e-08,3.2535e-09,3.786e-08,3.6527e-08,-3.9859e-08,-5.6244e-09,-2.004e-08,-3.6962e-08,-1.5367e-08
-0.04,0,-0.04,0.15708,0.05236,-5.3993e-09,-5.2302e-08,-5.268e-08,-2.2117e-08,2.8972e-09,1.7311e-08,4.5147e-08,-3.2193e-08,-2.2449e-09,-1.8417e-08,-2.4643e-08,-1.9577e-08
0,0,-0.04,0.15708,0.05236,-9.0303e-09,-4.81e-08,-4.147e-08,-2.2732e-08,1.3161e-09,2.4238e-08,4.0154e-08,-3.268e-08,-1.0668e-09,-1.781e-08,-3.1115e-08,-1.6087e-08
0.04,0,-0.04,0.15708,0.05236,-1.5132e-08,-4.3416e-08,-3.4841e-08,-2.0515e-08,2.7257e-09,2.9215e-08,3.4138e-08,-3.2975e-08,-2.0532e-09,-2.0026e-08,-3.5339e-08,-1.2479e-08
-0.04,0.04,-0.04,0.15708,0.05236,-5.7899e-09,-5.1432e-08,-5.8811e-08,-3.0089e-08,2.9229e-10,1.3333e-08,4.0451e-08,-2.5144e-08,1.9354e-10,-2.0559e-08,-2.3808e-08,-1.3435e-08
0,0.04,-0.04,0.15708,0.05236,-9.4048e-09,-4.912e-08,-4.7843e-08,-2.5651e-08,2.3291e-09,1.7394e-08,3.5136e-08,-2.6118e-08,1.0162e-09,-2.0483e-08,-2.8582e-08,-1.308e-08
0.04,0.04,-0.04,0.15708,0.05236,-1.5024e-08,-4.6877e-08,-3.9693e-08,-2.6682e-08,1.8661e-09,2.4337e-08,3.167e-08,-2.7802e-08,3.3985e-09,-2.1406e-08,-3.2996e-08,-9.8466e-09
0,-0.08,0,0.15708,0.05236,-9.1089e-09,-4.9813e-08,-3.0611e-08,-1.251e-08,9.14e-09,2.9963e-08,3.7129e-08,-4.0414e-08,-8.8759e-09,-1.2389e-08,-3.4794e-08,-2.13e-08
-0.04,-0.04,0,0.15708,0.05236,-3.9898e-09,-5.4081e-08,-4.3233e-08,-1.5407e-08,1.1592e-08,2.0383e-08,3.9802e-08,-3.4097e-08,-6.7749e-09,-1.3579e-08,-2.6742e-08,-2.0091e-08
0,-0.04,0,0.15708,0.05236,-9.6976e-09,-5.3663e-08,-3.4575e-08,-1.4242e-08,6.9665e-09,2.3988e-08,3.5763e-08,-3.4831e-08,-7.6122e-09,-1.2287e-08,-3.2544e-08,-1.8336e-08
0.04,-0.04,0,0.15708,0.05236,-1.6947e-08,-4.8746e-08,-2.7824e-08,-1.532e-08,8.8295e-09,3.4226e-08,3.2825e-08,-3.5834e-08,-8.7646e-09,-1.2244e-08,-3.9613e-08,-1.2836e-08
-0.08,0,0,0.15708,0.05236,-3.9752e-10,-6.5862e-08,-5.4854e-08,-2.0364e-08,1.2408e-08,1.2034e-08,4.087e-08,-2.539e-08,-3.3881e-09,-1.3184e-08,-2.0473e-08,-1.9595e-08
-0.04,0,0,0.15708,0.05236,-5.9531e-09,-6.1356e-08,-4.5726e-08,-2.0401e-08,8.6669e-09,1.5337e-08,3.7558e-08,-2.868e-08,-5.032e-09,-1.3877e-08,-2.5492e-08,-1.5861e-08
0,0,0,0.15708,0.05236,-9.1178e-09,-5.4602e-08,-4.0369e-08,-1.8542e-08,6.7192e-09,2.3076e-08,3.5126e-08,-2.9605e-08,-5.5521e-09,-1.4111e-08,-3.1799e-08,-1.4276e-08
0.04,0,0,0.15708,0.05236,-1.728e-08,-5.1448e-08,-3.247e-08,-1.6891e-08,7.4454e-09,2.8899e-08,3.1891e-08,-2.9721e-08,-6.1023e-09,-1.3537e-08,-3.7245e-08,-1.0066e-08
0.08,0,0,0.15708,0.05236,-2.3468e-08,-4.4209e-08,-2.6168e-08,-1.799e-08,6.6541e-09,3.3302e-08,2.8024e-08,-2.8439e-08,-5.1156e-09,-1.1498e-08,-4.1359e-08,-7.2228e-09
-0.04,0.04,0,0.15708,0.05236,-3.4322e-09,-6.3624e-08,-5.6937e-08,-2.4162e-08,9.6207e-09,1.3453e-08,3.3976e-08,-2.2989e-08,-1.7211e-09,-1.5528e-08,-2.4557e-08,-1.2172e-08
0,0.04,0,0.15708,0.05236,-7.947e-09,-5.9949e-08,-4.4499e-08,-2.5214e-08,7.0194e-09,1.8505e-08,3.1867e-08,-2.4167e-08,-5.5251e-10,-1.4504e-08,-2.7605e-08,-9.1378e-09
0.04,0.04,0,0.15708,0.05236,-1.4657e-08,-5.7079e-08,-3.4615e-08,-2.2664e-08,6.0788e-09,2.2404e-08,2.8763e-08,-2.5887e-08,-2.4287e-09,-1.1005e-08,-3.6515e-08,-6.4558e-09
0,0.08,0,0.15708,0.05236,-7.4674e-09,-5.9958e-08,-4.7708e-08,-2.8416e-08,8.489e-09,1.3361e-08,2.963e-08,-2.0151e-08,2.3294e-09,-1.263e-08,-2.8928e-08,-6.7747e-09
-0.04,-0.04,0.04,0.15708,0.05236,-1.4152e-10,-6.8735e-08,-3.8362e-08,-1.1995e-08,1.6497e-08,1.8107e-08,3.2208e-08,-2.7983e-08,-8.8696e-09,-8.1363e-09,-2.6682e-08,-1.4457e-08
0,-0.04,0.04,0.15708,0.05236,-8.5109e-09,-6.667e-08,-3.4042e-08,-1.1301e-08,1.4833e-08,2.3124e-08,3.0303e-08,-3.0612e-08,-1.1242e-08,-7.903e-09,-2.9984e-08,-1.2023e-08
0.04,-0.04,0.04,0.15708,0.05236,-1.5774e-08,-5.8069e-08,-2.8189e-08,-1.1647e-08,1.1865e-08,2.8202e-08,2.866e-08,-2.9261e-08,-1.2882e-08,-7.5603e-09,-3.8562e-08,-9.1227e-09
-0.04,0,0.04,0.15708,0.05236,-3.6493e-09,-7.2462e-08,-4.1779e-08,-1.541e-08,1.5831e-08,1.6864e-08,3.124e-08,-2.3985e-08,-6.9123e-09,-9.5646e-09,-2.4547e-08,-1.0216e-08
0,0,0.04,0.15708,0.05236,-9.0433e-09,-6.4446e-08,-3.5543e-08,-1.3449e-08,1.2988e-08,1.9639e-08,3.0142e-08,-2.5255e-08,-1.0064e-08,-8.4216e-09,-3.1093e-08,-7.043e-09
0.04,0,0.04,0.15708,0.05236,-1.3338e-08,-6.0245e-08,-3.2047e-08,-1.3977e-08,1.2489e-08,2.4933e-08,2.613e-08,-2.7472e-08,-1.1112e-08,-7.7701e-09,-3.5531e-08,-6.2777e-09
-0.04,0.04,0.04,0.15708,0.05236,-4.4494e-09,-7.8054e-08,-4.926e-08,-2.0269e-08,1.7458e-08,1.3105e-08,2.8762e-08,-2.0888e-08,-6.5597e-09,-8.5566e-09,-2.4404e-08,-5.9993e-09
0,0.04,0.04,0.15708,0.05236,-8.7441e-09,-7.3097e-08,-3.9287e-08,-1.9255e-08,1.2805e-08,1.8651e-08,2.6977e-08,-2.2484e-08,-6.7828e-09,-9.0355e-09,-2.8539e-08,-5.4121e-09
0.04,0.04,0.04,0.15708,0.05236,-1.4138e-08,-6.64e-08,-3.4219e-08,-1.8536e-08,1.1185e-08,2.0286e-08,2.4566e-08,-2.1113e-08,-7.7052e-09,-7.9974e-09,-3.4727e-08,-4.8899e-09
0,0,0.08,0.15708,0.05236,-4.8632e-09,-7.7451e-08,-3.3376e-08,-8.0148e-09,2.1025e-08,1.8604e-08,2.582e-08,-2.099e-08,-1.4401e-08,-6.1362e-09,-2.9781e-08,-1.0035e-09
0,0,-0.08,0.05236,0.10472,-9.3281e-09,-4.3292e-08,-3.963e-08,-2.8511e-08,-5.2848e-09,2.6923e-08,4.5313e-08,-3.2548e-08,3.6957e-09,-2.5361e-08,-2.9402e-08,-1.495e-08
-0.04,-0.04,-0.04,0.05236,0.10472,-4.6287e-09,-4.8857e-08,-4.03e-08,-2.351e-08,6.5188e-10,2.3528e-08,4.8787e-08,-3.215e-08,-2.0429e-09,-1.912e-08,-2.7431e-08,-1.815e-08
0,-0.04,-0.04,0.05236,0.10472,-9.7798e-09,-4.6384e-08,-3.4664e-08,-2.2597e-08,2.7583e-09,3.1224e-08,3.9942e-08,-3.7162e-08,-2.1996e-09,-1.9251e-08,-3.1143e-08,-1.5541e-08
0.04,-0.04,-0.04,0.05236,0.10472,-1.6861e-08,-4.4536e-08,-2.9027e-08,-2.1083e-08,1.6783e-09,4.1869e-08,3.7474e-08,-3.7427e-08,-1.7491e-09,-2.1036e-08,-3.9081e-08,-1.3976e-08
-0.04,0,-0.04,0.05236,0.10472,-5.3924e-09,-5.0479e-08,-5.0728e-08,-2.8675e-08,8.3061e-11,1.842e-08,4.7019e-08,-2.9735e-08,7.8505e-10,-2.055e-08,-2.6744e-08,-1.3226e-08
0,0,-0.04,0.05236,0.10472,-1.061e-08,-4.9539e-08,-4.0035e-08,-2.6286e-08,1.9212e-09,2.6464e-08,4.0845e-08,-3.0889e-08,1.0136e-09,-2.1369e-08,-2.9844e-08,-1.2268e-08
0.04,0,-0.04,0.05236,0.10472,-1.5374e-08,-4.4783e-08,-3.2987e-08,-2.5667e-08,1.1891e-09,3.0637e-08,3.6157e-08,-3.1434e-08,1.7042e-09,-2.0143e-08,-3.7322e-08,-8.1731e-09
-0.04,0.04,-0.04,0.05236,0.10472,-5.6226e-09,-5.1847e-08,-5.4768e-08,-3.5334e-08,-5.2114e-11,1.4271e-08,4.1797e-08,-2.4363e-08,4.7268e-09,-2.1821e-08,-2.4777e-08,-1.0507e-08
0,0.04,-0.04,0.05236,0.10472,-9.2038e-09,-5.1741e-08,-4.6287e-08,-3.299e-08,-7.7635e-11,2.1926e-08,3.5117e-08,-2.5557e-08,6.2002e-09,-2.3815e-08,-2.8854e-08,-8.4859e-09
0.04,0.04,-0.04,0.05236,0.10472,-1.2866e-08,-4.6998e-08,-3.8036e-08,-3.2044e-08,1.0019e-09,2.9287e-08,3.1479e-08,-2.6989e-08,6.8319e-09,-2.4356e-08,-3.4523e-08,-5.9765e-09
0,-0.08,0,0.05236,0.10472,-1.069e-08,-5.1252e-08,-2.9039e-08,-1.5592e-08,6.4989e-09,3.2758e-08,3.3774e-08,-3.7442e-08,-6.8805e-09,-1.4043e-08,-3.3319e-08,-1.7677e-08
-0.04,-0.04,0,0.05236,0.10472,-4.6146e-09,-5.874e-08,-4.1105e-08,-2.0047e-08,7.0612e-09,2.1432e-08,3.8357e-08,-3.0788e-08,-4.1602e-09,-1.5343e-08,-2.7479e-08,-1.6372e-08
0,-0.04,0,0.05236,0.10472,-8.278e-09,-5.5084e-08,-3.3909e-08,-2.0114e-08,6.4096e-09,2.5368e-08,3.7105e-08,-3.3145e-08,-4.3347e-09,-1.644e-08,-3.446e-08,-1.1823e-08
0.04,-0.04,0,0.05236,0.10472,-1.5728e-08,-5.0855e-08,-2.7648e-08,-1.9096e-08,6.0912e-09,3.3726e-08,3.228e-08,-3.2204e-08,-3.6979e-09,-1.5048e-08,-4.0462e-08,-8.4354e-09
-0.08,0,0,0.05236,0.10472,-4.2911e-10,-6.3424e-08,-4.9522e-08,-2.6688e-08,8.3058e-09,1.1937e-08,4.1073e-08,-2.4526e-08,-1.5725e-09,-1.3495e-08,-2.3124e-08,-1.2303e-08
-0.04,0,0,0.05236,0.10472,-4.7039e-09,-5.7315e-08,-4.6395e-08,-2.5992e-08,5.0392e-09,1.8109e-08,3.6877e-08,-2.6188e-08,-1.5834e-09,-1.4176e-08,-2.6008e-08,-1.1132e-08
0,0,0,0.05236,0.10472,-8.8602e-09,-5.9403e-08,-4.1041e-08,-2.4031e-08,6.6727e-09,2.4493e-08,3.2993e-08,-2.6374e-08,-1.3712e-09,-1.5995e-08,-3.1718e-08,-7.4351e-09
0.04,0,0,0.05236,0.10472,-1.4089e-08,-5.3011e-08,-3.1772e-08,-2.2564e-08,5.7689e-09,3.311e-08,3.0396e-08,-2.7538e-08,-1.9378e-09,-1.637e-08,-3.88e-08,-5.7601e-09
0.08,0,0,0.05236,0.10472,-2.1569e-08,-5.2191e-08,-2.586e-08,-2.022e-08,5.9578e-09,4.0102e-08,2.7416e-08,-2.7146e-08,-2.5992e-10,-1.5258e-08,-4.5624e-08,-4.4439e-09
-0.04,0.04,0,0.05236,0.10472,-4.9881e-09,-6.5424e-08,-4.8466e-08,-3.0589e-08,7.0057e-09,1.4371e-08,3.4859e-08,-2.2435e-08,1.3887e-09,-1.682e-08,-2.4696e-08,-5.5795e-09
0,0.04,0,0.05236,0.10472,-9.774e-09,-6.1908e-08,-4.4114e-08,-2.9018e-08,6.8563e-09,2.0795e-08,3.2765e-08,-2.1764e-08,3.8961e-09,-1.8086e-08,-3.0116e-08,-5.2118e-09
0.04,0.04,0,0.05236,0.10472,-1.5328e-08,-5.316e-08,-3.408e-08,-2.8869e-08,6.1998e-09,2.7389e-08,2.903e-08,-2.35e-08,2.51e-09,-1.616e-08,-3.5593e-08,-3.2804e-09
0,0.08,0,0.05236,0.10472,-7.7478e-09,-6.0852e-08,-5.0035e-08,-3.7461e-08,7.1904e-09,1.824e-08,2.8757e-08,-2.0055e-08,5.966e-09,-1.9368e-08,-2.7984e-08,-3.4515e-09
-0.04,-0.04,0.04,0.05236,0.10472,4.9908e-12,-6.8968e-08,-3.6094e-08,-1.7208e-08,1.5281e-08,2.0969e-08,3.1363e-08,-2.6381e-08,-6.9298e-09,-1.1507e-08,-2.773e-08,-8.2376e-09
0,-0.04,0.04,0.05236,0.10472,-9.3427e-09,-6.6437e-08,-3.3245e-08,-1.7318e-08,1.1882e-08,2.5016e-08,2.9091e-08,-2.527e-08,-8.2925e-09,-1.0349e-08,-3.1499e-08,-6.0582e-09
0.04,-0.04,0.04,0.05236,0.10472,-1.3822e-08,-6.0929e-08,-2.6239e-08,-1.5725e-08,1.0505e-08,2.9924e-08,2.6023e-08,-2.6156e-08,-9.6717e-09,-1.0326e-08,-4.0517e-08,-3.4885e-09
-0.04,0,0.04,0.05236,0.10472,-3.1399e-09,-7.3772e-08,-4.0501e-08,-2.0924e-08,1.3246e-08,1.752e-08,3.198e-08,-2.277e-08,-3.9978e-09,-1.0878e-08,-2.5472e-08,-5.0058e-09
0,0,0.04,0.05236,0.10472,-6.8379e-09,-6.6451e-08,-3.3402e-08,-1.9437e-08,1.257e-08,2.0224e-08,2.8043e-08,-2.3866e-08,-3.5732e-09,-9.8224e-09,-3.0777e-08,-3.5084e-09
0.04,0,0.04,0.05236,0.10472,-1.3871e-08,-6.4325e-08,-2.8464e-08,-1.7874e-08,9.832e-09,2.5859e-08,2.6525e-08,-2.2836e-08,-5.5272e-09,-1.0666e-08,-3.652e-08,-1.4388e-09
-0.04,0.04,0.04,0.05236,0.10472,-2.8341e-09,-7.7349e-08,-4.2905e-08,-2.7467e-08,1.5943e-08,1.4582e-08,2.9792e-08,-1.9093e-08,-2.2796e-09,-1.0791e-08,-2.4726e-08,-1.4721e-09
0,0.04,0.04,0.05236,0.10472,-6.1929e-09,-7.2284e-08,-3.9223e-08,-2.3417e-08,1.3565e-08,1.8195e-08,2.6296e-08,-2.099e-08,-3.1008e-10,-1.1621e-08,-2.9925e-08,-5.7331e-10
0.04,0.04,0.04,0.05236,0.10472,-1.2606e-08,-6.705e-08,-3.2515e-08,-2.3155e-08,1.0072e-08,2.3135e-08,2.5536e-08,-1.9627e-08,5.5069e-10,-8.6075e-09,-3.6077e-08,7.9032e-10
0,0,0.08,0.05236,0.10472,-6.8897e-09,-8.1628e-08,-3.2715e-08,-1.5966e-08,1.8622e-08,2.0898e-08,2.4934e-08,-1.8859e-08,-1.0473e-08,-6.7541e-09,-2.8903e-08,3.3042e-09
0,0,-0.08,0.10472,0.10472,-1.1092e-08,-4.0846e-08,-4.2707e-08,-2.566e-08,-3.3859e-09,2.3927e-08,4.4115e-08,-3.3285e-08,2.3384e-09,-2.5139e-08,-2.6116e-08,-1.6954e-08
-0.04,-0.04,-0.04,0.10472,0.10472,-5.7676e-09,-4.803e-08,-4.5221e-08,-2.0732e-08,2.1409e-09,1.9208e-08,4.6509e-08,-3.4003e-08,-3.0083e-09,-1.6601e-08,-2.6493e-08,-2.4279e-08
0,-0.04,-0.04,0.10472,0.10472,-1.0325e-08,-4.3581e-08,-3.4495e-08,-1.984e-08,3.1368e-09,2.9077e-08,4.2879e-08,-3.6455e-08,-2.7535e-09,-1.7918e-08,-3.2177e-08,-1.8549e-08
0.04,-0.04,-0.04,0.10472,0.10472,-1.7387e-08,-4.2313e-08,-2.8544e-08,-1.9229e-08,3.1914e-09,4.0755e-08,3.684e-08,-3.8677e-08,-3.1777e-09,-1.93e-08,-3.7178e-08,-1.3955e-08
-0.04,0,-0.04,0.10472,0.10472,-6.8305e-09,-4.9522e-08,-5.1826e-08,-2.5503e-08,1.9563e-09,1.6599e-08,4.117e-08,-3.021e-08,-8.0246e-10,-1.7754e-08,-2.4221e-08,-1.7199e-08
0,0,-0.04,0.10472,0.10472,-1.0781e-08,-4.8113e-08,-4.0782e-08,-2.5283e-08,3.333e-09,2.4781e-08,3.8601e-08,-2.9972e-08,-3.0622e-10,-2.0807e-08,-3.1266e-08,-1.4253e-08
0.04,0,-0.04,0.10472,0.10472,-1.6765e-08,-4.6876e-08,-3.4814e-08,-2.4092e-08,1.7245e-09,3.2345e-08,3.3629e-08,-3.1755e-08,-1.3529e-11,-2.2846e-08,-3.7381e-08,-1.1222e-08
-0.04,0.04,-0.04,0.10472,0.10472,-6.5618e-09,-5.0511e-08,-5.7747e-08,-3.0717e-08,3.8899e-10,1.445e-08,4.1906e-08,-2.4472e-08,1.9814e-09,-2.1314e-08,-2.4495e-08,-1.1973e-08
0,0.04,-0.04,0.10472,0.10472,-9.285e-09,-4.9428e-08,-4.7676e-08,-3.3052e-08,1.4367e-09,1.9175e-08,3.8321e-08,-2.5241e-08,3.5667e-09,-2.4152e-08,-2.9287e-08,-1.0253e-08
0.04,0.04,-0.04,0.10472,0.10472,-1.3316e-08,-4.6202e-08,-3.6313e-08,-3.0728e-08,2.6533e-09,2.7397e-08,3.311e-08,-2.6925e-08,3.3367e-09,-2.5178e-08,-3.3659e-08,-8.6629e-09
0,-0.08,0,0.10472,0.10472,-1.0348e-08,-5.0211e-08,-2.892e-08,-1.3487e-08,7.6393e-09,2.9065e-08,3.7872e-08,-4.1318e-08,-7.758e-09,-1.3632e-08,-3.4198e-08,-1.8612e-08
-0.04,-0.04,0,0.10472,0.10472,-4.7457e-09,-5.5563e-08,-3.9542e-08,-1.6592e-08,9.1649e-09,1.8951e-08,4.0683e-08,-3.0165e-08,-5.2632e-09,-1.4573e-08,-2.7412e-08,-1.7109e-08
0,-0.04,0,0.10472,0.10472,-1.0181e-08,-5.5572e-08,-3.5354e-08,-1.7679e-08,6.9031e-09,2.5668e-08,3.6274e-08,-3.3898e-08,-5.5823e-09,-1.4664e-08,-3.0432e-08,-1.4163e-08
0.04,-0.04,0,0.10472,0.10472,-1.5024e-08,-5.2811e-08,-2.9767e-08,-1.6887e-08,6.3693e-09,3.349e-08,3.306e-08,-3.5041e-08,-6.5628e-09,-1.4882e-08,-3.907e-08,-1.017e-08
-0.08,0,0,0.10472,0.10472,-2.5677e-10,-6.3949e-08,-5.0809e-08,-2.2707e-08,1.0101e-08,1.3134e-08,4.2711e-08,-2.5355e-08,-2.8193e-09,-1.4208e-08,-2.1684e-08,-1.627e-08
-0.04,0,0,0.10472,0.10472,-4.1821e-09,-6.0242e-08,-4.8125e-08,-2.1463e-08,9.2024e-09,1.6374e-08,3.9855e-08,-2.6254e-08,-2.2001e-09,-1.3793e-08,-2.6711e-08,-1.1593e-08
0,0,0,0.10472,0.10472,-1.0103e-08,-5.6157e-08,-3.8662e-08,-2.3855e-08,7.0623e-09,2.3441e-08,3.3309e-08,-2.7135e-08,-2.367e-09,-1.4091e-08,-3.1353e-08,-1.1507e-08
0.04,0,0,0.10472,0.10472,-1.4283e-08,-5.1655e-08,-3.2141e-08,-1.8047e-08,7.2693e-09,2.8665e-08,3.0296e-08,-2.8673e-08,-3.3541e-09,-1.4817e-08,-3.8813e-08,-8.8331e-09
0.08,0,0,0.10472,0.10472,-2.3065e-08,-5.0514e-08,-2.5379e-08,-2.0334e-08,6.7077e-09,3.7931e-08,2.7717e-08,-2.8967e-08,-4.8753e-09,-1.412e-08,-4.5015e-08,-4.5588e-09
-0.04,0.04,0,0.10472,0.10472,-3.5777e-09,-6.1895e-08,-5.4842e-08,-2.8526e-08,8.2252e-09,1.3551e-08,3.6446e-08,-2.1933e-08,-5.4927e-10,-1.5687e-08,-2.4716e-08,-8.6383e-09
0,0.04,0,0.10472,0.10472,-9.2804e-09,-6.1418e-08,-4.9783e-08,-2.786e-08,6.4965e-09,1.8141e-08,3.0532e-08,-2.3355e-08,6.3761e-10,-1.6593e-08,-2.8139e-08,-5.7563e-09
0.04,0.04,0,0.10472,0.10472,-1.2641e-08,-5.6642e-08,-3.5692e-08,-2.6139e-08,6.9909e-09,2.48e-08,2.795e-08,-2.401e-08,1.3333e-09,-1.6413e-08,-3.4165e-08,-4.3765e-09
0,0.08,0,0.10472,0.10472,-8.1634e-09,-6.1296e-08,-4.7918e-08,-3.2818e-08,6.1442e-09,1.5051e-08,2.9007e-08,-2.0545e-08,4.9908e-09,-1.5362e-08,-2.7817e-08,-4.8788e-09
-0.04,-0.04,0.04,0.10472,0.10472,3.5726e-11,-6.5658e-08,-3.6904e-08,-1.3846e-08,1.4947e-08,1.7805e-08,3.1028e-08,-2.7427e-08,-9.245e-09,-1.0432e-08,-2.7069e-08,-1.0358e-08
0,-0.04,0.04,0.10472,0.10472,-8.6813e-09,-6.12e-08,-3.023e-08,-1.5552e-08,1.1966e-08,2.2999e-08,2.9452e-08,-2.9408e-08,-9.1092e-09,-9.0654e-09,-3.182e-08,-9.7321e-09
0.04,-0.04,0.04,0.10472,0.10472,-1.734e-08,-5.9483e-08,-2.7722e-08,-1.328e-08,1.1316e-08,2.8413e-08,2.8908e-08,-2.9291e-08,-9.9639e-09,-8.5767e-09,-3.7794e-08,-4.4665e-09
-0.04,0,0.04,0.10472,0.10472,-1.8112e-09,-7.4026e-08,-4.0199e-08,-1.9096e-08,1.7691e-08,1.7553e-08,3.2557e-08,-2.4031e-08,-6.272e-09,-1.0952e-08,-2.5009e-08,-7.17e-09
0,0,0.04,0.10472,0.10472,-8.647e-09,-6.8658e-08,-3.6438e-08,-1.709e-08,1.4537e-08,2.0274e-08,2.9554e-08,-2.4826e-08,-7.067e-09,-1.0218e-08,-3.1427e-08,-6.1254e-09
0.04,0,0.04,0.10472,0.10472,-1.5542e-08,-6.5213e-08,-3.032e-08,-1.7098e-08,1.1703e-08,2.6256e-08,2.6372e-08,-2.3982e-08,-7.9162e-09,-9.7642e-09,-3.6163e-08,-1.8907e-09
-0.04,0.04,0.04,0.10472,0.10472,-3.8425e-09,-8.0784e-08,-4.6253e-08,-2.343e-08,1.7809e-08,1.4095e-08,3.0058e-08,-2.0199e-08,-3.4372e-09,-9.0438e-09,-2.4742e-08,-4.2414e-09
0,0.04,0.04,0.10472,0.10472,-9.8014e-09,-7.2447e-08,-3.9007e-08,-1.9832e-08,1.3863e-08,1.7328e-08,2.8046e-08,-2.1931e-08,-4.3132e-09,-1.0991e-08,-2.9422e-08,-2.7071e-09
0.04,0.04,0.04,0.10472,0.10472,-1.361e-08,-6.2368e-08,-3.2002e-08,-2.0059e-08,1.1701e-08,2.2049e-08,2.453e-08,-2.1846e-08,-2.4741e-09,-7.8161e-09,-3.4793e-08,-1.0825e-09
0,0,0.08,0.10472,0.10472,-6.5811e-09,-8.5158e-08,-3.2707e-08,-1.0298e-08,1.905e-08,1.9292e-08,2.3285e-08,-1.9502e-08,-1.1191e-08,-5.2659e-09,-3.024e-08,-6.1248e-10
0,0,-0.08,0.15708,0.10472,-9.8293e-09,-4.2097e-08,-4.5352e-08,-2.4439e-08,-1.6185e-09,2.391e-08,4.4835e-08,-3.4823e-08,8.153e-10,-2.3364e-08,-2.7502e-08,-1.8075e-08
-0.04,-0.04,-0.04,0.15708,0.10472,-5.3318e-09,-4.6182e-08,-4.503e-08,-1.9504e-08,2.3005e-09,1.9819e-08,4.9075e-08,-3.5045e-08,-3.6087e-09,-1.5948e-08,-2.5883e-08,-2.4654e-08
0,-0.04,-0.04,0.15708,0.10472,-1.0255e-08,-4.3586e-08,-3.746e-08,-1.8083e-08,3.587e-09,2.5447e-08,4.3737e-08,-3.8547e-08,-4.0677e-09,-1.7234e-08,-3.1451e-08,-2.0005e-08
0.04,-0.04,-0.04,0.15708,0.10472,-1.5684e-08,-4.1199e-08,-3.3161e-08,-1.7617e-08,4.3653e-09,3.7181e-08,3.8464e-08,-4.017e-08,-4.8449e-09,-1.7844e-08,-3.669e-08,-1.6485e-08
-0.04,0,-0.04,0.15708,0.10472,-5.4464e-09,-5.0151e-08,-5.5986e-08,-2.3544e-08,3.1307e-09,1.4534e-08,4.5459e-08,-2.9917e-08,-1.1012e-09,-1.715e-08,-2.3284e-08,-2.0062e-08
0,0,-0.04,0.15708,0.10472,-9.8523e-09,-4.9272e-08,-4.3059e-08,-2.2238e-08,3.2372e-09,2.3683e-08,4.3015e-08,-3.1344e-08,-1.5628e-09,-1.9769e-08,-3.0825e-08,-1.6523e-08
0.04,0,-0.04,0.15708,0.10472,-1.6786e-08,-4.3868e-08,-3.5533e-08,-2.1184e-08,3.8231e-09,3.0293e-08,3.4771e-08,-3.1399e-08,-2.2404e-09,-2.0703e-08,-3.55e-08,-1.2252e-08
-0.04,0.04,-0.04,0.15708,0.10472,-6.9275e-09,-5.2994e-08,-5.9737e-08,-2.7244e-08,1.7377e-09,1.1538e-08,4.1994e-08,-2.556e-08,1.4893e-09,-1.978e-08,-2.3662e-08,-1.5264e-08
0,0.04,-0.04,0.15708,0.10472,-9.131e-09,-5.0346e-08,-4.7258e-08,-2.8733e-08,1.7666e-09,1.6894e-08,3.658e-08,-2.6415e-08,1.6315e-09,-1.9305e-08,-2.9006e-08,-1.2614e-08
0.04,0.04,-0.04,0.15708,0.10472,-1.2969e-08,-4.5848e-08,-3.8113e-08,-2.8515e-08,2.6814e-09,2.6983e-08,3.3426e-08,-2.7558e-08,1.6856e-09,-2.0219e-08,-3.2971e-08,-1.0446e-08
0,-0.08,0,0.15708,0.10472,-8.5159e-09,-4.668e-08,-3.0451e-08,-1.187e-08,8.5322e-09,2.9385e-08,3.8496e-08,-4.2919e-08,-9.9916e-09,-1.1455e-08,-3.3399e-08,-1.9705e-08
-0.04,-0.04,0,0.15708,0.10472,-2.5875e-09,-5.4075e-08,-4.2201e-08,-1.6217e-08,8.7864e-09,1.7437e-08,4.1443e-08,-3.1879e-08,-7.7116e-09,-1.2587e-08,-2.5903e-08,-2.0285e-08
0,-0.04,0,0.15708,0.10472,-9.8512e-09,-5.3984e-08,-3.7466e-08,-1.4739e-08,8.4027e-09,2.4091e-08,3.7972e-08,-3.4833e-08,-7.605e-09,-1.2645e-08,-3.0867e-08,-1.6635e-08
0.04,-0.04,0,0.15708,0.10472,-1.6233e-08,-5.0029e-08,-2.9161e-08,-1.3789e-08,8.2651e-09,3.1809e-08,3.2426e-08,-3.6939e-08,-9.3421e-09,-1.3327e-08,-3.9588e-08,-1.2031e-08
-0.08,0,0,0.15708,0.10472,-3.544e-10,-6.1663e-08,-5.4537e-08,-2.1493e-08,1.2701e-08,8.2588e-09,4.2047e-08,-2.7242e-08,-4.2783e-09,-1.286e-08,-2.2591e-08,-1.9823e-08
-0.04,0,0,0.15708,0.10472,-4.1668e-09,-5.5777e-08,-4.8093e-08,-1.8793e-08,9.9934e-09,1.4483e-08,3.8664e-08,-2.6673e-08,-4.7251e-09,-1.5457e-08,-2.5633e-08,-1.4759e-08
0,0,0,0.15708,0.10472,-9.7282e-09,-5.5124e-08,-4.2447e-08,-1.7863e-08,8.772e-09,2.4017e-08,3.5027e-08,-2.82e-08,-5.1079e-09,-1.4034e-08,-2.9963e-08,-1.2196e-08
0.04,0,0,0.15708,0.10472,-1.7152e-08,-5.2382e-08,-3.3617e-08,-1.782e-08,7.8723e-09,2.7239e-08,2.9545e-08,-2.9548e-08,-4.9814e-09,-1.3246e-08,-3.8645e-08,-8.2123e-09
0.08,0,0,0.15708,0.10472,-2.379e-08,-4.7347e-08,-2.682e-08,-1.6525e-08,7.3884e-09,3.4151e-08,2.7761e-08,-2.9925e-08,-7.8332e-09,-1.2815e-08,-4.5136e-08,-6.7585e-09
-0.04,0.04,0,0.15708,0.10472,-5.3075e-09,-5.8071e-08,-5.3196e-08,-2.4789e-08,9.2422e-09,1.3572e-08,3.448e-08,-2.3768e-08,-2.0682e-09,-1.4827e-08,-2.3161e-08,-1.0999e-08
0,0.04,0,0.15708,0.10472,-1.0441e-08,-5.9377e-08,-4.5418e-08,-2.3784e-08,8.8644e-09,1.9779e-08,3.1498e-08,-2.4228e-08,-1.9452e-09,-1.2997e-08,-2.9031e-08,-9.4691e-09
0.04,0.04,0,0.15708,0.10472,-1.4706e-08,-5.5309e-08,-3.5731e-08,-2.1407e-08,7.9105e-09,2.4605e-08,2.9464e-08,-2.629e-08,1.0009e-10,-1.3402e-08,-3.5792e-08,-5.5958e-09
0,0.08,0,0.15708,0.10472,-9.3345e-09,-6.2169e-08,-4.6525e-08,-3.1629e-08,6.7588e-09,1.4713e-08,2.9791e-08,-2.1061e-08,2.1988e-09,-1.4172e-08,-2.8527e-08,-5.3958e-09
-0.04,-0.04,0.04,0.15708,0.10472,5.0208e-10,-6.5574e-08,-3.7986e-08,-1.1213e-08,1.7953e-08,1.7835e-08,3.2753e-08,-2.813e-08,-1.0096e-08,-9.3779e-09,-2.7946e-08,-1.4139e-08
0,-0.04,0.04,0.15708,0.10472,-8.3367e-09,-6.3046e-08,-3.3235e-08,-1.1788e-08,1.3649e-08,2.2828e-08,3.0761e-08,-3.0391e-08,-1.155e-08,-9.2022e-09,-3.2179e-08,-1.2214e-08
0.04,-0.04,0.04,0.15708,0.10472,-1.8075e-08,-5.7356e-08,-2.8821e-08,-1.1682e-08,1.2142e-08,2.9437e-08,2.7788e-08,-2.9237e-08,-1.1837e-08,-6.588e-09,-3.7733e-08,-7.0031e-09
-0.04,0,0.04,0.15708,0.10472,-3.9805e-09,-7.2479e-08,-4.2769e-08,-1.4761e-08,1.6928e-08,1.5755e-08,3.1108e-08,-2.5351e-08,-8.2912e-09,-1.0148e-08,-2.4742e-08,-1.0171e-08
0,0,0.04,0.15708,0.10472,-8.2509e-09,-6.7039e-08,-3.7785e-08,-1.4475e-08,1.3499e-08,2.0685e-08,2.7935e-08,-2.4633e-08,-8.6951e-09,-9.5389e-09,-2.9465e-08,-8.9362e-09
0.04,0,0.04,0.15708,0.10472,-1.7162e-08,-6.0593e-08,-2.9869e-08,-1.3378e-08,1.2367e-08,2.314e-08,2.5475e-08,-2.5979e-08,-1.0083e-08,-7.3507e-09,-3.6919e-08,-5.0702e-09
-0.04,0.04,0.04,0.15708,0.10472,-2.5445e-09,-7.5842e-08,-4.8254e-08,-1.9634e-08,1.7971e-08,1.2102e-08,3.0492e-08,-2.1039e-08,-4.7462e-09,-1.0025e-08,-2.4033e-08,-6.937e-09
0,0.04,0.04,0.15708,0.10472,-8.8252e-09,-7.1438e-08,-3.8835e-08,-1.7936e-08,1.6196e-08,1.7148e-08,2.5942e-08,-2.1366e-08,-4.8702e-09,-7.3501e-09,-3.0405e-08,-4.9673e-09
0.04,0.04,0.04,0.15708,0.10472,-1.3777e-08,-6.3801e-08,-3.2575e-08,-1.6475e-08,1.2109e-08,2.0938e-08,2.5725e-08,-2.322e-08,-7.1056e-09,-5.8936e-09,-3.3374e-08,-2.8977e-09
0,0,0.08,0.15708,0.10472,-8.1571e-09,-8.1384e-08,-3.2753e-08,-7.148e-09,2.0506e-08,1.8185e-08,2.3698e-08,-2.1948e-08,-1.1678e-08,-3.5868e-09,-3.006e-08,-1.3618e-09
0,0,-0.08,0.05236,0.15708,-1.0761e-08,-4.1724e-08,-4.2177e-08,-2.9194e-08,-3.7088e-09,2.8576e-08,4.5631e-08,-3.1398e-08,3.7525e-09,-2.5263e-08,-2.9534e-08,-1.4789e-08
-0.04,-0.04,-0.04,0.05236,0.15708,-6.1395e-09,-4.887e-08,-4.3335e-08,-2.3582e-08,2.815e-09,2.1805e-08,4.8758e-08,-3.2498e-08,-1.8031e-09,-1.8501e-08,-2.6454e-08,-1.9471e-08
0,-0.04,-0.04,0.05236,0.15708,-1.0624e-08,-4.7693e-08,-3.5442e-08,-2.1507e-08,2.2237e-09,3.2262e-08,4.2238e-08,-3.415e-08,-1.7057e-09,-2.0505e-08,-3.3219e-08,-1.7079e-08
0.04,-0.04,-0.04,0.05236,0.15708,-1.7286e-08,-4.4684e-08,-2.968e-08,-2.0837e-08,2.0369e-09,3.7159e-08,3.7903e-08,-3.9981e-08,-1.1874e-09,-1.8621e-08,-3.7572e-08,-1.2876e-08
-0.04,0,-0.04,0.05236,0.15708,-4.7333e-09,-5.0634e-08,-4.7512e-08,-2.9877e-08,-1.3241e-09,2.0305e-08,4.5391e-08,-2.9925e-08,9.0687e-10,-2.0756e-08,-2.6231e-08,-1.391e-08
0,0,-0.04,0.05236,0.15708,-9.3739e-09,-4.9982e-08,-3.9199e-08,-2.6385e-08,3.9077e-10,2.4597e-08,3.9575e-08,-3.0086e-08,1.2921e-09,-2.2301e-08,-3.0195e-08,-1.086e-08
0.04,0,-0.04,0.05236,0.15708,-1.5712e-08,-4.5766e-08,-3.1702e-08,-2.5956e-08,2.6847e-09,3.3799e-08,3.6654e-08,-3.009e-08,2.3738e-09,-2.1944e-08,-3.8674e-08,-9.3158e-09
-0.04,0.04,-0.04,0.05236,0.15708,-5.0351e-09,-5.2655e-08,-5.7252e-08,-3.7361e-08,-2.3786e-10,1.7507e-08,4.2096e-08,-2.4529e-08,4.1943e-09,-2.3654e-08,-2.4961e-08,-9.5789e-09
0,0.04,-0.04,0.05236,0.15708,-9.2261e-09,-5.146e-08,-4.6236e-08,-3.3335e-08,1.726e-09,2.1501e-08,3.7284e-08,-2.4536e-08,5.8035e-09,-2.2349e-08,-2.8011e-08,-9.0509e-09
0.04,0.04,-0.04,0.05236,0.15708,-1.4849e-08,-4.6452e-08,-3.6473e-08,-3.0627e-08,2.0889e-09,2.7141e-08,3.1863e-08,-2.5868e-08,5.5879e-09,-2.425e-08,-3.6186e-08,-6.75e-09
0,-0.08,0,0.05236,0.15708,-9.6454e-09,-4.9014e-08,-2.8497e-08,-1.5165e-08,6.3171e-09,3.2922e-08,3.5469e-08,-3.6991e-08,-7.3658e-09,-1.4237e-08,-3.4618e-08,-1.5498e-08
-0.04,-0.04,0,0.05236,0.15708,-5.6221e-09,-5.8152e-08,-3.7618e-08,-2.0075e-08,7.4233e-09,1.9434e-08,3.9421e-08,-3.2226e-08,-3.5913e-09,-1.4368e-08,-2.7587e-08,-1.5152e-08
0,-0.04,0,0.05236,0.15708,-1.0301e-08,-5.2432e-08,-3.334e-08,-1.8324e-08,6.9658e-09,2.7238e-08,3.7234e-08,-3.2379e-08,-2.934e-09,-1.4994e-08,-3.2865e-08,-1.2959e-08
0.04,-0.04,0,0.05236,0.15708,-1.5114e-08,-4.992e-08,-2.7883e-08,-1.8338e-08,5.8489e-09,3.1658e-08,3.11e-08,-3.1932e-08,-5.3694e-09,-1.4693e-08,-4.0885e-08,-8.4599e-09
-0.08,0,0,0.05236,0.15708,1.392e-10,-6.067e-08,-5.1643e-08,-2.4454e-08,1.0509e-08,1.2549e-08,4.3247e-08,-2.4731e-08,-1.4226e-09,-1.4551e-08,-2.1737e-08,-1.3966e-08
-0.04,0,0,0.05236,0.15708,-4.1855e-09,-6.2234e-08,-4.5252e-08,-2.3993e-08,7.8627e-09,1.767e-08,3.91e-08,-2.5896e-08,-1.4608e-09,-1.5966e-08,-2.5663e-08,-1.1754e-08
0,0,0,0.05236,0.15708,-1.0151e-08,-5.6593e-08,-3.8723e-08,-2.5349e-08,7.0523e-09,2.3214e-08,3.3597e-08,-2.6661e-08,-1.7684e-09,-1.6079e-08,-3.0671e-08,-8.311e-09
0.04,0,0,0.05236,0.15708,-1.3925e-08,-5.3049e-08,-3.2811e-08,-2.369e-08,6.946e-09,2.9749e-08,3.1733e-08,-2.6656e-08,-1.772e-09,-1.6373e-08,-3.8728e-08,-7.1584e-09
0.08,0,0,0.05236,0.15708,-2.4196e-08,-5.067e-08,-2.5641e-08,-2.0994e-08,4.9669e-09,3.6068e-08,2.6027e-08,-2.9974e-08,-1.3431e-09,-1.5285e-08,-4.6325e-08,-4.3403e-09
-0.04,0.04,0,0.05236,0.15708,-3.7318e-09,-6.2631e-08,-5.1898e-08,-3.089e-08,4.9881e-09,1.4399e-08,3.3705e-08,-2.1524e-08,2.8972e-09,-1.8143e-08,-2.5081e-08,-7.3563e-09
0,0.04,0,0.05236,0.15708,-8.5685e-09,-5.8722e-08,-4.176e-08,-2.8508e-08,5.8035e-09,2.1188e-08,3.1663e-08,-2.2302e-08,1.5526e-09,-1.8249e-08,-2.8768e-08,-4.898e-09
0.04,0.04,0,0.05236,0.15708,-1.2798e-08,-5.6286e-08,-3.6935e-08,-2.7685e-08,5.9186e-09,2.9317e-08,2.9334e-08,-2.3447e-08,3.2993e-09,-1.861e-08,-3.6644e-08,-2.944e-09
0,0.08,0,0.05236,0.15708,-7.5534e-09,-6.0543e-08,-4.6424e-08,-3.589e-08,7.0796e-09,1.7445e-08,2.8116e-08,-1.9174e-08,8.0091e-09,-1.6642e-08,-2.8392e-08,-2.3982e-09
-0.04,-0.04,0.04,0.05236,0.15708,-2.3026e-09,-7.0331e-08,-3.5936e-08,-1.5922e-08,1.3378e-08,1.9012e-08,3.2707e-08,-2.5355e-08,-7.0157e-09,-1.0534e-08,-2.6929e-08,-9.4904e-09
0,-0.04,0.04,0.05236,0.15708,-7.684e-09,-6.137e-08,-3.3062e-08,-1.5271e-08,1.3139e-08,2.3489e-08,2.8827e-08,-2.8666e-08,-8.4941e-09,-1.2094e-08,-3.2485e-08,-8.0653e-09
0.04,-0.04,0.04,0.05236,0.15708,-1.6423e-08,-5.8853e-08,-2.8587e-08,-1.5165e-08,1.2118e-08,3.0988e-08,2.6517e-08,-2.4598e-08,-8.7854e-09,-1.0168e-08,-3.7465e-08,-1.7635e-09
-0.04,0,0.04,0.05236,0.15708,-1.5533e-09,-7.5883e-08,-4.0688e-08,-2.2621e-08,1.5242e-08,1.7882e-08,3.1047e-08,-2.2152e-08,-5.0282e-09,-1.1955e-08,-2.5974e-08,-3.9593e-09
0,0,0.04,0.05236,0.15708,-6.8371e-09,-7.0372e-08,-3.2642e-08,-1.9997e-08,1.1846e-08,2.146e-08,2.8704e-08,-2.2364e-08,-5.1342e-09,-1.0479e-08,-3.1575e-08,-2.4312e-09
0.04,0,0.04,0.05236,0.15708,-1.3956e-08,-6.7666e-08,-3.0456e-08,-1.88e-08,1.1303e-08,2.5568e-08,2.5777e-08,-2.3736e-08,-4.8555e-09,-9.8877e-09,-3.8392e-08,-1.9491e-09
-0.04,0.04,0.04,0.05236,0.15708,-3.1723e-09,-7.8524e-08,-4.3723e-08,-2.6326e-08,1.5738e-08,1.3372e-08,2.9102e-08,-1.9675e-08,-6.6608e-10,-1.1086e-08,-2.3938e-08,-1.6136e-09
0,0.04,0.04,0.05236,0.15708,-8.1264e-09,-7.6305e-08,-3.831e-08,-2.5682e-08,1.2085e-08,2.0099e-08,2.6614e-08,-2.0308e-08,-7.5636e-10,-1.1446e-08,-2.8876e-08,-5.1741e-10
0.04,0.04,0.04,0.05236,0.15708,-1.2825e-08,-6.6171e-08,-3.3057e-08,-2.3056e-08,1.1361e-08,2.3941e-08,2.5e-08,-2.0707e-08,-1.9168e-09,-9.0053e-09,-3.4088e-08,5.8639e-10
0,0,0.08,0.05236,0.15708,-4.5376e-09,-8.3755e-08,-3.2855e-08,-1.5742e-08,1.9296e-08,1.8986e-08,2.3234e-08,-1.8496e-08,-8.8916e-09,-6.1482e-09,-2.7563e-08,1.8117e-09
0,0,-0.08,0.10472,0.15708,-9.8227e-09,-4.017e-08,-4.486e-08,-2.8127e-08,-3.0245e-09,2.7803e-08,4.6718e-08,-3.2218e-08,1.687e-09,-2.4719e-08,-2.7786e-08,-1.7318e-08
-0.04,-0.04,-0.04,0.10472,0.15708,-4.2726e-09,-4.6148e-08,-4.3769e-08,-2.0722e-08,3.0184e-09,2.5132e-08,4.8016e-08,-3.4426e-08,-1.7719e-09,-1.8647e-08,-2.5789e-08,-2.2309e-08
0,-0.04,-0.04,0.10472,0.15708,-9.4864e-09,-4.6199e-08,-3.8111e-08,-2.0544e-08,2.6985e-09,3.1071e-08,4.3557e-08,-3.5464e-08,-3.3745e-09,-1.9091e-08,-2.9782e-08,-1.7931e-08
0.04,-0.04,-0.04,0.10472,0.15708,-1.7279e-08,-4.2837e-08,-2.9325e-08,-1.8517e-08,2.3329e-09,3.7221e-08,3.8838e-08,-3.7686e-08,-3.7875e-09,-1.9699e-08,-3.7056e-08,-1.2584e-08
-0.04,0,-0.04,0.10472,0.15708,-5.9435e-09,-5.4034e-08,-5.3067e-08,-2.6083e-08,2.9112e-09,1.6524e-08,4.6405e-08,-2.961e-08,-1.0348e-09,-1.885e-08,-2.5675e-08,-1.6976e-08
0,0,-0.04,0.10472,0.15708,-9.151e-09,-4.6788e-08,-4.0725e-08,-2.4983e-08,1.6465e-09,2.4976e-08,3.8648e-08,-2.9801e-08,3.8617e-11,-2.047e-08,-2.9521e-08,-1.3228e-08
0.04,0,-0.04,0.10472,0.15708,-1.5177e-08,-4.5985e-08,-3.4039e-08,-2.2851e-08,3.2129e-09,3.208e-08,3.5708e-08,-3.0592e-08,-5.2824e-10,-2.2096e-08,-3.8755e-08,-1.0105e-08
-0.04,0.04,-0.04,0.10472,0.15708,-6.9309e-09,-5.2164e-08,-5.7552e-08,-3.0864e-08,1.2027e-09,1.2938e-08,4.099e-08,-2.3731e-08,3.3326e-09,-2.0873e-08,-2.5258e-08,-1.242e-08
0,0.04,-0.04,0.10472,0.15708,-1.0142e-08,-5.1037e-08,-5.027e-08,-3.0134e-08,1.7245e-09,1.9399e-08,3.7266e-08,-2.4919e-08,2.6606e-09,-2.1983e-08,-2.8323e-08,-1.0317e-08
0.04,0.04,-0.04,0.10472,0.15708,-1.4263e-08,-4.7801e-08,-3.805e-08,-2.6312e-08,1.7311e-09,2.3679e-08,3.2379e-08,-2.6407e-08,4.3202e-09,-2.4751e-08,-3.444e-08,-8.7036e-09
0,-0.08,0,0.10472,0.15708,-9.1182e-09,-5.1531e-08,-3.0417e-08,-1.3457e-08,9.5043e-09,2.855e-08,3.6752e-08,-3.8962e-08,-7.9802e-09,-1.2548e-08,-3.3232e-08,-1.7992e-08
-0.04,-0.04,0,0.10472,0.15708,-4.5441e-09,-5.6553e-08,-4.056e-08,-1.8586e-08,8.7451e-09,2.1602e-08,3.8552e-08,-3.0918e-08,-4.4217e-09,-1.3327e-08,-2.6631e-08,-1.7605e-08
0,-0.04,0,0.10472,0.15708,-9.5145e-09,-5.1762e-08,-3.3632e-08,-1.8403e-08,9.5873e-09,2.9046e-08,3.7619e-08,-3.3383e-08,-5.9174e-09,-1.4417e-08,-3.101e-08,-1.4207e-08
0.04,-0.04,0,0.10472,0.15708,-1.686e-08,-4.9206e-08,-3.1928e-08,-1.6738e-08,7.2885e-09,3.1307e-08,3.2697e-08,-3.3179e-08,-5.8444e-09,-1.4789e-08,-3.8711e-08,-9.9118e-09
-0.08,0,0,0.10472,0.15708,-3.0214e-10,-6.4725e-08,-5.542e-08,-2.3036e-08,8.8587e-09,1.1412e-08,4.3907e-08,-2.5676e-08,-1.7254e-09,-1.4661e-08,-2.1245e-08,-1.6247e-08
-0.04,0,0,0.10472,0.15708,-4.4477e-09,-5.7867e-08,-4.3099e-08,-2.1489e-08,9.722e-09,1.8072e-08,3.8402e-08,-2.6144e-08,-3.2695e-09,-1.4068e-08,-2.5953e-08,-1.3305e-08
0,0,0,0.10472,0.15708,-7.7444e-09,-5.7633e-08,-3.8581e-08,-1.9682e-08,8.2981e-09,2.1183e-08,3.4512e-08,-2.6059e-08,-2.9245e-09,-1.6185e-08,-3.1498e-08,-9.8161e-09
0.04,0,0,0.10472,0.15708,-1.489e-08,-5.1665e-08,-3.3959e-08,-1.9999e-08,7.4598e-09,2.8846e-08,3.1423e-08,-2.9151e-08,-2.3177e-09,-1.398e-08,-3.5947e-08,-6.1289e-09
0.08,0,0,0.10472,0.15708,-2.5094e-08,-4.6212e-08,-2.5942e-08,-1.8509e-08,6.4478e-09,3.5111e-08,2.7643e-08,-2.8699e-08,-2.518e-09,-1.7825e-08,-4.548e-08,-4.9057e-09
-0.04,0.04,0,0.10472,0.15708,-4.0191e-09,-6.4268e-08,-5.4324e-08,-3.0512e-08,9.758e-09,1.5576e-08,3.679e-08,-2.1972e-08,-4.9806e-10,-1.5002e-08,-2.5079e-08,-8.1026e-09
0,0.04,0,0.10472,0.15708,-9.486e-09,-6.0545e-08,-4.4671e-08,-2.6901e-08,8.7708e-09,1.9189e-08,3.1048e-08,-2.3108e-08,1.158e-09,-1.5736e-08,-2.8626e-08,-6.6407e-09
0.04,0.04,0,0.10472,0.15708,-1.3853e-08,-5.3455e-08,-3.4521e-08,-2.5126e-08,5.7617e-09,2.3442e-08,2.7929e-08,-2.4145e-08,1.6153e-09,-1.5176e-08,-3.4604e-08,-4.2628e-09
0,0.08,0,0.10472,0.15708,-8.2985e-09,-5.8744e-08,-4.816e-08,-3.4026e-08,7.0725e-09,1.5394e-08,2.9929e-08,-1.9166e-08,6.1153e-09,-1.5322e-08,-2.8201e-08,-3.8073e-09
-0.04,-0.04,0.04,0.10472,0.15708,-2.4034e-09,-6.6738e-08,-3.7095e-08,-1.5135e-08,1.777e-08,1.8537e-08,3.3271e-08,-2.7829e-08,-8.0087e-09,-1.0069e-08,-2.6507e-08,-1.0088e-08
0,-0.04,0.04,0.10472,0.15708,-1.0684e-08,-6.3182e-08,-3.3187e-08,-1.3795e-08,1.2264e-08,2.3421e-08,3.0261e-08,-2.9235e-08,-8.2787e-09,-9.6116e-09,-3.2207e-08,-8.1642e-09
0.04,-0.04,0.04,0.10472,0.15708,-1.7494e-08,-5.7456e-08,-2.8299e-08,-1.3398e-08,1.1903e-08,2.9189e-08,2.7281e-08,-2.8821e-08,-1.0124e-08,-9.9088e-09,-3.9788e-08,-5.4597e-09
-0.04,0,0.04,0.10472,0.15708,-3.8608e-09,-7.4327e-08,-4.1731e-08,-1.8511e-08,1.6685e-08,1.6315e-08,2.9437e-08,-2.2646e-08,-6.6423e-09,-1.0259e-08,-2.5441e-08,-7.1024e-09
0,0,0.04,0.10472,0.15708,-8.8594e-09,-6.883e-08,-3.5209e-08,-1.6653e-08,1.3674e-08,2.0205e-08,2.9293e-08,-2.4108e-08,-6.8961e-09,-9.9928e-09,-2.986e-08,-5.2979e-09
0.04,0,0.04,0.10472,0.15708,-1.5636e-08,-6.2697e-08,-3.2654e-08,-1.5479e-08,1.1638e-08,2.6359e-08,2.5718e-08,-2.3692e-08,-6.4218e-09,-1.0151e-08,-4.0508e-08,-4.0646e-09
-0.04,0.04,0.04,0.10472,0.15708,-3.3811e-09,-7.4872e-08,-4.6342e-08,-2.2284e-08,1.399e-08,1.5035e-08,3.0515e-08,-2.0596e-08,-3.3375e-09,-1.0294e-08,-2.5136e-08,-3.4464e-09
0,0.04,0.04,0.10472,0.15708,-8.691e-09,-6.9139e-08,-4.1383e-08,-2.3969e-08,1.3692e-08,1.9119e-08,2.8135e-08,-2.0041e-08,-4.6884e-09,-9.69e-09,-3.0388e-08,-2.433e-09
0.04,0.04,0.04,0.10472,0.15708,-1.3831e-08,-6.4606e-08,-3.3811e-08,-2.244e-08,1.1035e-08,2.3561e-08,2.5102e-08,-2.0802e-08,-2.733e-09,-7.5862e-09,-3.4645e-08,-6.323e-10
0,0,0.08,0.10472,0.15708,-5.6829e-09,-8.002e-08,-3.3772e-08,-1.1924e-08,2.0853e-08,1.8824e-08,2.5004e-08,-1.9245e-08,-1.1055e-08,-6.8727e-09,-2.9843e-08,1.6262e-09
0,0,-0.08,0.15708,0.15708,-9.8501e-09,-4.1482e-08,-4.4674e-08,-2.357e-08,-1.4511e-09,2.3799e-08,4.6247e-08,-3.33e-08,-5.1076e-10,-2.4236e-08,-2.697e-08,-1.7166e-08
-0.04,-0.04,-0.04,0.15708,0.15708,-4.6659e-09,-4.7812e-08,-4.5688e-08,-1.9033e-08,5.0091e-09,2.0016e-08,4.7681e-08,-3.6198e-08,-4.7642e-09,-1.6157e-08,-2.7078e-08,-2.5023e-08
0,-0.04,-0.04,0.15708,0.15708,-9.5225e-09,-4.4557e-08,-3.7047e-08,-1.7358e-08,3.5765e-09,2.5246e-08,4.1961e-08,-3.68e-08,-4.0278e-09,-1.7602e-08,-3.0148e-08,-1.9412e-08
0.04,-0.04,-0.04,0.15708,0.15708,-1.749e-08,-4.3568e-08,-3.2423e-08,-1.7715e-08,4.3293e-09,3.432e-08,3.8357e-08,-3.8125e-08,-5.1415e-09,-1.8017e-08,-3.682e-08,-1.5284e-08
-0.04,0,-0.04,0.15708,0.15708,-5.3876e-09,-5.1083e-08,-4.9546e-08,-2.2078e-08,3.5078e-09,1.4093e-08,4.1814e-08,-2.9407e-08,-2.3297e-09,-1.8739e-08,-2.4162e-08,-1.9603e-08
0,0,-0.04,0.15708,0.15708,-1.0483e-08,-4.6044e-08,-4.3086e-08,-2.4974e-08,2.5262e-09,2.1688e-08,4.1813e-08,-3.2313e-08,-1.6597e-09,-1.9134e-08,-2.8763e-08,-1.5168e-08
0.04,0,-0.04,0.15708,0.15708,-1.678e-08,-4.5576e-08,-3.3716e-08,-2.0285e-08,4.1219e-09,2.9683e-08,3.5242e-08,-3.1093e-08,-1.5838e-09,-2.1145e-08,-3.4384e-08,-1.2626e-08
-0.04,0.04,-0.04,0.15708,0.15708,-6.3999e-09,-5.3733e-08,-5.7301e-08,-2.8961e-08,3.0227e-09,1.258e-08,4.2844e-08,-2.4409e-08,1.7948e-09,-2.0689e-08,-2.3823e-08,-1.6005e-08
0,0.04,-0.04,0.15708,0.15708,-1.0259e-08,-5.2513e-08,-4.8377e-08,-2.7221e-08,2.9984e-09,1.6156e-08,3.4952e-08,-2.6563e-08,1.2062e-09,-1.921e-08,-2.7808e-08,-1.2256e-08
0.04,0.04,-0.04,0.15708,0.15708,-1.4115e-08,-4.6086e-08,-4.0687e-08,-2.5191e-08,2.6912e-09,2.5549e-08,3.1582e-08,-2.6255e-08,2.5434e-09,-2.3302e-08,-3.3962e-08,-9.675e-09
0,-0.08,0,0.15708,0.15708,-9.6255e-09,-4.6616e-08,-3.2652e-08,-1.2403e-08,1.049e-08,2.8008e-08,4.0775e-08,-4.2289e-08,-8.5174e-09,-1.3683e-08,-3.222e-08,-1.9384e-08
-0.04,-0.04,0,0.15708,0.15708,-3.5284e-09,-5.9642e-08,-4.0955e-08,-1.6855e-08,1.1238e-08,1.7799e-08,3.9248e-08,-3.338e-08,-6.3284e-09,-1.3122e-08,-2.6587e-08,-2.0431e-08
0,-0.04,0,0.15708,0.15708,-1.1598e-08,-5.1065e-08,-3.4286e-08,-1.6384e-08,1.0008e-08,2.6523e-08,3.7405e-08,-3.5375e-08,-8.05e-09,-1.2673e-08,-3.2486e-08,-1.5159e-08
0.04,-0.04,0,0.15708,0.15708,-1.8021e-08,-4.7842e-08,-2.8684e-08,-1.4047e-08,8.3625e-09,3.0869e-08,3.2997e-08,-3.5568e-08,-8.4837e-09,-1.2768e-08,-3.8202e-08,-1.2274e-08
-0.08,0,0,0.15708,0.15708,-7.4612e-10,-6.3227e-08,-5.7581e-08,-1.7989e-08,1.4057e-08,1.0994e-08,4.1045e-08,-2.5329e-08,-3.617e-09,-1.3094e-08,-2.0856e-08,-1.6803e-08
-0.04,0,0,0.15708,0.15708,-5.318e-09,-6.1843e-08,-4.8065e-08,-1.8499e-08,9.2851e-09,1.5797e-08,3.7077e-08,-2.718e-08,-4.4597e-09,-1.4525e-08,-2.5846e-08,-1.4085e-08
0,0,0,0.15708,0.15708,-1.169e-08,-5.7352e-08,-3.8876e-08,-2.0019e-08,1.0747e-08,2.07e-08,3.4996e-08,-2.9164e-08,-4.6633e-09,-1.4168e-08,-3.1265e-08,-1.2168e-08
0.04,0,0,0.15708,0.15708,-1.6848e-08,-5.2773e-08,-3.2985e-08,-1.7697e-08,8.79e-09,2.7918e-08,3.0698e-08,-3.092e-08,-4.4433e-09,-1.4391e-08,-3.422e-08,-9.0521e-09
0.08,0,0,0.15708,0.15708,-2.3339e-08,-4.8257e-08,-2.7622e-08,-1.6285e-08,7.187e-09,3.5438e-08,2.8445e-08,-3.1763e-08,-6.6616e-09,-1.257e-08,-4.5443e-08,-5.896e-09
-0.04,0.04,0,0.15708,0.15708,-4.7005e-09,-6.5347e-08,-5.3812e-08,-2.5476e-08,9.5324e-09,1.3739e-08,3.6099e-08,-2.2837e-08,-3.0977e-09,-1.4581e-08,-2.4341e-08,-9.5008e-09
0,0.04,0,0.15708,0.15708,-9.7969e-09,-5.8532e-08,-4.2492e-08,-2.5328e-08,9.2723e-09,1.8179e-08,3.2771e-08,-2.4566e-08,-2.365e-09,-1.5498e-08,-2.99e-08,-6.6972e-09
0.04,0.04,0,0.15708,0.15708,-1.5627e-08,-5.3056e-08,-3.4995e-08,-2.2266e-08,6.9015e-09,2.34e-08,2.8513e-08,-2.5589e-08,-1.9779e-09,-1.4469e-08,-3.264e-08,-7.2048e-09
0,0.08,0,0.15708,0.15708,-9.1111e-09,-6.2492e-08,-5.0551e-08,-3.0046e-08,8.5807e-09,1.3299e-08,3.0407e-08,-1.9827e-08,2.9828e-09,-1.396e-08,-2.6902e-08,-6.4054e-09
-0.04,-0.04,0.04,0.15708,0.15708,-3.1379e-09,-7.1033e-08,-3.9041e-08,-1.1339e-08,1.9281e-08,1.7288e-08,3.2325e-08,-3.0209e-08,-9.0709e-09,-9.1338e-09,-2.6457e-08,-1.3016e-08
0,-0.04,0.04,0.15708,0.15708,-9.6256e-09,-5.8973e-08,-3.2873e-08,-1.2086e-08,1.5924e-08,2.2882e-08,3.0981e-08,-2.998e-08,-1.0332e-08,-9.3077e-09,-3.2611e-08,-1.1083e-08
0.04,-0.04,0.04,0.15708,0.15708,-1.7221e-08,-5.8049e-08,-2.8095e-08,-1.1803e-08,1.13e-08,2.8379e-08,2.9047e-08,-2.7931e-08,-1.4045e-08,-8.681e-09,-3.8757e-08,-5.8131e-09
-0.04,0,0.04,0.15708,0.15708,-3.1419e-09,-7.4284e-08,-4.1005e-08,-1.5174e-08,1.9803e-08,1.5207e-08,3.2792e-08,-2.2725e-08,-9.0896e-09,-9.7894e-09,-2.4219e-08,-1.0993e-08
0,0,0.04,0.15708,0.15708,-9.1078e-09,-7.2784e-08,-3.5599e-08,-1.3629e-08,1.598e-08,1.9394e-08,2.9246e-08,-2.5831e-08,-8.8243e-09,-1.0407e-08,-3.0223e-08,-6.9479e-09
0.04,0,0.04,0.15708,0.15708,-1.7602e-08,-6.1842e-08,-3.146e-08,-1.4135e-08,1.2295e-08,2.3952e-08,2.613e-08,-2.6315e-08,-9.5001e-09,-9.3902e-09,-3.7585e-08,-4.7361e-09
-0.04,0.04,0.04,0.15708,0.15708,-3.502e-09,-7.5661e-08,-4.6108e-08,-1.9627e-08,1.8868e-08,1.3661e-08,2.9614e-08,-2.0913e-08,-4.755e-09,-9.8622e-09,-2.4932e-08,-5.5839e-09
0,0.04,0.04,0.15708,0.15708,-8.4139e-09,-7.1547e-08,-3.9279e-08,-1.9029e-08,1.4207e-08,1.6478e-08,2.7391e-08,-2.4236e-08,-5.3518e-09,-9.6491e-09,-2.8048e-08,-2.5572e-09
0.04,0.04,0.04,0.15708,0.15708,-1.5455e-08,-6.4067e-08,-3.362e-08,-1.7435e-08,1.3091e-08,1.9128e-08,2.6669e-08,-2.3214e-08,-6.5239e-09,-6.8035e-09,-3.4895e-08,-3.6475e-09
0,0,0.08,0.15708,0.15708,-8.3937e-09,-8.5035e-08,-3.4439e-08,-7.4301e-09,2.0877e-08,1.7516e-08,2.4562e-08,-2.2342e-08,-1.2496e-08,-4.6024e-09,-3.0405e-08,2.4801e-10
