0,0,-0.08,0.05236,0.05236,-1.0055e-08,-4.1623e-08,-4.2971e-08,-2.8945e-08,-5.2767e-09,2.7763e-08,4.5871e-08,-3.2591e-08,2.8493e-09,-2.6703e-08,-2.8684e-08,-1.4661e-08
-0.04,-0.04,-0.04,0.05236,0.05236,-5.0249e-09,-4.8552e-08,-4.1437e-08,-2.2407e-08,1.5089e-10,2.3262e-08,4.7132e-08,-3.4043e-08,-1.5731e-09,-1.77e-08,-2.6589e-08,-1.9801e-08
0,-0.04,-0.04,0.05236,0.05236,-1.0085e-08,-4.5742e-08,-3.481e-08,-2.2299e-08,1.2646e-09,2.9741e-08,4.2187e-08,-3.5738e-08,-1.8172e-09,-1.9258e-08,-3.3489e-08,-1.7445e-08
0.04,-0.04,-0.04,0.05236,0.05236,-1.6001e-08,-4.3059e-08,-2.9311e-08,-2.0817e-08,1.2885e-09,3.8973e-08,3.7178e-08,-3.7341e-08,-1.8275e-09,-2.0281e-08,-3.8648e-08,-1.2635e-08
-0.04,0,-0.04,0.05236,0.05236,-5.9189e-09,-5.1636e-08,-4.9266e-08,-2.7104e-08,5.9628e-11,2.0313e-08,4.5349e-08,-2.821e-08,9.6646e-10,-2.0534e-08,-2.5636e-08,-1.3862e-08
0,0,-0.04,0.05236,0.05236,-9.3661e-09,-4.8412e-08,-4.0403e-08,-2.6346e-08,1.358e-09,2.6237e-08,4.0564e-08,-2.9458e-08,1.067e-09,-2.1803e-08,-3.0622e-08,-1.1721e-08
0.04,0,-0.04,0.05236,0.05236,-1.5139e-08,-4.6426e-08,-3.363e-08,-2.5689e-08,1.1284e-09,3.5141e-08,3.5746e-08,-3.0447e-08,1.1652e-09,-2.101e-08,-3.6563e-08,-1.005e-08
-0.04,0.04,-0.04,0.05236,0.05236,-5.5242e-09,-5.3232e-08,-5.5937e-08,-3.4629e-08,4.6402e-10,1.5389e-08,4.1683e-08,-2.4226e-08,3.2266e-09,-2.2084e-08,-2.4888e-08,-1.059e-08
0,0.04,-0.04,0.05236,0.05236,-9.1272e-09,-5.0776e-08,-4.4958e-08,-3.3498e-08,1.7284e-10,2.2094e-08,3.7309e-08,-2.5215e-08,5.722e-09,-2.371e-08,-2.8609e-08,-8.1462e-09
0.04,0.04,-0.04,0.05236,0.05236,-1.3382e-08,-4.8136e-08,-3.7074e-08,-3.1457e-08,5.5868e-10,2.933e-08,3.2216e-08,-2.6161e-08,6.4732e-09,-2.4133e-08,-3.457e-08,-7.4077e-09
0,-0.08,0,0.05236,0.05236,-9.9514e-09,-4.9795e-08,-2.9094e-08,-1.5983e-08,7.0189e-09,3.0254e-08,3.5555e-08,-3.7941e-08,-6.6245e-09,-1.3799e-08,-3.3841e-08,-1.8156e-08
-0.04,-0.04,0,0.05236,0.05236,-4.7597e-09,-5.8858e-08,-3.9982e-08,-2.015e-08,7.6376e-09,2.1919e-08,4.0723e-08,-2.9966e-08,-3.9472e-09,-1.4721e-08,-2.78e-08,-1.4714e-08
0,-0.04,0,0.05236,0.05236,-9.0433e-09,-5.4743e-08,-3.3221e-08,-1.9105e-08,6.8583e-09,2.7592e-08,3.6425e-08,-3.1531e-08,-4.0745e-09,-1.4941e-08,-3.2778e-08,-1.1844e-08
0.04,-0.04,0,0.05236,0.05236,-1.7393e-08,-5.0362e-08,-2.8278e-08,-1.835e-08,6.3482e-09,3.4664e-08,3.2517e-08,-3.19e-08,-5.0979e-09,-1.5295e-08,-4.0404e-08,-8.8256e-09
-0.08,0,0,0.05236,0.05236,-4.7597e-10,-6.3126e-08,-5.2028e-08,-2.5375e-08,8.5418e-09,1.2771e-08,4.1699e-08,-2.4577e-08,-1.3417e-09,-1.4796e-08,-2.1988e-08,-1.2382e-08
-0.04,0,0,0.05236,0.05236,-4.1757e-09,-6.085e-08,-4.4243e-08,-2.482e-08,6.3468e-09,1.8188e-08,3.8884e-08,-2.6244e-08,-1.5594e-09,-1.5848e-08,-2.6559e-08,-9.9737e-09
0,0,0,0.05236,0.05236,-9.1989e-09,-5.8747e-08,-3.7303e-08,-2.416e-08,7.1227e-09,2.4378e-08,3.4427e-08,-2.7279e-08,-1.7023e-09,-1.592e-08,-3.1631e-08,-7.6195e-09
0.04,0,0,0.05236,0.05236,-1.4557e-08,-5.2965e-08,-3.1896e-08,-2.2983e-08,6.1702e-09,3.1996e-08,3.086e-08,-2.8187e-08,-1.737e-09,-1.6135e-08,-3.7106e-08,-5.9207e-09
0.08,0,0,0.05236,0.05236,-2.079e-08,-4.9208e-08,-2.5948e-08,-2.1342e-08,5.2681e-09,3.7046e-08,2.771e-08,-2.7743e-08,-1.3827e-09,-1.4821e-08,-4.6072e-08,-4.5371e-09
-0.04,0.04,0,0.05236,0.05236,-4.6477e-09,-6.5197e-08,-5.0273e-08,-3.1791e-08,6.0376e-09,1.5089e-08,3.5232e-08,-2.2136e-08,1.1753e-09,-1.645e-08,-2.5167e-08,-5.9616e-09
0,0.04,0,0.05236,0.05236,-8.4713e-09,-6.1399e-08,-4.2761e-08,-2.919e-08,6.1608e-09,2.0871e-08,3.239e-08,-2.2475e-08,2.5399e-09,-1.6417e-08,-3.01e-08,-5.1481e-09
0.04,0.04,0,0.05236,0.05236,-1.393e-08,-5.5476e-08,-3.533e-08,-2.8662e-08,5.5681e-09,2.6938e-08,2.8652e-08,-2.3236e-08,2.6451e-09,-1.5661e-08,-3.6396e-08,-3.6948e-09
0,0.08,0,0.05236,0.05236,-7.8527e-09,-6.0837e-08,-4.6496e-08,-3.7669e-08,5.73e-09,1.7602e-08,2.9486e-08,-1.8984e-08,6.541e-09,-1.7587e-08,-2.7513e-08,-3.0093e-09
-0.04,-0.04,0.04,0.05236,0.05236,-1.2956e-09,-7.036e-08,-3.6324e-08,-1.7115e-08,1.4721e-08,2.0376e-08,3.2123e-08,-2.6012e-08,-6.8591e-09,-1.0476e-08,-2.6709e-08,-8.848e-09
0,-0.04,0.04,0.05236,0.05236,-8.1742e-09,-6.5067e-08,-3.1686e-08,-1.6118e-08,1.169e-08,2.4946e-08,2.9128e-08,-2.655e-08,-7.6259e-09,-1.077e-08,-3.2433e-08,-5.6544e-09
0.04,-0.04,0.04,0.05236,0.05236,-1.631e-08,-6.0935e-08,-2.6581e-08,-1.5702e-08,1.0344e-08,3.0503e-08,2.7174e-08,-2.6865e-08,-9.1901e-09,-1.0052e-08,-3.9768e-08,-2.8739e-09
-0.04,0,0.04,0.05236,0.05236,-2.9585e-09,-7.1709e-08,-4.1757e-08,-2.081e-08,1.4095e-08,1.6827e-08,3.1133e-08,-2.2892e-08,-4.4355e-09,-1.0919e-08,-2.6094e-08,-3.9804e-09
0,0,0.04,0.05236,0.05236,-7.3261e-09,-6.9891e-08,-3.4849e-08,-1.974e-08,1.2372e-08,2.2094e-08,2.9183e-08,-2.3374e-08,-5.4048e-09,-1.0141e-08,-3.0678e-08,-3.0523e-09
0.04,0,0.04,0.05236,0.05236,-1.4526e-08,-6.2317e-08,-2.9932e-08,-1.8758e-08,1.0955e-08,2.7411e-08,2.5665e-08,-2.3764e-08,-5.536e-09,-1.0011e-08,-3.6613e-08,-1.4216e-09
-0.04,0.04,0.04,0.05236,0.05236,-2.5151e-09,-7.7154e-08,-4.4482e-08,-2.5913e-08,1.5424e-08,1.5264e-08,2.9678e-08,-1.9167e-08,-1.8315e-09,-1.2109e-08,-2.4889e-08,-2.2577e-09
0,0.04,0.04,0.05236,0.05236,-7.0771e-09,-7.2438e-08,-3.8695e-08,-2.4781e-08,1.2505e-08,1.9997e-08,2.7428e-08,-1.953e-08,-1.6607e-09,-1.0841e-08,-2.8924e-08,-4.193e-10
0.04,0.04,0.04,0.05236,0.05236,-1.3428e-08,-6.4551e-08,-3.2883e-08,-2.433e-08,9.9099e-09,2.4213e-08,2.5014e-08,-1.9871e-08,-1.3732e-09,-9.4728e-09,-3.4705e-08,4.169e-10
0,0,0.08,0.05236,0.05236,-5.6616e-09,-8.3268e-08,-3.1545e-08,-1.5069e-08,1.8139e-08,2.0309e-08,2.4274e-08,-1.921e-08,-9.1989e-09,-6.6885e-09,-2.926e-08,2.609e-09
0,0,-0.08,0.10472,0.05236,-1.0277e-08,-4.2657e-08,-4.3313e-08,-2.7349e-08,-2.9883e-09,2.7023e-08,4.4033e-08,-3.229e-08,1.8017e-09,-2.6112e-08,-2.7904e-08,-1.6807e-08
-0.04,-0.04,-0.04,0.10472,0.05236,-5.1005e-09,-4.8051e-08,-4.3799e-08,-2.0821e-08,2.311e-09,2.1614e-08,4.7527e-08,-3.5231e-08,-3.1832e-09,-1.7638e-08,-2.5733e-08,-2.2326e-08
0,-0.04,-0.04,0.10472,0.05236,-1.0076e-08,-4.6241e-08,-3.6626e-08,-1.993e-08,2.5074e-09,2.8815e-08,4.2302e-08,-3.7265e-08,-2.7231e-09,-1.7993e-08,-3.1922e-08,-1.8612e-08
0.04,-0.04,-0.04,0.10472,0.05236,-1.6031e-08,-4.3041e-08,-3.1092e-08,-1.9699e-08,3.1236e-09,3.8789e-08,3.7289e-08,-3.785e-08,-3.6427e-09,-1.9406e-08,-3.8476e-08,-1.4914e-08
-0.04,0,-0.04,0.10472,0.05236,-5.1389e-09,-5.0572e-08,-5.0642e-08,-2.6355e-08,1.5357e-09,1.7299e-08,4.3424e-08,-2.9718e-08,-7.0575e-10,-1.929e-08,-2.5697e-08,-1.6483e-08
0,0,-0.04,0.10472,0.05236,-9.8633e-09,-4.7987e-08,-4.183e-08,-2.5132e-08,2.3184e-09,2.5614e-08,4.0336e-08,-3.0004e-08,-6.2012e-10,-2.0588e-08,-2.9959e-08,-1.4751e-08
0.04,0,-0.04,0.10472,0.05236,-1.5436e-08,-4.5832e-08,-3.3119e-08,-2.2814e-08,2.5053e-09,3.3792e-08,3.5018e-08,-3.1474e-08,-1.0211e-09,-2.0838e-08,-3.7382e-08,-1.0959e-08
-0.04,0.04,-0.04,0.10472,0.05236,-5.1296e-09,-5.2872e-08,-5.9082e-08,-3.2181e-08,3.6561e-10,1.4435e-08,4.1258e-08,-2.5146e-08,1.9235e-09,-2.1632e-08,-2.4038e-08,-1.3169e-08
0,0.04,-0.04,0.10472,0.05236,-9.3453e-09,-5.1138e-08,-4.7805e-08,-3.0842e-08,1.0224e-09,2.0234e-08,3.6535e-08,-2.5501e-08,3.0116e-09,-2.3219e-08,-2.8828e-08,-1.1041e-08
0.04,0.04,-0.04,0.10472,0.05236,-1.3846e-08,-4.6667e-08,-3.8133e-08,-2.8844e-08,1.5405e-09,2.7459e-08,3.3163e-08,-2.6333e-08,4.0773e-09,-2.2222e-08,-3.4742e-08,-7.844e-09
0,-0.08,0,0.10472,0.05236,-9.972e-09,-4.8814e-08,-2.9553e-08,-1.3922e-08,7.2698e-09,2.9658e-08,3.7055e-08,-3.8809e-08,-7.8342e-09,-1.3119e-08,-3.305e-08,-1.7956e-08
-0.04,-0.04,0,0.10472,0.05236,-3.3937e-09,-5.6631e-08,-4.0305e-08,-1.8434e-08,9.2023e-09,2.0143e-08,3.9635e-08,-3.2215e-08,-5.6102e-09,-1.3782e-08,-2.6603e-08,-1.7987e-08
0,-0.04,0,0.10472,0.05236,-9.9089e-09,-5.4447e-08,-3.4521e-08,-1.7774e-08,8.1476e-09,2.7424e-08,3.5553e-08,-3.3103e-08,-5.8568e-09,-1.4463e-08,-3.2726e-08,-1.4207e-08
0.04,-0.04,0,0.10472,0.05236,-1.6488e-08,-4.9461e-08,-2.8937e-08,-1.6773e-08,6.2538e-09,3.2898e-08,3.1956e-08,-3.3835e-08,-7.0926e-09,-1.4769e-08,-3.8612e-08,-1.1315e-08
-0.08,0,0,0.10472,0.05236,-8.7358e-10,-6.3135e-08,-5.2867e-08,-2.2656e-08,9.596e-09,1.1909e-08,4.1728e-08,-2.5707e-08,-2.9338e-09,-1.3951e-08,-2.1779e-08,-1.5923e-08
-0.04,0,0,0.10472,0.05236,-4.539e-09,-5.9648e-08,-4.5852e-08,-2.2998e-08,8.9327e-09,1.7667e-08,3.8781e-08,-2.7038e-08,-2.6251e-09,-1.4647e-08,-2.61e-08,-1.2891e-08
0,0,0,0.10472,0.05236,-9.3958e-09,-5.755e-08,-3.9491e-08,-2.2168e-08,7.3845e-09,2.3576e-08,3.4132e-08,-2.7451e-08,-3.6526e-09,-1.3879e-08,-3.091e-08,-1.0833e-08
0.04,0,0,0.10472,0.05236,-1.4809e-08,-5.2682e-08,-3.2295e-08,-2.0642e-08,7.057e-09,2.9709e-08,3.0375e-08,-2.7946e-08,-3.8067e-09,-1.5024e-08,-3.7263e-08,-8.3922e-09
0.08,0,0,0.10472,0.05236,-2.2338e-08,-4.8216e-08,-2.6775e-08,-1.895e-08,5.5759e-09,3.4679e-08,2.7261e-08,-2.9306e-08,-4.4472e-09,-1.4501e-08,-4.697e-08,-5.3254e-09
-0.04,0.04,0,0.10472,0.05236,-4.2371e-09,-6.354e-08,-5.1868e-08,-2.8032e-08,7.2389e-09,1.3743e-08,3.5955e-08,-2.3012e-08,4.4125e-10,-1.504e-08,-2.4555e-08,-9.7464e-09
0,0.04,0,0.10472,0.05236,-8.9958e-09,-5.8906e-08,-4.2479e-08,-2.7055e-08,7.1258e-09,2.007e-08,3.1823e-08,-2.4005e-08,8.4112e-11,-1.545e-08,-2.9272e-08,-7.4155e-09
0.04,0.04,0,0.10472,0.05236,-1.3509e-08,-5.4817e-08,-3.4217e-08,-2.5162e-08,6.4291e-09,2.473e-08,2.8957e-08,-2.4501e-08,8.2362e-10,-1.486e-08,-3.6471e-08,-5.7162e-09
0,0.08,0,0.10472,0.05236,-7.5885e-09,-6.0927e-08,-4.7317e-08,-3.4081e-08,6.2459e-09,1.541e-08,2.8903e-08,-2.0593e-08,5.1871e-09,-1.5568e-08,-2.765e-08,-4.483e-09
-0.04,-0.04,0.04,0.10472,0.05236,-1.762e-09,-6.9235e-08,-3.6904e-08,-1.4059e-08,1.5956e-08,1.9068e-08,3.2248e-08,-2.7526e-08,-7.682e-09,-1.023e-08,-2.7291e-08,-1.1752e-08
0,-0.04,0.04,0.10472,0.05236,-7.6247e-09,-6.4161e-08,-3.1924e-08,-1.3314e-08,1.2888e-08,2.4677e-08,3.044e-08,-2.8482e-08,-9.3542e-09,-9.3562e-09,-3.2561e-08,-8.4168e-09
0.04,-0.04,0.04,0.10472,0.05236,-1.6182e-08,-5.841e-08,-2.7387e-08,-1.3654e-08,1.1231e-08,2.9296e-08,2.692e-08,-2.9929e-08,-1.1516e-08,-8.919e-09,-3.8639e-08,-5.0943e-09
-0.04,0,0.04,0.10472,0.05236,-1.7385e-09,-7.2674e-08,-4.211e-08,-1.9059e-08,1.5856e-08,1.6637e-08,3.1148e-08,-2.3636e-08,-6.0884e-09,-1.0374e-08,-2.5861e-08,-8.1224e-09
0,0,0.04,0.10472,0.05236,-7.9252e-09,-6.8782e-08,-3.6059e-08,-1.7724e-08,1.3756e-08,2.176e-08,2.9061e-08,-2.3506e-08,-7.1215e-09,-9.472e-09,-3.0832e-08,-5.7857e-09
0.04,0,0.04,0.10472,0.05236,-1.4648e-08,-6.1711e-08,-2.9176e-08,-1.5476e-08,1.1024e-08,2.5696e-08,2.6152e-08,-2.5494e-08,-8.3732e-09,-8.3667e-09,-3.7644e-08,-3.0965e-09
-0.04,0.04,0.04,0.10472,0.05236,-3.7306e-09,-7.5273e-08,-4.6155e-08,-2.2205e-08,1.6237e-08,1.3656e-08,3.018e-08,-1.9851e-08,-3.5186e-09,-1.0582e-08,-2.4455e-08,-4.7624e-09
0,0.04,0.04,0.10472,0.05236,-7.504e-09,-7.1163e-08,-3.8447e-08,-2.235e-08,1.2735e-08,1.9076e-08,2.8039e-08,-1.9987e-08,-3.6546e-09,-9.2825e-09,-2.9692e-08,-3.4972e-09
0.04,0.04,0.04,0.10472,0.05236,-1.3314e-08,-6.6362e-08,-3.3531e-08,-2.0635e-08,1.1167e-08,2.3403e-08,2.5085e-08,-2.1028e-08,-4.3364e-09,-8.1113e-09,-3.4857e-08,-2.0838e-09
0,0,0.08,0.10472,0.05236,-6.8055e-09,-8.3974e-08,-3.1728e-08,-1.2286e-08,1.8574e-08,1.9628e-08,2.4568e-08,-2.0137e-08,-1.0957e-08,-5.0611e-09,-2.9302e-08,8.2378e-10
0,0,-0.08,0.15708,0.05236,-1.1124e-08,-4.023e-08,-4.5156e-08,-2.4566e-08,-3.2005e-09,2.4251e-08,4.5629e-08,-3.265e-08,9.0944e-12,-2.4786e-08,-2.8024e-08,-1.9291e-08
-0.04,-0.04,-0.04,0.15708,0.05236,-4.9007e-09,-4.734e-08,-4.3109e-08,-1.8659e-08,3.7112e-09,1.9509e-08,4.9317e-08,-3.6723e-08,-4.4765e-09,-1.687e-08,-2.558e-08,-2.4707e-08
0,-0.04,-0.04,0.15708,0.05236,-1.046e-08,-4.6951e-08,-3.7749e-08,-1.802e-08,3.5175e-09,2.83e-08,4.2768e-08,-3.8086e-08,-4.4503e-09,-1.7481e-08,-3.0097e-08,-2.069e-08
0.04,-0.04,-0.04,0.15708,0.05236,-1.588e-08,-4.2676e-08,-3.1077e-08,-1.7414e-08,3.3871e-09,3.826e-08,3.7783e-08,-3.9294e-08,-5.5135e-09,-1.8232e-08,-3.7138e-08,-1.5214e-08
-0.04,0,-0.04,0.15708,0.05236,-5.0134e-09,-5.0417e-08,-5.0643e-08,-2.3704e-08,2.9147e-09,1.674e-08,4.5401e-08,-3.0733e-08,-1.9356e-09,-1.7955e-08,-2.5139e-08,-1.8942e-08
0,0,-0.04,0.15708,0.05236,-1.0645e-08,-4.715e-08,-4.2401e-08,-2.2951e-08,3.2115e-09,2.3144e-08,3.9976e-08,-3.1385e-08,-2.433e-09,-1.9303e-08,-2.9421e-08,-1.5623e-08
0.04,0,-0.04,0.15708,0.05236,-1.47e-08,-4.4324e-08,-3.5697e-08,-2.1238e-08,2.3822e-09,3.1366e-08,3.4823e-08,-3.252e-08,-2.5354e-09,-2.0273e-08,-3.5577e-08,-1.3207e-08
-0.04,0.04,-0.04,0.15708,0.05236,-5.4952e-09,-5.1175e-08,-5.6443e-08,-2.8243e-08,1.2748e-09,1.1473e-08,4.0565e-08,-2.4974e-08,7.4255e-10,-2.0577e-08,-2.3325e-08,-1.5141e-08
0,0.04,-0.04,0.15708,0.05236,-9.5318e-09,-5.0053e-08,-4.7882e-08,-2.8509e-08,1.7008e-09,1.793e-08,3.5738e-08,-2.6173e-08,1.4002e-09,-2.1729e-08,-2.7525e-08,-1.2441e-08
0.04,0.04,-0.04,0.15708,0.05236,-1.424e-08,-4.714e-08,-3.8901e-08,-2.6644e-08,1.7682e-09,2.6245e-08,3.1956e-08,-2.7297e-08,1.424e-09,-2.2008e-08,-3.3907e-08,-1.0028e-08
0,-0.08,0,0.15708,0.05236,-8.3854e-09,-4.8922e-08,-3.0177e-08,-1.2128e-08,1.0042e-08,2.8935e-08,3.7574e-08,-4.1427e-08,-9.1001e-09,-1.1971e-08,-3.3634e-08,-2.142e-08
-0.04,-0.04,0,0.15708,0.05236,-4.502e-09,-5.6083e-08,-4.173e-08,-1.5594e-08,9.7281e-09,1.9275e-08,3.9673e-08,-3.3231e-08,-6.6163e-09,-1.2842e-08,-2.688e-08,-2.09e-08
0,-0.04,0,0.15708,0.05236,-9.9445e-09,-5.3128e-08,-3.5184e-08,-1.511e-08,9.6635e-09,2.5826e-08,3.7e-08,-3.4073e-08,-7.6329e-09,-1.3376e-08,-3.2373e-08,-1.7664e-08
0.04,-0.04,0,0.15708,0.05236,-1.6462e-08,-4.8538e-08,-3.0046e-08,-1.4361e-08,7.9556e-09,3.1845e-08,3.1553e-08,-3.5364e-08,-8.6133e-09,-1.292e-08,-3.9524e-08,-1.2286e-08
-0.08,0,0,0.15708,0.05236,-1.8923e-10,-6.0617e-08,-5.2912e-08,-2.033e-08,1.0325e-08,1.1383e-08,4.189e-08,-2.7012e-08,-4.1727e-09,-1.3398e-08,-2.1421e-08,-1.9269e-08
-0.04,0,0,0.15708,0.05236,-4.9465e-09,-6.1524e-08,-4.6561e-08,-1.8655e-08,9.3401e-09,1.5403e-08,3.8712e-08,-2.8564e-08,-5.24e-09,-1.4249e-08,-2.5322e-08,-1.5114e-08
0,0,0,0.15708,0.05236,-9.3332e-09,-5.6678e-08,-3.999e-08,-1.7877e-08,8.9098e-09,2.1508e-08,3.5221e-08,-2.9574e-08,-4.5584e-09,-1.3314e-08,-3.1127e-08,-1.2149e-08
0.04,0,0,0.15708,0.05236,-1.5804e-08,-5.1568e-08,-3.3118e-08,-1.7993e-08,7.6752e-09,2.8585e-08,3.0347e-08,-2.9285e-08,-5.6614e-09,-1.2332e-08,-3.6393e-08,-9.9635e-09
0.08,0,0,0.15708,0.05236,-2.2453e-08,-4.7067e-08,-2.7724e-08,-1.7466e-08,6.5361e-09,3.5699e-08,2.841e-08,-3.0788e-08,-6.3976e-09,-1.2089e-08,-4.5018e-08,-7.6412e-09
-0.04,0.04,0,0.15708,0.05236,-5.1557e-09,-6.2714e-08,-5.2911e-08,-2.5012e-08,9.1181e-09,1.2915e-08,3.4839e-08,-2.3466e-08,-2.3249e-09,-1.4503e-08,-2.4399e-08,-1.0858e-08
0,0.04,0,0.15708,0.05236,-8.6935e-09,-5.9317e-08,-4.4094e-08,-2.4939e-08,7.2233e-09,1.8193e-08,3.2352e-08,-2.4111e-08,-1.6807e-09,-1.4531e-08,-2.8596e-08,-9.234e-09
0.04,0.04,0,0.15708,0.05236,-1.4303e-08,-5.4158e-08,-3.5942e-08,-2.2897e-08,7.2159e-09,2.4123e-08,2.814e-08,-2.5063e-08,-1.486e-09,-1.2669e-08,-3.5266e-08,-7.3568e-09
0,0.08,0,0.15708,0.05236,-8.5487e-09,-6.0525e-08,-4.7374e-08,-2.9746e-08,7.2641e-09,1.5137e-08,2.9133e-08,-2.091e-08,2.5831e-09,-1.5123e-08,-2.7968e-08,-6.3059e-09
-0.04,-0.04,0.04,0.15708,0.05236,-1.2223e-09,-6.4635e-08,-3.8387e-08,-1.1044e-08,1.682e-08,1.7199e-08,3.2824e-08,-2.8745e-08,-1.0215e-08,-8.9025e-09,-2.6086e-08,-1.3696e-08
0,-0.04,0.04,0.15708,0.05236,-7.2663e-09,-6.5693e-08,-3.3004e-08,-1.1435e-08,1.4182e-08,2.3134e-08,3.0353e-08,-2.9895e-08,-1.0474e-08,-8.6768e-09,-3.1265e-08,-1.0989e-08
0.04,-0.04,0.04,0.15708,0.05236,-1.6988e-08,-5.6749e-08,-2.7655e-08,-1.0761e-08,1.1634e-08,2.9467e-08,2.8366e-08,-3.0567e-08,-1.2476e-08,-7.8859e-09,-3.9125e-08,-6.2425e-09
-0.04,0,0.04,0.15708,0.05236,-3.0543e-09,-7.2986e-08,-4.3265e-08,-1.5299e-08,1.7931e-08,1.5601e-08,3.0672e-08,-2.417e-08,-8.212e-09,-9.0036e-09,-2.5809e-08,-1.0505e-08
0,0,0.04,0.15708,0.05236,-8.1992e-09,-6.8098e-08,-3.6796e-08,-1.3737e-08,1.4115e-08,2.0497e-08,2.8802e-08,-2.6151e-08,-8.8489e-09,-8.6441e-09,-3.045e-08,-8.2088e-09
0.04,0,0.04,0.15708,0.05236,-1.5654e-08,-6.0531e-08,-3.0408e-08,-1.3603e-08,1.167e-08,2.3886e-08,2.7166e-08,-2.5385e-08,-1.0313e-08,-7.7696e-09,-3.7497e-08,-5.4888e-09
-0.04,0.04,0.04,0.15708,0.05236,-2.7639e-09,-7.4645e-08,-4.5538e-08,-1.9589e-08,1.7455e-08,1.3393e-08,3.0265e-08,-2.1447e-08,-5.5411e-09,-9.0812e-09,-2.4316e-08,-5.8192e-09
0,0.04,0.04,0.15708,0.05236,-8.225e-09,-7.335e-08,-3.9684e-08,-1.7975e-08,1.3332e-08,1.7245e-08,2.7701e-08,-2.1807e-08,-5.8293e-09,-8.3778e-09,-2.791e-08,-5.5209e-09
0.04,0.04,0.04,0.15708,0.05236,-1.3838e-08,-6.6131e-08,-3.3227e-08,-1.8631e-08,1.168e-08,2.203e-08,2.5122e-08,-2.26e-08,-5.2494e-09,-6.4117e-09,-3.4924e-08,-3.9578e-09
0,0,0.08,0.15708,0.05236,-6.0874e-09,-7.948e-08,-3.331e-08,-9.1872e-09,1.9371e-08,1.8603e-08,2.4717e-08,-2.1921e-08,-1.3738e-08,-4.1286e-09,-2.9818e-08,-1.007e-09
0,0,-0.08,0.05236,0.10472,-1.0195e-08,-4.1082e-08,-4.4295e-08,-2.88e-08,-4.4242e-09,2.707e-08,4.633e-08,-3.2262e-08,3.2179e-09,-2.7316e-08,-2.8585e-08,-1.5294e-08
-0.04,-0.04,-0.04,0.05236,0.10472,-5.4409e-09,-4.8511e-08,-4.1638e-08,-2.2448e-08,5.1875e-10,2.1993e-08,4.8552e-08,-3.4457e-08,-1.755e-09,-1.8514e-08,-2.642e-08,-2.0293e-08
0,-0.04,-0.04,0.05236,0.10472,-1.0673e-08,-4.6099e-08,-3.6153e-08,-2.2271e-08,1.5555e-09,3.0594e-08,4.1911e-08,-3.5481e-08,-2.0481e-09,-1.9596e-08,-3.2033e-08,-1.5657e-08
0.04,-0.04,-0.04,0.05236,0.10472,-1.5619e-08,-4.3725e-08,-2.8275e-08,-2.0525e-08,1.9609e-09,3.9083e-08,3.6781e-08,-3.7294e-08,-2.2181e-09,-2.0087e-08,-3.7939e-08,-1.2768e-08
-0.04,0,-0.04,0.05236,0.10472,-5.484e-09,-5.0457e-08,-5.1002e-08,-2.8205e-08,-8.6773e-12,1.8387e-08,4.4643e-08,-2.8132e-08,1.0022e-09,-1.9528e-08,-2.5915e-08,-1.4809e-08
0,0,-0.04,0.05236,0.10472,-9.7504e-09,-4.899e-08,-4.1256e-08,-2.7349e-08,1.0761e-09,2.4967e-08,3.9496e-08,-2.9954e-08,1.1946e-09,-2.103e-08,-3.0728e-08,-1.1764e-08
0.04,0,-0.04,0.05236,0.10472,-1.4561e-08,-4.6481e-08,-3.3168e-08,-2.5192e-08,1.6059e-09,3.4722e-08,3.4677e-08,-3.091e-08,1.8648e-09,-2.2803e-08,-3.7384e-08,-9.6981e-09
-0.04,0.04,-0.04,0.05236,0.10472,-5.7941e-09,-5.2516e-08,-5.7579e-08,-3.5212e-08,-9.4239e-10,1.408e-08,4.1267e-08,-2.3809e-08,3.9015e-09,-2.2163e-08,-2.4665e-08,-1.0536e-08
0,0.04,-0.04,0.05236,0.10472,-9.1818e-09,-4.9095e-08,-4.5834e-08,-3.3586e-08,8.6719e-10,2.1256e-08,3.583e-08,-2.5335e-08,5.2469e-09,-2.3151e-08,-2.9451e-08,-8.4266e-09
0.04,0.04,-0.04,0.05236,0.10472,-1.3386e-08,-4.8144e-08,-3.8027e-08,-3.1509e-08,6.6443e-10,3.024e-08,3.232e-08,-2.5577e-08,6.3231e-09,-2.4392e-08,-3.5022e-08,-6.7952e-09
0,-0.08,0,0.05236,0.10472,-8.5476e-09,-5.2116e-08,-2.8249e-08,-1.5695e-08,7.4396e-09,2.9969e-08,3.7198e-08,-3.7558e-08,-6.7905e-09,-1.3572e-08,-3.4336e-08,-1.5899e-08
-0.04,-0.04,0,0.05236,0.10472,-3.9181e-09,-5.6552e-08,-4.0567e-08,-2.0183e-08,7.9991e-09,2.0382e-08,3.9215e-08,-3.0132e-08,-3.7868e-09,-1.3886e-08,-2.7776e-08,-1.5774e-08
0,-0.04,0,0.05236,0.10472,-9.2751e-09,-5.4426e-08,-3.3134e-08,-1.9519e-08,6.4863e-09,2.6857e-08,3.6862e-08,-3.2498e-08,-4.6631e-09,-1.4885e-08,-3.2512e-08,-1.1058e-08
0.04,-0.04,0,0.05236,0.10472,-1.5993e-08,-4.9734e-08,-2.8778e-08,-1.8451e-08,5.4543e-09,3.4523e-08,3.1617e-08,-3.3028e-08,-4.5284e-09,-1.6421e-08,-3.9871e-08,-8.7113e-09
-0.08,0,0,0.05236,0.10472,-6.8009e-10,-6.4023e-08,-5.0901e-08,-2.5747e-08,7.866e-09,1.2974e-08,4.0694e-08,-2.449e-08,-1.6382e-09,-1.5334e-08,-2.1568e-08,-1.3248e-08
-0.04,0,0,0.05236,0.10472,-4.0005e-09,-6.0919e-08,-4.4435e-08,-2.4759e-08,6.9535e-09,1.8928e-08,3.7442e-08,-2.5949e-08,-1.6167e-09,-1.5296e-08,-2.6214e-08,-1.1006e-08
0,0,0,0.05236,0.10472,-9.9368e-09,-5.7982e-08,-3.8306e-08,-2.4302e-08,6.8211e-09,2.4474e-08,3.4279e-08,-2.7342e-08,-1.4553e-09,-1.577e-08,-3.0857e-08,-7.7813e-09
0.04,0,0,0.05236,0.10472,-1.5004e-08,-5.4136e-08,-3.1439e-08,-2.2363e-08,5.8371e-09,3.1653e-08,3.0323e-08,-2.754e-08,-1.9605e-09,-1.5268e-08,-3.9088e-08,-5.7167e-09
0.08,0,0,0.05236,0.10472,-2.1992e-08,-4.9203e-08,-2.5061e-08,-2.1485e-08,4.9378e-09,3.8381e-08,2.7206e-08,-2.7552e-08,-2.2147e-09,-1.6065e-08,-4.5887e-08,-4.4882e-09
-0.04,0.04,0,0.05236,0.10472,-4.6403e-09,-6.3902e-08,-5.088e-08,-3.1389e-08,6.2319e-09,1.4665e-08,3.5907e-08,-2.2502e-08,1.9837e-09,-1.5734e-08,-2.5471e-08,-7.3119e-09
0,0.04,0,0.05236,0.10472,-8.718e-09,-6.0563e-08,-4.2287e-08,-2.9933e-08,6.7869e-09,2.0461e-08,3.2356e-08,-2.3474e-08,2.4084e-09,-1.7574e-08,-2.9778e-08,-5.2107e-09
0.04,0.04,0,0.05236,0.10472,-1.4365e-08,-5.548e-08,-3.4891e-08,-2.7917e-08,6.1859e-09,2.6677e-08,2.8463e-08,-2.3303e-08,3.2634e-09,-1.6536e-08,-3.461e-08,-3.5275e-09
0,0.08,0,0.05236,0.10472,-8.0864e-09,-5.9964e-08,-4.6758e-08,-3.8046e-08,7.1756e-09,1.6898e-08,2.9752e-08,-1.9124e-08,7.0917e-09,-1.7367e-08,-2.8281e-08,-3.105e-09
-0.04,-0.04,0.04,0.05236,0.10472,-1.8398e-09,-6.926e-08,-3.5418e-08,-1.6972e-08,1.5343e-08,2.0134e-08,3.3295e-08,-2.6198e-08,-6.7574e-09,-1.0602e-08,-2.649e-08,-8.3864e-09
0,-0.04,0.04,0.05236,0.10472,-9.1577e-09,-6.4522e-08,-3.0956e-08,-1.6483e-08,1.227e-08,2.4821e-08,2.9267e-08,-2.6369e-08,-7.0146e-09,-1.0303e-08,-3.2118e-08,-6.2974e-09
0.04,-0.04,0.04,0.05236,0.10472,-1.6078e-08,-6.0658e-08,-2.6158e-08,-1.561e-08,1.002e-08,3.041e-08,2.6522e-08,-2.6638e-08,-9.3184e-09,-1.0243e-08,-3.9829e-08,-3.6581e-09
-0.04,0,0.04,0.05236,0.10472,-2.8128e-09,-7.4784e-08,-4.0639e-08,-2.0803e-08,1.4955e-08,1.7947e-08,3.0761e-08,-2.2351e-08,-3.9247e-09,-1.1322e-08,-2.6594e-08,-4.9963e-09
0,0,0.04,0.05236,0.10472,-8.2969e-09,-6.9334e-08,-3.395e-08,-1.9702e-08,1.2658e-08,2.1889e-08,2.8122e-08,-2.3357e-08,-4.5092e-09,-1.0873e-08,-3.136e-08,-3.4891e-09
0.04,0,0.04,0.05236,0.10472,-1.4825e-08,-6.3246e-08,-2.9463e-08,-1.9219e-08,1.1426e-08,2.8569e-08,2.6219e-08,-2.3923e-08,-5.8148e-09,-1.0383e-08,-3.7829e-08,-1.1968e-09
-0.04,0.04,0.04,0.05236,0.10472,-3.6434e-09,-7.6728e-08,-4.4891e-08,-2.6888e-08,1.4937e-08,1.4934e-08,3.042e-08,-1.9455e-08,-8.7468e-10,-1.143e-08,-2.4575e-08,-1.7394e-09
0,0.04,0.04,0.05236,0.10472,-7.2441e-09,-7.1696e-08,-3.9886e-08,-2.392e-08,1.1662e-08,1.9458e-08,2.7404e-08,-2.0397e-08,-1.7808e-09,-1.128e-08,-2.9044e-08,-4.3153e-10
0.04,0.04,0.04,0.05236,0.10472,-1.3467e-08,-6.3794e-08,-3.2796e-08,-2.3044e-08,1.0733e-08,2.3408e-08,2.5082e-08,-2.0207e-08,-1.3342e-09,-9.0859e-09,-3.4616e-08,-1.6294e-10
0,0,0.08,0.05236,0.10472,-4.9678e-09,-8.0921e-08,-3.1447e-08,-1.5529e-08,1.7447e-08,1.975e-08,2.4022e-08,-1.8761e-08,-8.9638e-09,-6.5252e-09,-2.9184e-08,3.2176e-09
0,0,-0.08,0.10472,0.10472,-9.9023e-09,-3.9822e-08,-4.4119e-08,-2.6299e-08,-2.4635e-09,2.5655e-08,4.5584e-08,-3.3445e-08,1.7739e-09,-2.6129e-08,-2.8289e-08,-1.6288e-08
-0.04,-0.04,-0.04,0.10472,0.10472,-5.5612e-09,-4.7612e-08,-4.3247e-08,-2.0565e-08,2.7379e-09,2.0522e-08,4.8726e-08,-3.5685e-08,-2.7522e-09,-1.7891e-08,-2.5897e-08,-2.1914e-08
0,-0.04,-0.04,0.10472,0.10472,-9.9244e-09,-4.5525e-08,-3.8265e-08,-2.0196e-08,3.0161e-09,2.9048e-08,4.3916e-08,-3.7041e-08,-3.257e-09,-1.8625e-08,-3.1177e-08,-1.7908e-08
0.04,-0.04,-0.04,0.10472,0.10472,-1.617e-08,-4.302e-08,-3.0597e-08,-1.8886e-08,3.001e-09,3.6985e-08,3.7718e-08,-3.7955e-08,-3.9276e-09,-1.9724e-08,-3.9533e-08,-1.443e-08
-0.04,0,-0.04,0.10472,0.10472,-6.0202e-09,-5.0997e-08,-4.8791e-08,-2.5793e-08,1.5931e-09,1.7008e-08,4.3904e-08,-2.8909e-08,-8.0582e-10,-1.88e-08,-2.5362e-08,-1.649e-08
0,0,-0.04,0.10472,0.10472,-1.0181e-08,-4.7848e-08,-4.2782e-08,-2.5222e-08,1.9376e-09,2.5435e-08,4.0015e-08,-3.1124e-08,-2.026e-10,-2.0804e-08,-2.9969e-08,-1.3884e-08
0.04,0,-0.04,0.10472,0.10472,-1.5232e-08,-4.4687e-08,-3.49e-08,-2.2797e-08,2.5289e-09,3.2419e-08,3.4286e-08,-3.2244e-08,-1.0915e-10,-2.1187e-08,-3.6158e-08,-1.1312e-08
-0.04,0.04,-0.04,0.10472,0.10472,-5.4214e-09,-5.1759e-08,-5.527e-08,-3.2552e-08,-2.3731e-10,1.2809e-08,4.0993e-08,-2.5276e-08,2.6478e-09,-2.1427e-08,-2.3882e-08,-1.22e-08
0,0.04,-0.04,0.10472,0.10472,-9.7213e-09,-5.0004e-08,-4.7897e-08,-3.0545e-08,1.4453e-09,2.0289e-08,3.5659e-08,-2.5189e-08,3.0611e-09,-2.1757e-08,-2.8229e-08,-1.0197e-08
0.04,0.04,-0.04,0.10472,0.10472,-1.4562e-08,-4.6404e-08,-3.8573e-08,-2.8639e-08,1.9075e-09,2.7511e-08,3.2387e-08,-2.615e-08,4.2407e-09,-2.1897e-08,-3.5146e-08,-8.8152e-09
0,-0.08,0,0.10472,0.10472,-8.9154e-09,-4.9476e-08,-2.995e-08,-1.4393e-08,7.6906e-09,2.9727e-08,3.674e-08,-3.9008e-08,-8.2543e-09,-1.2849e-08,-3.2951e-08,-1.7937e-08
-0.04,-0.04,0,0.10472,0.10472,-4.2637e-09,-5.5959e-08,-4.0696e-08,-1.8493e-08,8.2961e-09,2.0653e-08,3.9582e-08,-3.2582e-08,-5.3002e-09,-1.3472e-08,-2.7393e-08,-1.7023e-08
0,-0.04,0,0.10472,0.10472,-1.0122e-08,-5.1989e-08,-3.4889e-08,-1.7321e-08,8.5897e-09,2.6214e-08,3.6093e-08,-3.3451e-08,-5.8198e-09,-1.4038e-08,-3.2175e-08,-1.3394e-08
0.04,-0.04,0,0.10472,0.10472,-1.7341e-08,-4.955e-08,-2.9833e-08,-1.7047e-08,7.0113e-09,3.3853e-08,3.1919e-08,-3.4308e-08,-6.4035e-09,-1.4275e-08,-3.9652e-08,-9.9048e-09
-0.08,0,0,0.10472,0.10472,-7.2777e-10,-6.2494e-08,-5.2965e-08,-2.3427e-08,8.7438e-09,1.0816e-08,4.0615e-08,-2.5416e-08,-2.8403e-09,-1.4485e-08,-2.1496e-08,-1.5768e-08
-0.04,0,0,0.10472,0.10472,-4.8001e-09,-6.1039e-08,-4.5028e-08,-2.1607e-08,8.2456e-09,1.6667e-08,3.8454e-08,-2.6748e-08,-2.8984e-09,-1.4778e-08,-2.6298e-08,-1.343e-08
0,0,0,0.10472,0.10472,-9.8587e-09,-5.8387e-08,-3.9195e-08,-2.1069e-08,7.7601e-09,2.2939e-08,3.42e-08,-2.7761e-08,-2.9869e-09,-1.5434e-08,-3.1556e-08,-1.0453e-08
0.04,0,0,0.10472,0.10472,-1.5932e-08,-5.228e-08,-3.2576e-08,-2.0306e-08,6.6253e-09,2.8951e-08,3.129e-08,-2.8905e-08,-4.1371e-09,-1.4905e-08,-3.7681e-08,-7.793e-09
0.08,0,0,0.10472,0.10472,-2.2035e-08,-4.812e-08,-2.5923e-08,-1.935e-08,6.4214e-09,3.5347e-08,2.6663e-08,-2.9352e-08,-4.1278e-09,-1.3457e-08,-4.7158e-08,-5.2285e-09
-0.04,0.04,0,0.10472,0.10472,-4.9983e-09,-6.2617e-08,-5.2128e-08,-2.9131e-08,8.2968e-09,1.3926e-08,3.5238e-08,-2.2619e-08,-2.3798e-10,-1.5242e-08,-2.4734e-08,-8.7956e-09
0,0.04,0,0.10472,0.10472,-8.7142e-09,-6.0518e-08,-4.319e-08,-2.7386e-08,7.6141e-09,1.9795e-08,3.183e-08,-2.3593e-08,7.8895e-10,-1.625e-08,-2.9428e-08,-7.718e-09
0.04,0.04,0,0.10472,0.10472,-1.4433e-08,-5.6012e-08,-3.5122e-08,-2.585e-08,6.0726e-09,2.4489e-08,2.8134e-08,-2.4952e-08,1.0922e-09,-1.3592e-08,-3.5325e-08,-5.2941e-09
0,0.08,0,0.10472,0.10472,-8.6536e-09,-5.9976e-08,-4.7327e-08,-3.3794e-08,7.0677e-09,1.5318e-08,2.8881e-08,-2.0134e-08,5.4046e-09,-1.5677e-08,-2.7259e-08,-4.6724e-09
-0.04,-0.04,0.04,0.10472,0.10472,-2.7514e-09,-6.7044e-08,-3.6028e-08,-1.4515e-08,1.6036e-08,1.8453e-08,3.2439e-08,-2.7924e-08,-8.5575e-09,-1.0057e-08,-2.709e-08,-1.1099e-08
0,-0.04,0.04,0.10472,0.10472,-7.6726e-09,-6.2611e-08,-3.2206e-08,-1.375e-08,1.3495e-08,2.4587e-08,3.0043e-08,-2.769e-08,-9.614e-09,-1.019e-08,-3.2483e-08,-7.5524e-09
0.04,-0.04,0.04,0.10472,0.10472,-1.5884e-08,-5.8351e-08,-2.7179e-08,-1.3468e-08,1.1074e-08,2.861e-08,2.7386e-08,-2.8467e-08,-1.1808e-08,-9.3409e-09,-3.8376e-08,-6.6798e-09
-0.04,0,0.04,0.10472,0.10472,-3.4418e-09,-7.3712e-08,-4.1848e-08,-1.7649e-08,1.5803e-08,1.6366e-08,3.1715e-08,-2.3386e-08,-6.4575e-09,-1.0406e-08,-2.6019e-08,-6.6637e-09
0,0,0.04,0.10472,0.10472,-8.5354e-09,-6.9483e-08,-3.5367e-08,-1.7095e-08,1.3802e-08,2.1581e-08,2.9752e-08,-2.4039e-08,-6.8208e-09,-9.5133e-09,-3.1407e-08,-5.3513e-09
0.04,0,0.04,0.10472,0.10472,-1.5134e-08,-6.2502e-08,-3.0125e-08,-1.632e-08,1.1399e-08,2.6063e-08,2.6565e-08,-2.4223e-08,-7.5003e-09,-9.3332e-09,-3.644e-08,-3.347e-09
-0.04,0.04,0.04,0.10472,0.10472,-3.3736e-09,-7.6947e-08,-4.5513e-08,-2.1664e-08,1.5879e-08,1.4012e-08,2.9787e-08,-2.0516e-08,-3.2873e-09,-1.0715e-08,-2.4544e-08,-4.6043e-09
0,0.04,0.04,0.10472,0.10472,-8.1369e-09,-7.0722e-08,-3.9065e-08,-2.0679e-08,1.2411e-08,1.8511e-08,2.7534e-08,-2.0514e-08,-3.2957e-09,-9.8803e-09,-2.8519e-08,-2.9231e-09
0.04,0.04,0.04,0.10472,0.10472,-1.4251e-08,-6.4714e-08,-3.3241e-08,-2.148e-08,1.0746e-08,2.227e-08,2.509e-08,-2.1685e-08,-2.8557e-09,-8.638e-09,-3.4374e-08,-1.3966e-09
0,0,0.08,0.10472,0.10472,-5.0632e-09,-8.3013e-08,-3.1716e-08,-1.2307e-08,1.8019e-08,1.8878e-08,2.343e-08,-2.0843e-08,-1.1133e-08,-5.8098e-09,-2.9318e-08,4.441e-10
0,0,-0.08,0.15708,0.10472,-1.0501e-08,-4.0584e-08,-4.5647e-08,-2.4826e-08,-1.9547e-09,2.3263e-08,4.561e-08,-3.3006e-08,-1.3812e-11,-2.5202e-08,-2.737e-08,-1.8865e-08
-0.04,-0.04,-0.04,0.15708,0.10472,-5.0994e-09,-4.7676e-08,-4.5011e-08,-1.8604e-08,3.9131e-09,2.016e-08,4.9417e-08,-3.6338e-08,-4.3559e-09,-1.6633e-08,-2.6019e-08,-2.5454e-08
0,-0.04,-0.04,0.15708,0.10472,-1.0325e-08,-4.5942e-08,-3.8894e-08,-1.7539e-08,4.2932e-09,2.7208e-08,4.2996e-08,-3.8137e-08,-4.4471e-09,-1.7456e-08,-3.1429e-08,-2.0369e-08
0.04,-0.04,-0.04,0.15708,0.10472,-1.7071e-08,-4.1871e-08,-3.1073e-08,-1.7011e-08,3.4495e-09,3.5419e-08,3.6917e-08,-3.9879e-08,-4.7961e-09,-1.7668e-08,-3.8556e-08,-1.619e-08
-0.04,0,-0.04,0.15708,0.10472,-5.3279e-09,-5.0068e-08,-5.2459e-08,-2.2458e-08,2.5953e-09,1.5872e-08,4.5479e-08,-3.022e-08,-1.4581e-09,-1.9163e-08,-2.4743e-08,-1.9936e-08
0,0,-0.04,0.15708,0.10472,-1.0173e-08,-4.8098e-08,-4.2378e-08,-2.1871e-08,3.2588e-09,2.2426e-08,3.9981e-08,-3.151e-08,-2.14e-09,-1.9736e-08,-3.0487e-08,-1.4562e-08
0.04,0,-0.04,0.15708,0.10472,-1.5908e-08,-4.3598e-08,-3.5984e-08,-2.0993e-08,3.4497e-09,3.1413e-08,3.4805e-08,-3.2942e-08,-1.5555e-09,-2.0025e-08,-3.6429e-08,-1.2964e-08
-0.04,0.04,-0.04,0.15708,0.10472,-5.8567e-09,-5.2843e-08,-5.7717e-08,-2.959e-08,2.7559e-09,1.2235e-08,4.0085e-08,-2.4946e-08,1.0212e-09,-2.0571e-08,-2.3674e-08,-1.4974e-08
0,0.04,-0.04,0.15708,0.10472,-1.0056e-08,-4.9039e-08,-4.9231e-08,-2.8773e-08,2.7461e-09,1.9548e-08,3.7209e-08,-2.6506e-08,1.629e-09,-2.1388e-08,-2.8776e-08,-1.2574e-08
0.04,0.04,-0.04,0.15708,0.10472,-1.4512e-08,-4.7025e-08,-3.8468e-08,-2.6266e-08,2.2172e-09,2.4777e-08,3.2576e-08,-2.7378e-08,2.0185e-09,-2.1401e-08,-3.388e-08,-1.038e-08
0,-0.08,0,0.15708,0.10472,-8.7102e-09,-4.9133e-08,-3.2155e-08,-1.2022e-08,9.8069e-09,2.8364e-08,3.7911e-08,-4.1159e-08,-9.6052e-09,-1.2435e-08,-3.371e-08,-2.0731e-08
-0.04,-0.04,0,0.15708,0.10472,-4.531e-09,-5.5601e-08,-4.1706e-08,-1.5232e-08,1.1235e-08,1.8919e-08,4.043e-08,-3.2422e-08,-6.9175e-09,-1.2449e-08,-2.6699e-08,-1.9943e-08
0,-0.04,0,0.15708,0.10472,-9.4606e-09,-5.429e-08,-3.6561e-08,-1.3898e-08,9.2593e-09,2.587e-08,3.5418e-08,-3.4667e-08,-7.7808e-09,-1.2699e-08,-3.1311e-08,-1.6454e-08
0.04,-0.04,0,0.15708,0.10472,-1.6739e-08,-4.9748e-08,-2.9618e-08,-1.4335e-08,7.654e-09,3.1756e-08,3.2182e-08,-3.5458e-08,-9.1788e-09,-1.2416e-08,-4.0122e-08,-1.2964e-08
-0.08,0,0,0.15708,0.10472,-3.5517e-10,-6.05e-08,-5.6786e-08,-2.0011e-08,1.2772e-08,1.0918e-08,4.2222e-08,-2.6826e-08,-4.2155e-09,-1.3219e-08,-2.1344e-08,-1.8772e-08
-0.04,0,0,0.15708,0.10472,-4.9798e-09,-5.9617e-08,-4.8697e-08,-1.9712e-08,1.0195e-08,1.6198e-08,3.807e-08,-2.8331e-08,-4.4115e-09,-1.4002e-08,-2.4961e-08,-1.5171e-08
0,0,0,0.15708,0.10472,-1.0165e-08,-5.7347e-08,-3.9685e-08,-1.9093e-08,8.4865e-09,2.2058e-08,3.3424e-08,-2.9068e-08,-4.0019e-09,-1.49e-08,-3.0169e-08,-1.2402e-08
0.04,0,0,0.15708,0.10472,-1.6148e-08,-5.2673e-08,-3.4013e-08,-1.7209e-08,7.5211e-09,2.7968e-08,3.0917e-08,-2.9535e-08,-5.5902e-09,-1.3365e-08,-3.7469e-08,-9.4647e-09
0.08,0,0,0.15708,0.10472,-2.3108e-08,-4.7629e-08,-2.7212e-08,-1.6604e-08,6.4887e-09,3.4878e-08,2.7837e-08,-3.0244e-08,-6.4109e-09,-1.2699e-08,-4.6939e-08,-7.0857e-09
-0.04,0.04,0,0.15708,0.10472,-4.6089e-09,-6.3943e-08,-5.3312e-08,-2.5291e-08,9.7231e-09,1.2791e-08,3.5146e-08,-2.3229e-08,-2.3021e-09,-1.5064e-08,-2.4115e-08,-1.0663e-08
0,0.04,0,0.15708,0.10472,-9.1226e-09,-5.8391e-08,-4.3876e-08,-2.4433e-08,8.5282e-09,1.706e-08,3.1849e-08,-2.4426e-08,-1.7747e-09,-1.3099e-08,-2.8603e-08,-8.2294e-09
0.04,0.04,0,0.15708,0.10472,-1.4694e-08,-5.6582e-08,-3.5521e-08,-2.2669e-08,6.3991e-09,2.3534e-08,2.9223e-08,-2.4881e-08,-3.0094e-10,-1.397e-08,-3.4988e-08,-7.2838e-09
0,0.08,0,0.15708,0.10472,-9.2417e-09,-6.0446e-08,-4.821e-08,-3.2112e-08,7.6211e-09,1.3346e-08,3.005e-08,-2.0608e-08,2.8452e-09,-1.4653e-08,-2.7201e-08,-5.7012e-09
-0.04,-0.04,0.04,0.15708,0.10472,-7.2565e-10,-6.5281e-08,-3.8126e-08,-1.1878e-08,1.6397e-08,1.7528e-08,3.327e-08,-2.812e-08,-1.043e-08,-9.5516e-09,-2.6724e-08,-1.4199e-08
0,-0.04,0.04,0.15708,0.10472,-8.9396e-09,-6.2228e-08,-3.3089e-08,-1.1223e-08,1.4076e-08,2.2767e-08,3.0896e-08,-2.9632e-08,-1.1416e-08,-8.5951e-09,-3.1469e-08,-1.0786e-08
0.04,-0.04,0.04,0.15708,0.10472,-1.7265e-08,-5.7006e-08,-2.8464e-08,-1.0983e-08,1.1848e-08,2.7723e-08,2.8005e-08,-3.0783e-08,-1.3195e-08,-8.404e-09,-3.7951e-08,-7.4776e-09
-0.04,0,0.04,0.15708,0.10472,-2.1441e-09,-7.091e-08,-4.2667e-08,-1.4918e-08,1.788e-08,1.5495e-08,3.1756e-08,-2.4958e-08,-7.6052e-09,-9.3584e-09,-2.6007e-08,-9.853e-09
0,0,0.04,0.15708,0.10472,-8.3026e-09,-6.6594e-08,-3.7185e-08,-1.4677e-08,1.5292e-08,1.9496e-08,2.9052e-08,-2.4801e-08,-8.5861e-09,-8.7399e-09,-3.0418e-08,-7.2392e-09
0.04,0,0.04,0.15708,0.10472,-1.5918e-08,-6.1168e-08,-3.1044e-08,-1.353e-08,1.2528e-08,2.5682e-08,2.6563e-08,-2.6515e-08,-9.7964e-09,-7.3101e-09,-3.7051e-08,-5.6049e-09
-0.04,0.04,0.04,0.15708,0.10472,-3.4905e-09,-7.6876e-08,-4.6811e-08,-1.9535e-08,1.8183e-08,1.2814e-08,3.0299e-08,-2.1437e-08,-4.6864e-09,-1.0123e-08,-2.4609e-08,-5.7828e-09
0,0.04,0.04,0.15708,0.10472,-8.8183e-09,-6.9728e-08,-3.9595e-08,-1.7688e-08,1.4278e-08,1.6397e-08,2.7535e-08,-2.215e-08,-5.8195e-09,-8.1462e-09,-2.8314e-08,-5.1865e-09
0.04,0.04,0.04,0.15708,0.10472,-1.4007e-08,-6.5553e-08,-3.4721e-08,-1.8096e-08,1.2439e-08,2.1254e-08,2.5258e-08,-2.2506e-08,-6.2425e-09,-7.2171e-09,-3.5207e-08,-3.7008e-09
0,0,0.08,0.15708,0.10472,-5.766e-09,-8.0536e-08,-3.3686e-08,-8.9381e-09,2.0094e-08,1.8339e-08,2.4704e-08,-2.1119e-08,-1.3607e-08,-4.1739e-09,-2.9769e-08,-2.1491e-09
0,0,-0.08,0.05236,0.15708,-9.9646e-09,-4.1612e-08,-4.2042e-08,-2.8042e-08,-4.6352e-09,2.6668e-08,4.5818e-08,-3.2759e-08,3.4195e-09,-2.6907e-08,-2.8415e-08,-1.4587e-08
-0.04,-0.04,-0.04,0.05236,0.15708,-5.3213e-09,-4.8992e-08,-4.1711e-08,-2.2674e-08,1.4938e-09,2.2442e-08,4.7165e-08,-3.4292e-08,-1.679e-09,-1.7941e-08,-2.6548e-08,-1.9878e-08
0,-0.04,-0.04,0.05236,0.15708,-1.0514e-08,-4.6217e-08,-3.5633e-08,-2.1965e-08,1.8434e-09,2.9835e-08,4.2844e-08,-3.5022e-08,-1.8349e-09,-1.9084e-08,-3.203e-08,-1.5566e-08
0.04,-0.04,-0.04,0.05236,0.15708,-1.6286e-08,-4.422e-08,-2.9167e-08,-2.1336e-08,1.6195e-09,3.9842e-08,3.6986e-08,-3.7236e-08,-1.942e-09,-2.1057e-08,-3.9257e-08,-1.2536e-08
-0.04,0,-0.04,0.05236,0.15708,-5.8874e-09,-5.0042e-08,-4.8491e-08,-2.8299e-08,4.5623e-10,1.8617e-08,4.3929e-08,-2.8562e-08,1.1072e-09,-2.0147e-08,-2.5677e-08,-1.4719e-08
0,0,-0.04,0.05236,0.15708,-1.0341e-08,-4.8838e-08,-3.9962e-08,-2.6806e-08,1.801e-09,2.632e-08,3.941e-08,-3.0449e-08,1.717e-09,-2.1209e-08,-3.0629e-08,-1.1707e-08
0.04,0,-0.04,0.05236,0.15708,-1.4662e-08,-4.5048e-08,-3.352e-08,-2.5637e-08,1.0933e-09,3.5533e-08,3.5409e-08,-3.0874e-08,2.171e-09,-2.2255e-08,-3.6549e-08,-9.8192e-09
-0.04,0.04,-0.04,0.05236,0.15708,-5.7713e-09,-5.3278e-08,-5.6175e-08,-3.4905e-08,-8.8243e-10,1.4958e-08,4.0507e-08,-2.4273e-08,4.4747e-09,-2.2148e-08,-2.4663e-08,-1.0573e-08
0,0.04,-0.04,0.05236,0.15708,-9.472e-09,-4.9807e-08,-4.6715e-08,-3.3873e-08,1.0275e-09,2.1601e-08,3.6514e-08,-2.5085e-08,5.2126e-09,-2.2706e-08,-2.9284e-08,-9.2346e-09
0.04,0.04,-0.04,0.05236,0.15708,-1.3696e-08,-4.5904e-08,-3.7871e-08,-3.1812e-08,9.7871e-10,2.8612e-08,3.2582e-08,-2.6426e-08,6.2291e-09,-2.3588e-08,-3.3286e-08,-6.981e-09
0,-0.08,0,0.05236,0.15708,-9.4469e-09,-4.9824e-08,-2.8774e-08,-1.5763e-08,7.0282e-09,2.98e-08,3.7544e-08,-3.8238e-08,-6.3045e-09,-1.3891e-08,-3.3615e-08,-1.5352e-08
-0.04,-0.04,0,0.05236,0.15708,-3.5846e-09,-5.6615e-08,-3.8903e-08,-1.9324e-08,7.1847e-09,2.0265e-08,3.958e-08,-3.0928e-08,-3.4999e-09,-1.4131e-08,-2.7002e-08,-1.4457e-08
0,-0.04,0,0.05236,0.15708,-9.7855e-09,-5.4695e-08,-3.3846e-08,-1.9357e-08,6.9589e-09,2.741e-08,3.5053e-08,-3.1263e-08,-4.4607e-09,-1.4587e-08,-3.2541e-08,-1.0804e-08
0.04,-0.04,0,0.05236,0.15708,-1.5902e-08,-5.0797e-08,-2.8476e-08,-1.8488e-08,6.2963e-09,3.3332e-08,3.1923e-08,-3.2083e-08,-5.4534e-09,-1.4288e-08,-3.9838e-08,-8.6929e-09
-0.08,0,0,0.05236,0.15708,-7.9809e-10,-6.286e-08,-5.174e-08,-2.5675e-08,8.1711e-09,1.2877e-08,4.0565e-08,-2.4682e-08,-1.4025e-09,-1.5102e-08,-2.1272e-08,-1.2314e-08
-0.04,0,0,0.05236,0.15708,-4.1909e-09,-6.0808e-08,-4.5108e-08,-2.514e-08,7.8544e-09,1.765e-08,3.7604e-08,-2.5846e-08,-1.3679e-09,-1.4889e-08,-2.6549e-08,-9.6533e-09
0,0,0,0.05236,0.15708,-9.5365e-09,-5.8343e-08,-3.74e-08,-2.4147e-08,6.103e-09,2.4257e-08,3.3284e-08,-2.6494e-08,-1.0536e-09,-1.5742e-08,-3.1904e-08,-7.2287e-09
0.04,0,0,0.05236,0.15708,-1.5534e-08,-5.277e-08,-3.1573e-08,-2.2783e-08,6.0144e-09,3.0028e-08,2.9814e-08,-2.7309e-08,-1.4699e-09,-1.6247e-08,-3.8234e-08,-5.7026e-09
0.08,0,0,0.05236,0.15708,-2.1082e-08,-4.9026e-08,-2.5476e-08,-2.0931e-08,5.6682e-09,3.8137e-08,2.733e-08,-2.7724e-08,-2.0209e-09,-1.5273e-08,-4.5672e-08,-4.2674e-09
-0.04,0.04,0,0.05236,0.15708,-4.2456e-09,-6.36e-08,-5.1712e-08,-3.201e-08,8.3586e-09,1.4598e-08,3.5042e-08,-2.2376e-08,1.7104e-09,-1.7239e-08,-2.4894e-08,-6.1036e-09
0,0.04,0,0.05236,0.15708,-8.8358e-09,-5.9785e-08,-4.2327e-08,-2.99e-08,7.4525e-09,2.0449e-08,3.1342e-08,-2.273e-08,2.4085e-09,-1.6727e-08,-3.0834e-08,-5.5683e-09
0.04,0.04,0,0.05236,0.15708,-1.3715e-08,-5.5597e-08,-3.5419e-08,-2.8294e-08,5.3975e-09,2.6209e-08,2.9106e-08,-2.3336e-08,3.5276e-09,-1.6865e-08,-3.5973e-08,-3.6225e-09
0,0.08,0,0.05236,0.15708,-7.9925e-09,-6.0754e-08,-4.8021e-08,-3.8581e-08,6.0763e-09,1.6791e-08,2.9058e-08,-1.8942e-08,6.9257e-09,-1.6623e-08,-2.7438e-08,-2.897e-09
-0.04,-0.04,0.04,0.05236,0.15708,-2.3727e-09,-7.0268e-08,-3.6963e-08,-1.6825e-08,1.4369e-08,1.9446e-08,3.2217e-08,-2.4807e-08,-6.3479e-09,-1.0801e-08,-2.6619e-08,-9.2272e-09
0,-0.04,0.04,0.05236,0.15708,-7.8583e-09,-6.5114e-08,-3.1126e-08,-1.6189e-08,1.2201e-08,2.4908e-08,2.9613e-08,-2.5874e-08,-7.5191e-09,-1.0911e-08,-3.2462e-08,-6.0933e-09
0.04,-0.04,0.04,0.05236,0.15708,-1.5831e-08,-5.9764e-08,-2.6736e-08,-1.5142e-08,1.005e-08,3.0177e-08,2.7227e-08,-2.6743e-08,-9.3741e-09,-1.0358e-08,-3.8667e-08,-3.4314e-09
-0.04,0,0.04,0.05236,0.15708,-3.2538e-09,-7.5256e-08,-4.1311e-08,-2.1175e-08,1.5871e-08,1.7629e-08,3.1687e-08,-2.2423e-08,-4.8076e-09,-1.161e-08,-2.5882e-08,-4.566e-09
0,0,0.04,0.05236,0.15708,-8.2762e-09,-6.8609e-08,-3.5399e-08,-2.0357e-08,1.324e-08,2.2717e-08,2.8441e-08,-2.2568e-08,-4.8722e-09,-1.1045e-08,-3.0618e-08,-2.6726e-09
0.04,0,0.04,0.05236,0.15708,-1.4542e-08,-6.3169e-08,-3.0469e-08,-1.9393e-08,1.0614e-08,2.7584e-08,2.5725e-08,-2.4663e-08,-4.9843e-09,-1.0894e-08,-3.8154e-08,-1.3044e-09
-0.04,0.04,0.04,0.05236,0.15708,-2.7207e-09,-7.5901e-08,-4.4684e-08,-2.6485e-08,1.5744e-08,1.472e-08,2.9553e-08,-1.9756e-08,-1.5246e-09,-1.1134e-08,-2.4705e-08,-1.9436e-09
0,0.04,0.04,0.05236,0.15708,-6.8038e-09,-7.1325e-08,-3.9212e-08,-2.4887e-08,1.2652e-08,1.9397e-08,2.6958e-08,-1.9493e-08,-1.6607e-09,-1.1948e-08,-2.9652e-08,-1.174e-09
0.04,0.04,0.04,0.05236,0.15708,-1.3409e-08,-6.5763e-08,-3.2583e-08,-2.3881e-08,1.037e-08,2.345e-08,2.5275e-08,-2.0461e-08,-6.5653e-10,-9.3622e-09,-3.4994e-08,1.007e-10
0,0,0.08,0.05236,0.15708,-6.7551e-09,-8.4879e-08,-3.256e-08,-1.505e-08,1.8473e-08,1.9948e-08,2.4456e-08,-1.8792e-08,-8.6056e-09,-6.6613e-09,-2.9915e-08,3.0099e-09
0,0,-0.08,0.10472,0.15708,-1.0399e-08,-4.1139e-08,-4.4632e-08,-2.6732e-08,-2.8551e-09,2.6009e-08,4.4809e-08,-3.2275e-08,1.7522e-09,-2.5942e-08,-2.8608e-08,-1.6343e-08
-0.04,-0.04,-0.04,0.10472,0.15708,-5.4474e-09,-4.7784e-08,-4.4377e-08,-2.1184e-08,3.5181e-09,2.0755e-08,4.911e-08,-3.5591e-08,-2.9223e-09,-1.806e-08,-2.6341e-08,-2.1534e-08
0,-0.04,-0.04,0.10472,0.15708,-1.0666e-08,-4.4842e-08,-3.7684e-08,-2.0235e-08,2.539e-09,2.9944e-08,4.2708e-08,-3.7487e-08,-3.549e-09,-1.7874e-08,-3.1954e-08,-1.8079e-08
0.04,-0.04,-0.04,0.10472,0.15708,-1.6105e-08,-4.2822e-08,-3.037e-08,-1.8813e-08,2.6447e-09,3.8743e-08,3.7287e-08,-3.9334e-08,-3.554e-09,-1.986e-08,-3.8865e-08,-1.452e-08
-0.04,0,-0.04,0.10472,0.15708,-5.6954e-09,-4.9972e-08,-5.0913e-08,-2.4797e-08,2.3117e-09,1.7561e-08,4.4748e-08,-2.9283e-08,-2.6573e-10,-2.0048e-08,-2.543e-08,-1.6423e-08
0,0,-0.04,0.10472,0.15708,-1.009e-08,-4.8525e-08,-4.1125e-08,-2.399e-08,2.6591e-09,2.4246e-08,3.8289e-08,-3.0665e-08,-1.7834e-10,-2.104e-08,-3.0357e-08,-1.4001e-08
0.04,0,-0.04,0.10472,0.15708,-1.5657e-08,-4.5972e-08,-3.5047e-08,-2.4225e-08,2.5746e-09,3.3809e-08,3.5802e-08,-3.1397e-08,-5.3776e-10,-2.1777e-08,-3.7106e-08,-1.0974e-08
-0.04,0.04,-0.04,0.10472,0.15708,-5.7984e-09,-5.1677e-08,-5.9108e-08,-3.229e-08,9.5976e-10,1.3135e-08,4.0752e-08,-2.497e-08,2.403e-09,-2.1209e-08,-2.4706e-08,-1.1996e-08
0,0.04,-0.04,0.10472,0.15708,-1.032e-08,-5.1032e-08,-4.7944e-08,-3.065e-08,2.3201e-09,2.032e-08,3.6539e-08,-2.574e-08,3.3594e-09,-2.2189e-08,-2.8183e-08,-1.021e-08
0.04,0.04,-0.04,0.10472,0.15708,-1.4172e-08,-4.6843e-08,-3.8708e-08,-2.8809e-08,2.0596e-09,2.8048e-08,3.2617e-08,-2.6922e-08,4.0995e-09,-2.3262e-08,-3.497e-08,-8.2526e-09
0,-0.08,0,0.10472,0.15708,-9.1246e-09,-4.9451e-08,-3.1387e-08,-1.4757e-08,7.9085e-09,2.9724e-08,3.7472e-08,-3.956e-08,-7.8613e-09,-1.2758e-08,-3.3109e-08,-1.8872e-08
-0.04,-0.04,0,0.10472,0.15708,-3.5063e-09,-5.6038e-08,-4.1074e-08,-1.8296e-08,9.4437e-09,1.8295e-08,3.98e-08,-3.1496e-08,-5.0933e-09,-1.3857e-08,-2.7098e-08,-1.7812e-08
0,-0.04,0,0.10472,0.15708,-9.724e-09,-5.4678e-08,-3.5196e-08,-1.6711e-08,8.0488e-09,2.5374e-08,3.5558e-08,-3.3419e-08,-6.299e-09,-1.4136e-08,-3.2592e-08,-1.4065e-08
0.04,-0.04,0,0.10472,0.15708,-1.672e-08,-5.0049e-08,-2.9247e-08,-1.6318e-08,7.5742e-09,3.2956e-08,3.2621e-08,-3.3887e-08,-7.7994e-09,-1.4779e-08,-3.9072e-08,-1.0249e-08
-0.08,0,0,0.10472,0.15708,-4.3312e-10,-6.3204e-08,-5.2916e-08,-2.37e-08,1.0887e-08,1.1537e-08,4.09e-08,-2.548e-08,-3.1572e-09,-1.4396e-08,-2.1593e-08,-1.5045e-08
-0.04,0,0,0.10472,0.15708,-4.3678e-09,-5.9317e-08,-4.8298e-08,-2.1378e-08,9.08e-09,1.7456e-08,3.7635e-08,-2.6304e-08,-3.2161e-09,-1.5133e-08,-2.5797e-08,-1.2049e-08
0,0,0,0.10472,0.15708,-9.5722e-09,-5.7136e-08,-4.0602e-08,-2.0991e-08,7.2874e-09,2.2851e-08,3.4084e-08,-2.8225e-08,-3.0418e-09,-1.4598e-08,-3.1695e-08,-9.5936e-09
0.04,0,0,0.10472,0.15708,-1.6033e-08,-5.1974e-08,-3.2488e-08,-2.0736e-08,7.3939e-09,2.8776e-08,3.1024e-08,-2.7747e-08,-2.9888e-09,-1.4504e-08,-3.6956e-08,-7.9686e-09
0.08,0,0,0.10472,0.15708,-2.3258e-08,-4.8134e-08,-2.6905e-08,-1.9485e-08,5.8453e-09,3.5777e-08,2.8059e-08,-2.9016e-08,-5.0598e-09,-1.4331e-08,-4.565e-08,-5.5153e-09
-0.04,0.04,0,0.10472,0.15708,-5.0969e-09,-6.4036e-08,-5.2501e-08,-2.8864e-08,8.1512e-09,1.3351e-08,3.5109e-08,-2.2694e-08,-9.8954e-10,-1.5658e-08,-2.4457e-08,-8.8174e-09
0,0.04,0,0.10472,0.15708,-8.4206e-09,-5.9317e-08,-4.422e-08,-2.7552e-08,7.7794e-09,1.9816e-08,3.2134e-08,-2.3578e-08,4.7283e-10,-1.5513e-08,-2.9175e-08,-6.1919e-09
0.04,0.04,0,0.10472,0.15708,-1.3948e-08,-5.4874e-08,-3.7143e-08,-2.4988e-08,7.2254e-09,2.4443e-08,2.9038e-08,-2.4277e-08,9.8363e-10,-1.4937e-08,-3.6271e-08,-5.1269e-09
0,0.08,0,0.10472,0.15708,-8.366e-09,-6.0497e-08,-4.8888e-08,-3.5236e-08,7.6545e-09,1.5441e-08,2.9168e-08,-2.0241e-08,4.5731e-09,-1.6738e-08,-2.7341e-08,-4.0911e-09
-0.04,-0.04,0.04,0.10472,0.15708,-1.9027e-09,-6.7796e-08,-3.8372e-08,-1.4855e-08,1.5484e-08,1.8498e-08,3.2923e-08,-2.7346e-08,-8.1378e-09,-1.0361e-08,-2.6488e-08,-1.1417e-08
0,-0.04,0.04,0.10472,0.15708,-8.6365e-09,-6.4116e-08,-3.1933e-08,-1.3929e-08,1.313e-08,2.2667e-08,3.0659e-08,-2.8096e-08,-9.1353e-09,-9.9876e-09,-3.1477e-08,-7.7412e-09
0.04,-0.04,0.04,0.10472,0.15708,-1.6134e-08,-5.8035e-08,-2.7672e-08,-1.309e-08,1.1391e-08,2.9317e-08,2.7529e-08,-2.9034e-08,-1.1058e-08,-9.3839e-09,-3.8348e-08,-5.516e-09
-0.04,0,0.04,0.10472,0.15708,-3.5095e-09,-7.2895e-08,-4.2621e-08,-1.7868e-08,1.7124e-08,1.6447e-08,3.1694e-08,-2.4165e-08,-6.7116e-09,-1.0054e-08,-2.5749e-08,-8.4841e-09
0,0,0.04,0.10472,0.15708,-9.6388e-09,-6.793e-08,-3.5718e-08,-1.7086e-08,1.3204e-08,2.1157e-08,2.8814e-08,-2.4353e-08,-6.4891e-09,-1.0517e-08,-3.0634e-08,-4.0374e-09
0.04,0,0.04,0.10472,0.15708,-1.5507e-08,-6.4918e-08,-3.0335e-08,-1.6804e-08,1.1659e-08,2.5817e-08,2.6281e-08,-2.4852e-08,-7.87e-09,-8.7906e-09,-3.6933e-08,-3.3262e-09
-0.04,0.04,0.04,0.10472,0.15708,-2.7088e-09,-7.6885e-08,-4.6919e-08,-2.2662e-08,1.6358e-08,1.398e-08,2.9537e-08,-2.0387e-08,-3.1805e-09,-1.0458e-08,-2.409e-08,-3.6384e-09
0,0.04,0.04,0.10472,0.15708,-7.438e-09,-7.1195e-08,-3.9728e-08,-2.1583e-08,1.3442e-08,1.874e-08,2.6944e-08,-2.1362e-08,-3.1191e-09,-9.9947e-09,-2.8292e-08,-2.6042e-09
0.04,0.04,0.04,0.10472,0.15708,-1.3678e-08,-6.3715e-08,-3.2879e-08,-1.9656e-08,1.0995e-08,2.2594e-08,2.4829e-08,-2.1594e-08,-3.4513e-09,-9.0138e-09,-3.514e-08,-1.5719e-09
0,0,0.08,0.10472,0.15708,-6.7275e-09,-8.1421e-08,-3.3115e-08,-1.2166e-08,1.8915e-08,1.8608e-08,2.3982e-08,-2.0394e-08,-1.1645e-08,-5.578e-09,-2.9481e-08,8.7844e-10
0,0,-0.08,0.15708,0.15708,-1.0512e-08,-4.132e-08,-4.5124e-08,-2.5192e-08,-1.6497e-09,2.2943e-08,4.4733e-08,-3.2544e-08,8.8738e-10,-2.552e-08,-2.7322e-08,-1.7781e-08
-0.04,-0.04,-0.04,0.15708,0.15708,-5.4602e-09,-4.6831e-08,-4.6943e-08,-1.8415e-08,4.2428e-09,1.8609e-08,4.9074e-08,-3.6759e-08,-3.91e-09,-1.6848e-08,-2.5894e-08,-2.4851e-08
0,-0.04,-0.04,0.15708,0.15708,-1.0208e-08,-4.464e-08,-3.913e-08,-1.7975e-08,4.3046e-09,2.7222e-08,4.3277e-08,-3.9014e-08,-4.66e-09,-1.7758e-08,-3.1241e-08,-1.9083e-08
0.04,-0.04,-0.04,0.15708,0.15708,-1.5554e-08,-4.2689e-08,-3.1266e-08,-1.6811e-08,4.1037e-09,3.6132e-08,3.7826e-08,-3.9672e-08,-5.0483e-09,-1.791e-08,-3.715e-08,-1.6183e-08
-0.04,0,-0.04,0.15708,0.15708,-5.3196e-09,-4.978e-08,-5.3208e-08,-2.3606e-08,3.7358e-09,1.5244e-08,4.6256e-08,-2.9729e-08,-1.7911e-09,-1.8406e-08,-2.4885e-08,-1.824e-08
0,0,-0.04,0.15708,0.15708,-1.1518e-08,-4.701e-08,-4.4751e-08,-2.2159e-08,3.877e-09,2.3602e-08,3.9326e-08,-3.1525e-08,-1.9527e-09,-1.9863e-08,-3.0171e-08,-1.59e-08
0.04,0,-0.04,0.15708,0.15708,-1.5395e-08,-4.4549e-08,-3.5698e-08,-2.0762e-08,3.3934e-09,3.1346e-08,3.5604e-08,-3.2742e-08,-1.9172e-09,-2.0298e-08,-3.6271e-08,-1.2792e-08
-0.04,0.04,-0.04,0.15708,0.15708,-6.6757e-09,-5.0836e-08,-6.1391e-08,-2.8497e-08,3.2676e-09,1.2192e-08,4.1252e-08,-2.5964e-08,1.1593e-09,-2.0642e-08,-2.3459e-08,-1.3996e-08
0,0.04,-0.04,0.15708,0.15708,-1.063e-08,-4.8322e-08,-4.8587e-08,-2.7559e-08,2.2904e-09,1.8147e-08,3.6527e-08,-2.6205e-08,1.4092e-09,-2.1405e-08,-2.7443e-08,-1.2579e-08
0.04,0.04,-0.04,0.15708,0.15708,-1.436e-08,-4.5845e-08,-3.9779e-08,-2.6053e-08,2.9729e-09,2.4863e-08,3.2378e-08,-2.7272e-08,2.1931e-09,-2.1321e-08,-3.3495e-08,-1.0033e-08
0,-0.08,0,0.15708,0.15708,-9.3075e-09,-4.8562e-08,-3.1391e-08,-1.1833e-08,9.7203e-09,2.8327e-08,3.7907e-08,-4.0913e-08,-8.699e-09,-1.2024e-08,-3.2536e-08,-2.0591e-08
-0.04,-0.04,0,0.15708,0.15708,-4.3543e-09,-5.6564e-08,-4.168e-08,-1.5773e-08,1.0877e-08,1.8355e-08,4.0007e-08,-3.3174e-08,-6.3614e-09,-1.3105e-08,-2.6001e-08,-2.0852e-08
0,-0.04,0,0.15708,0.15708,-9.748e-09,-5.3322e-08,-3.6461e-08,-1.5326e-08,9.437e-09,2.4521e-08,3.6171e-08,-3.4426e-08,-7.5303e-09,-1.3465e-08,-3.226e-08,-1.5432e-08
0.04,-0.04,0,0.15708,0.15708,-1.7326e-08,-4.8115e-08,-3.0415e-08,-1.449e-08,8.3821e-09,3.1575e-08,3.2881e-08,-3.6141e-08,-8.6091e-09,-1.268e-08,-3.8696e-08,-1.1576e-08
-0.08,0,0,0.15708,0.15708,-3.0372e-10,-6.2091e-08,-5.4387e-08,-1.9269e-08,1.2944e-08,1.0201e-08,4.1642e-08,-2.6277e-08,-4.2052e-09,-1.3993e-08,-2.1309e-08,-1.7534e-08
-0.04,0,0,0.15708,0.15708,-5.5802e-09,-6.0328e-08,-4.7013e-08,-1.9041e-08,1.1423e-08,1.4773e-08,3.8294e-08,-2.7592e-08,-4.2899e-09,-1.4367e-08,-2.5538e-08,-1.429e-08
0,0,0,0.15708,0.15708,-1.0326e-08,-5.6929e-08,-4.0963e-08,-1.8974e-08,9.2038e-09,2.0806e-08,3.4193e-08,-2.9301e-08,-5.5269e-09,-1.422e-08,-3.0645e-08,-1.1373e-08
0.04,0,0,0.15708,0.15708,-1.628e-08,-5.1423e-08,-3.325e-08,-1.7624e-08,7.7682e-09,2.7492e-08,3.1003e-08,-2.9645e-08,-5.9409e-09,-1.433e-08,-3.7221e-08,-1.0227e-08
0.08,0,0,0.15708,0.15708,-2.404e-08,-4.8547e-08,-2.7364e-08,-1.6671e-08,6.9114e-09,3.4353e-08,2.7386e-08,-3.0483e-08,-6.0071e-09,-1.3671e-08,-4.5399e-08,-6.8617e-09
-0.04,0.04,0,0.15708,0.15708,-5.4492e-09,-6.2012e-08,-5.3269e-08,-2.5406e-08,1.0542e-08,1.2488e-08,3.3981e-08,-2.3627e-08,-1.4094e-09,-1.4816e-08,-2.3944e-08,-1.0705e-08
0,0.04,0,0.15708,0.15708,-9.6225e-09,-5.8571e-08,-4.3448e-08,-2.4962e-08,8.8432e-09,1.7604e-08,3.2098e-08,-2.4242e-08,-1.4306e-09,-1.5252e-08,-2.9544e-08,-8.3393e-09
0.04,0.04,0,0.15708,0.15708,-1.5145e-08,-5.5013e-08,-3.7529e-08,-2.1906e-08,7.9505e-09,2.331e-08,2.834e-08,-2.5017e-08,-1.0605e-09,-1.2736e-08,-3.4737e-08,-7.125e-09
0,0.08,0,0.15708,0.15708,-9.3111e-09,-6.1186e-08,-4.8462e-08,-3.094e-08,8.9603e-09,1.4556e-08,2.8952e-08,-2.1205e-08,3.2785e-09,-1.5008e-08,-2.7795e-08,-6.2124e-09
-0.04,-0.04,0.04,0.15708,0.15708,-2.4095e-09,-6.647e-08,-3.8016e-08,-1.1655e-08,1.8466e-08,1.7797e-08,3.4076e-08,-2.8307e-08,-9.6197e-09,-9.4961e-09,-2.7205e-08,-1.2734e-08
0,-0.04,0.04,0.15708,0.15708,-8.8755e-09,-6.2031e-08,-3.3095e-08,-1.1449e-08,1.4214e-08,2.3157e-08,3.0451e-08,-3.0496e-08,-1.1206e-08,-8.8891e-09,-3.1297e-08,-1.024e-08
0.04,-0.04,0.04,0.15708,0.15708,-1.6913e-08,-5.7462e-08,-2.8117e-08,-1.1025e-08,1.2627e-08,2.7376e-08,2.7785e-08,-3.0368e-08,-1.3211e-08,-8.8902e-09,-3.8743e-08,-7.753e-09
-0.04,0,0.04,0.15708,0.15708,-3.529e-09,-7.2508e-08,-4.4201e-08,-1.4966e-08,1.7972e-08,1.5503e-08,3.1991e-08,-2.4677e-08,-8.242e-09,-9.3142e-09,-2.5475e-08,-9.3853e-09
0,0,0.04,0.15708,0.15708,-9.0742e-09,-6.8798e-08,-3.7339e-08,-1.3768e-08,1.4532e-08,1.983e-08,2.9402e-08,-2.519e-08,-9.1101e-09,-8.5165e-09,-3.0397e-08,-6.3402e-09
0.04,0,0.04,0.15708,0.15708,-1.6231e-08,-6.0777e-08,-3.1896e-08,-1.3953e-08,1.2531e-08,2.4857e-08,2.6963e-08,-2.601e-08,-1.0596e-08,-7.9919e-09,-3.6944e-08,-4.7377e-09
-0.04,0.04,0.04,0.15708,0.15708,-3.6169e-09,-7.5338e-08,-4.7673e-08,-1.7683e-08,1.8021e-08,1.2723e-08,2.9326e-08,-2.1386e-08,-4.878e-09,-9.3048e-09,-2.3918e-08,-6.8435e-09
0,0.04,0.04,0.15708,0.15708,-8.788e-09,-6.9844e-08,-4.0409e-08,-1.7642e-08,1.4544e-08,1.732e-08,2.8163e-08,-2.1592e-08,-5.1083e-09,-8.6687e-09,-2.8771e-08,-4.4607e-09
0.04,0.04,0.04,0.15708,0.15708,-1.43e-08,-6.4592e-08,-3.4253e-08,-1.794e-08,1.2023e-08,2.1432e-08,2.5042e-08,-2.2524e-08,-5.5548e-09,-6.9534e-09,-3.4014e-08,-2.9513e-09
0,0,0.08,0.15708,0.15708,-7.58e-09,-7.9743e-08,-3.354e-08,-8.4536e-09,2.0175e-08,1.8107e-08,2.4345e-08,-2.1751e-08,-1.3031e-08,-4.446e-09,-2.8191e-08,-1.2985e-09
