0,0,-0.08,0.05236,0.05236,1.0642e-08,-2.8178e-08,-1.3783e-08,7.1833e-09,3.9884e-08,2.6641e-08,4.6868e-08,1.7167e-08,-1.9585e-09
-0.04,-0.04,-0.04,0.05236,0.05236,1.1795e-08,-2.7028e-08,-1.6664e-08,7.3451e-09,3.8891e-08,3.5893e-08,4.6581e-08,7.5245e-09,-1.166e-08
0,-0.04,-0.04,0.05236,0.05236,1.3123e-08,-2.5405e-08,-1.9873e-08,9.0503e-09,4.2139e-08,3.0162e-08,3.9882e-08,1.3315e-08,-1.2667e-08
0.04,-0.04,-0.04,0.05236,0.05236,1.4198e-08,-2.3648e-08,-2.3244e-08,1.079e-08,4.6146e-08,2.7291e-08,3.5277e-08,2.0158e-08,-1.4075e-08
-0.04,0,-0.04,0.05236,0.05236,1.3091e-08,-3.2535e-08,-1.5722e-08,2.3459e-09,4.1799e-08,3.1066e-08,4.7906e-08,7.8623e-09,-6.1883e-09
0,0,-0.04,0.05236,0.05236,1.4812e-08,-2.9909e-08,-1.9176e-08,4.4605e-09,4.5761e-08,2.5948e-08,4.1579e-08,1.5039e-08,-5.9629e-09
0.04,0,-0.04,0.05236,0.05236,1.5333e-08,-2.713e-08,-2.3426e-08,5.5782e-09,5.0558e-08,2.4013e-08,3.6159e-08,2.2775e-08,-7.4678e-09
-0.04,0.04,-0.04,0.05236,0.05236,1.5039e-08,-3.9232e-08,-1.4926e-08,7.2852e-10,4.545e-08,2.5191e-08,4.8431e-08,1.0079e-08,-1.5685e-09
0,0.04,-0.04,0.05236,0.05236,1.7834e-08,-3.4228e-08,-1.8036e-08,1.4996e-09,5.0101e-08,2.2994e-08,4.0237e-08,1.8182e-08,-2.147e-09
0.04,0.04,-0.04,0.05236,0.05236,1.8639e-08,-3.129e-08,-2.0419e-08,2.0138e-09,5.3873e-08,2.0398e-08,3.5424e-08,2.597e-08,-2.0234e-09
0,-0.08,0,0.05236,0.05236,1.3692e-08,-2.2408e-08,-2.4779e-08,1.0278e-08,4.2677e-08,3.5687e-08,3.3731e-08,1.0986e-08,-2.5997e-08
-0.04,-0.04,0,0.05236,0.05236,1.4288e-08,-2.8103e-08,-1.9449e-08,2.8992e-09,4.2929e-08,3.4671e-08,3.8625e-08,7.392e-09,-1.3926e-08
0,-0.04,0,0.05236,0.05236,1.6337e-08,-2.6953e-08,-2.4746e-08,4.6953e-09,4.7323e-08,3.0952e-08,3.5084e-08,1.2667e-08,-1.5859e-08
0.04,-0.04,0,0.05236,0.05236,1.8185e-08,-2.4854e-08,-2.9759e-08,5.841e-09,5.3034e-08,2.6613e-08,3.0406e-08,1.8748e-08,-1.7719e-08
-0.08,0,0,0.05236,0.05236,1.4037e-08,-3.6942e-08,-1.5801e-08,-1.5681e-09,4.2414e-08,3.1939e-08,4.482e-08,3.2243e-09,-7.9869e-09
-0.04,0,0,0.05236,0.05236,1.6181e-08,-3.4616e-08,-1.9492e-08,-5.0565e-10,4.8376e-08,2.8771e-08,4.0889e-08,8.3478e-09,-9.2449e-09
0,0,0,0.05236,0.05236,1.8895e-08,-3.0354e-08,-2.371e-08,5.0782e-11,5.3809e-08,2.6728e-08,3.6326e-08,1.4939e-08,-1.0628e-08
0.04,0,0,0.05236,0.05236,2.122e-08,-2.8509e-08,-2.8414e-08,1.1204e-09,5.8542e-08,2.3574e-08,3.1207e-08,1.992e-08,-1.1817e-08
0.08,0,0,0.05236,0.05236,2.3659e-08,-2.5437e-08,-3.4668e-08,2.5248e-09,6.2336e-08,2.0687e-08,2.7866e-08,2.6673e-08,-1.1812e-08
-0.04,0.04,0,0.05236,0.05236,1.9806e-08,-4.0992e-08,-1.7599e-08,-2.5731e-09,5.2661e-08,2.4337e-08,4.1648e-08,1.0356e-08,-4.7645e-09
0,0.04,0,0.05236,0.05236,2.0721e-08,-3.6715e-08,-2.2105e-08,-2.7137e-09,5.9032e-08,2.2537e-08,3.5331e-08,1.7687e-08,-4.906e-09
0.04,0.04,0,0.05236,0.05236,2.4433e-08,-3.3143e-08,-2.5633e-08,-1.2153e-09,6.3773e-08,2.0284e-08,3.1184e-08,2.2845e-08,-6.3573e-09
0,0.08,0,0.05236,0.05236,2.4792e-08,-4.448e-08,-2.1364e-08,-4.1353e-09,6.1884e-08,1.9583e-08,3.5201e-08,1.8564e-08,-2.0525e-09
-0.04,-0.04,0.04,0.05236,0.05236,1.6771e-08,-2.8494e-08,-2.296e-08,-1.439e-09,4.8861e-08,3.1576e-08,3.2102e-08,7.6552e-09,-1.6105e-08
0,-0.04,0.04,0.05236,0.05236,1.8631e-08,-2.5857e-08,-2.6927e-08,-1.4626e-09,5.5489e-08,2.8653e-08,2.9102e-08,1.212e-08,-1.8324e-08
0.04,-0.04,0.04,0.05236,0.05236,2.1005e-08,-2.4087e-08,-3.4224e-08,5.2413e-10,6.1092e-08,2.6218e-08,2.6104e-08,1.6867e-08,-2.0021e-08
-0.04,0,0.04,0.05236,0.05236,1.9026e-08,-3.3508e-08,-2.178e-08,-5.3002e-09,5.5192e-08,2.7523e-08,3.3536e-08,8.5752e-09,-1.1214e-08
0,0,0.04,0.05236,0.05236,2.2145e-08,-3.1209e-08,-2.6098e-08,-4.3345e-09,6.2166e-08,2.4711e-08,2.929e-08,1.3063e-08,-1.2784e-08
0.04,0,0.04,0.05236,0.05236,2.5205e-08,-2.7951e-08,-3.1854e-08,-4.5363e-09,6.8083e-08,2.1934e-08,2.7174e-08,1.8811e-08,-1.3839e-08
-0.04,0.04,0.04,0.05236,0.05236,2.1788e-08,-4.0094e-08,-2.0484e-08,-6.6312e-09,5.9198e-08,2.3657e-08,3.2576e-08,9.8522e-09,-7.1856e-09
0,0.04,0.04,0.05236,0.05236,2.4884e-08,-3.7295e-08,-2.479e-08,-6.7944e-09,6.7291e-08,2.0866e-08,3.0444e-08,1.5612e-08,-8.1712e-09
0.04,0.04,0.04,0.05236,0.05236,2.967e-08,-3.2874e-08,-3.0295e-08,-7.2419e-09,7.8664e-08,1.9136e-08,2.7062e-08,2.1128e-08,-8.7097e-09
0,0,0.08,0.05236,0.05236,2.4541e-08,-2.9683e-08,-2.8388e-08,-1.031e-08,7.3529e-08,2.2272e-08,2.5006e-08,1.2865e-08,-1.3468e-08
0,0,-0.08,0.10472,0.05236,1.1868e-08,-2.7884e-08,-1.3404e-08,9.6532e-09,3.9928e-08,2.5562e-08,4.7051e-08,1.7752e-08,1.7823e-09
-0.04,-0.04,-0.04,0.10472,0.05236,1.2919e-08,-2.7525e-08,-1.6371e-08,9.7071e-09,3.7518e-08,3.5293e-08,4.6213e-08,6.8742e-09,-7.1439e-09
0,-0.04,-0.04,0.10472,0.05236,1.3232e-08,-2.5361e-08,-1.9537e-08,1.1186e-08,4.0937e-08,3.0761e-08,4.0026e-08,1.3281e-08,-9.6328e-09
0.04,-0.04,-0.04,0.10472,0.05236,1.4883e-08,-2.3303e-08,-2.2991e-08,1.2722e-08,4.4644e-08,2.6773e-08,3.5877e-08,2.01e-08,-1.1886e-08
-0.04,0,-0.04,0.10472,0.05236,1.4017e-08,-3.2155e-08,-1.4652e-08,5.073e-09,4.1995e-08,3.0059e-08,4.6802e-08,9.056e-09,-3.1796e-09
0,0,-0.04,0.10472,0.05236,1.5934e-08,-2.9863e-08,-1.7528e-08,6.0756e-09,4.5623e-08,2.6549e-08,4.2164e-08,1.6195e-08,-4.1154e-09
0.04,0,-0.04,0.10472,0.05236,1.8144e-08,-2.7761e-08,-2.2209e-08,8.0109e-09,4.9571e-08,2.3543e-08,3.5473e-08,2.4285e-08,-6.5217e-09
-0.04,0.04,-0.04,0.10472,0.05236,1.5464e-08,-3.9506e-08,-1.4359e-08,1.9458e-09,4.5547e-08,2.6082e-08,4.6488e-08,9.4932e-09,1.3762e-09
0,0.04,-0.04,0.10472,0.05236,1.7452e-08,-3.5347e-08,-1.7342e-08,2.7846e-09,4.9726e-08,2.273e-08,4.2263e-08,1.8309e-08,-9.3953e-10
0.04,0.04,-0.04,0.10472,0.05236,1.9805e-08,-3.0824e-08,-2.0977e-08,4.3414e-09,5.2298e-08,1.9816e-08,3.6092e-08,2.661e-08,-2.6528e-11
0,-0.08,0,0.10472,0.05236,1.5157e-08,-2.2247e-08,-2.4057e-08,1.2318e-08,4.2227e-08,3.4505e-08,3.3207e-08,1.073e-08,-2.1748e-08
-0.04,-0.04,0,0.10472,0.05236,1.516e-08,-2.8194e-08,-1.9981e-08,4.6726e-09,4.354e-08,3.3612e-08,3.8915e-08,7.7813e-09,-1.2209e-08
0,-0.04,0,0.10472,0.05236,1.7072e-08,-2.6433e-08,-2.408e-08,6.6347e-09,4.7226e-08,2.9542e-08,3.4749e-08,1.3094e-08,-1.3011e-08
0.04,-0.04,0,0.10472,0.05236,1.9058e-08,-2.4533e-08,-2.8688e-08,7.8381e-09,4.9986e-08,2.665e-08,3.0601e-08,1.8878e-08,-1.4603e-08
-0.08,0,0,0.10472,0.05236,1.5126e-08,-3.7224e-08,-1.5684e-08,8.6336e-11,4.2091e-08,3.2689e-08,4.4068e-08,4.021e-09,-5.8173e-09
-0.04,0,0,0.10472,0.05236,1.7164e-08,-3.3825e-08,-1.8242e-08,1.6469e-09,4.6643e-08,2.9437e-08,3.9686e-08,9.2513e-09,-7.1616e-09
0,0,0,0.10472,0.05236,1.8742e-08,-3.0699e-08,-2.2549e-08,2.2878e-09,5.3421e-08,2.5952e-08,3.4997e-08,1.5476e-08,-7.5905e-09
0.04,0,0,0.10472,0.05236,2.2172e-08,-2.8725e-08,-2.728e-08,2.7934e-09,5.8947e-08,2.3167e-08,3.2187e-08,2.1669e-08,-8.2624e-09
0.08,0,0,0.10472,0.05236,2.4216e-08,-2.5101e-08,-3.5665e-08,3.0375e-09,6.0365e-08,2.036e-08,2.7917e-08,2.7255e-08,-8.4559e-09
-0.04,0.04,0,0.10472,0.05236,1.9622e-08,-4.053e-08,-1.7016e-08,-1.1389e-09,5.1716e-08,2.4858e-08,3.9518e-08,1.0503e-08,-2.654e-09
0,0.04,0,0.10472,0.05236,2.2448e-08,-3.7474e-08,-2.1055e-08,2.7124e-10,5.7686e-08,2.3033e-08,3.6165e-08,1.7046e-08,-3.4336e-09
0.04,0.04,0,0.10472,0.05236,2.6716e-08,-3.3179e-08,-2.5437e-08,-8.1151e-11,6.149e-08,2.0019e-08,3.1407e-08,2.3665e-08,-3.8905e-09
0,0.08,0,0.10472,0.05236,2.6433e-08,-4.1945e-08,-2.0055e-08,-2.3969e-09,6.1847e-08,1.9667e-08,3.4615e-08,1.8387e-08,-1.1055e-09
-0.04,-0.04,0.04,0.10472,0.05236,1.726e-08,-2.7678e-08,-2.2316e-08,-2.3933e-11,4.8462e-08,3.1045e-08,3.2034e-08,8.5288e-09,-1.3396e-08
0,-0.04,0.04,0.10472,0.05236,1.9497e-08,-2.582e-08,-2.7158e-08,7.8384e-10,5.4726e-08,2.8764e-08,2.9764e-08,1.2015e-08,-1.5795e-08
0.04,-0.04,0.04,0.10472,0.05236,2.183e-08,-2.4337e-08,-3.3457e-08,2.5773e-09,5.9182e-08,2.5463e-08,2.6773e-08,1.7309e-08,-1.6901e-08
-0.04,0,0.04,0.10472,0.05236,1.9514e-08,-3.3831e-08,-2.1874e-08,-3.7638e-09,5.2963e-08,2.8387e-08,3.3241e-08,9.5246e-09,-8.9418e-09
0,0,0.04,0.10472,0.05236,2.2739e-08,-3.1007e-08,-2.5853e-08,-2.5513e-09,6.1696e-08,2.4491e-08,3.0169e-08,1.4198e-08,-1.0595e-08
0.04,0,0.04,0.10472,0.05236,2.534e-08,-2.7658e-08,-3.1445e-08,-1.7118e-09,6.8448e-08,2.1662e-08,2.7213e-08,1.872e-08,-1.1625e-08
-0.04,0.04,0.04,0.10472,0.05236,2.2911e-08,-3.9558e-08,-2.0237e-08,-4.618e-09,6.0177e-08,2.3169e-08,3.2768e-08,1.0098e-08,-5.602e-09
0,0.04,0.04,0.10472,0.05236,2.5764e-08,-3.7216e-08,-2.5392e-08,-5.0295e-09,6.8135e-08,2.1863e-08,3.0193e-08,1.4482e-08,-6.4109e-09
0.04,0.04,0.04,0.10472,0.05236,3.014e-08,-3.2527e-08,-3.0548e-08,-4.8622e-09,7.4818e-08,1.9175e-08,2.6593e-08,2.0924e-08,-7.1298e-09
0,0,0.08,0.10472,0.05236,2.4402e-08,-2.9765e-08,-2.8321e-08,-9.1371e-09,7.3121e-08,2.2285e-08,2.5144e-08,1.2273e-08,-1.2302e-08
0,0,-0.08,0.15708,0.05236,1.3209e-08,-2.8338e-08,-1.2929e-08,1.0828e-08,3.9087e-08,2.5317e-08,4.8352e-08,1.7356e-08,4.7414e-09
-0.04,-0.04,-0.04,0.15708,0.05236,1.2948e-08,-2.7185e-08,-1.5846e-08,1.1306e-08,3.5969e-08,3.5212e-08,4.6129e-08,7.9502e-09,-5.757e-09
0,-0.04,-0.04,0.15708,0.05236,1.4728e-08,-2.6203e-08,-1.875e-08,1.3705e-08,3.916e-08,3.0739e-08,4.0403e-08,1.535e-08,-7.38e-09
0.04,-0.04,-0.04,0.15708,0.05236,1.6282e-08,-2.3491e-08,-2.338e-08,1.4096e-08,4.161e-08,2.5773e-08,3.5727e-08,2.0733e-08,-6.1513e-09
-0.04,0,-0.04,0.15708,0.05236,1.491e-08,-3.2283e-08,-1.4167e-08,7.1611e-09,4.0515e-08,2.9385e-08,4.7038e-08,8.5503e-09,-2.4487e-10
0,0,-0.04,0.15708,0.05236,1.6931e-08,-3.0505e-08,-1.764e-08,8.4157e-09,4.3744e-08,2.6379e-08,4.1066e-08,1.6199e-08,-1.1838e-09
0.04,0,-0.04,0.15708,0.05236,1.8285e-08,-2.7389e-08,-2.0446e-08,9.5348e-09,4.6011e-08,2.321e-08,3.4994e-08,2.4127e-08,-1.8604e-09
-0.04,0.04,-0.04,0.15708,0.05236,1.6812e-08,-3.9436e-08,-1.3731e-08,3.7719e-09,4.3095e-08,2.5962e-08,4.7497e-08,9.8637e-09,2.9777e-09
0,0.04,-0.04,0.15708,0.05236,1.9095e-08,-3.5115e-08,-1.62e-08,4.845e-09,4.7492e-08,2.302e-08,4.1385e-08,1.7593e-08,2.206e-09
0.04,0.04,-0.04,0.15708,0.05236,2.1465e-08,-3.2415e-08,-1.9985e-08,5.3287e-09,5.2141e-08,2.0237e-08,3.5755e-08,2.6391e-08,2.5945e-09
0,-0.08,0,0.15708,0.05236,1.5876e-08,-2.2201e-08,-2.4997e-08,1.6495e-08,3.9273e-08,3.4316e-08,3.3978e-08,1.2009e-08,-1.9132e-08
-0.04,-0.04,0,0.15708,0.05236,1.5595e-08,-2.7843e-08,-1.9274e-08,7.5475e-09,4.1202e-08,3.4333e-08,3.8444e-08,8.6833e-09,-9.0732e-09
0,-0.04,0,0.15708,0.05236,1.7235e-08,-2.5691e-08,-2.397e-08,9.2344e-09,4.5212e-08,2.8956e-08,3.5354e-08,1.2796e-08,-9.8922e-09
0.04,-0.04,0,0.15708,0.05236,1.9894e-08,-2.4224e-08,-2.7361e-08,1.1388e-08,4.8339e-08,2.5938e-08,3.0334e-08,1.8941e-08,-1.2837e-08
-0.08,0,0,0.15708,0.05236,1.5336e-08,-3.7295e-08,-1.5594e-08,3.1607e-09,4.1178e-08,3.3365e-08,4.4344e-08,4.6421e-09,-3.6306e-09
-0.04,0,0,0.15708,0.05236,1.6898e-08,-3.4204e-08,-1.8326e-08,3.6063e-09,4.7515e-08,2.9242e-08,3.9835e-08,9.116e-09,-4.0133e-09
0,0,0,0.15708,0.05236,2.0245e-08,-3.1265e-08,-2.2311e-08,4.6185e-09,4.9369e-08,2.6109e-08,3.4775e-08,1.5209e-08,-5.297e-09
0.04,0,0,0.15708,0.05236,2.3434e-08,-2.7895e-08,-2.7157e-08,5.9051e-09,5.5339e-08,2.273e-08,3.092e-08,2.1454e-08,-6.5623e-09
0.08,0,0,0.15708,0.05236,2.5826e-08,-2.5494e-08,-3.4506e-08,6.9812e-09,5.879e-08,2.0334e-08,2.772e-08,2.9218e-08,-6.7196e-09
-0.04,0.04,0,0.15708,0.05236,2.0104e-08,-3.9844e-08,-1.626e-08,4.9212e-10,5.0788e-08,2.4864e-08,3.9124e-08,1.0144e-08,-1.3557e-11
0,0.04,0,0.15708,0.05236,2.3371e-08,-3.6017e-08,-2.1013e-08,1.2009e-09,5.4954e-08,2.2682e-08,3.5568e-08,1.6899e-08,-9.0336e-10
0.04,0.04,0,0.15708,0.05236,2.6157e-08,-3.2649e-08,-2.4886e-08,2.1406e-09,6.2384e-08,2.0206e-08,3.1197e-08,2.3857e-08,-2.4348e-09
0,0.08,0,0.15708,0.05236,2.6198e-08,-4.4033e-08,-1.8465e-08,-1.0308e-09,6.018e-08,1.9715e-08,3.4425e-08,1.8229e-08,8.6757e-10
-0.04,-0.04,0.04,0.15708,0.05236,1.7587e-08,-2.8197e-08,-2.2187e-08,1.8325e-09,4.6276e-08,3.1809e-08,3.1683e-08,8.8213e-09,-1.2249e-08
0,-0.04,0.04,0.15708,0.05236,1.9995e-08,-2.5283e-08,-2.7036e-08,4.79e-09,5.3076e-08,2.8713e-08,3.0106e-08,1.3104e-08,-1.2789e-08
0.04,-0.04,0.04,0.15708,0.05236,2.325e-08,-2.3033e-08,-3.3072e-08,5.8885e-09,5.5312e-08,2.5778e-08,2.6259e-08,1.7493e-08,-1.5772e-08
-0.04,0,0.04,0.15708,0.05236,1.9811e-08,-3.3403e-08,-2.0916e-08,-4.8014e-10,5.3076e-08,2.7397e-08,3.3445e-08,9.531e-09,-7.2581e-09
0,0,0.04,0.15708,0.05236,2.3535e-08,-3.0714e-08,-2.5567e-08,-3.0236e-10,5.9106e-08,2.4676e-08,3.0084e-08,1.3752e-08,-8.6696e-09
0.04,0,0.04,0.15708,0.05236,2.6316e-08,-2.8075e-08,-3.1614e-08,5.9775e-10,6.5182e-08,2.2161e-08,2.701e-08,1.8853e-08,-9.729e-09
-0.04,0.04,0.04,0.15708,0.05236,2.3311e-08,-3.9743e-08,-2.02e-08,-2.7328e-09,5.8314e-08,2.3337e-08,3.2365e-08,1.0058e-08,-3.848e-09
0,0.04,0.04,0.15708,0.05236,2.694e-08,-3.6143e-08,-2.4651e-08,-2.7863e-09,6.6032e-08,2.1341e-08,2.9193e-08,1.4968e-08,-4.4061e-09
0.04,0.04,0.04,0.15708,0.05236,3.1127e-08,-3.2045e-08,-2.9634e-08,-1.7793e-09,7.434e-08,1.9103e-08,2.6821e-08,2.149e-08,-4.687e-09
0,0,0.08,0.15708,0.05236,2.528e-08,-2.8792e-08,-2.8283e-08,-6.289e-09,6.759e-08,2.2147e-08,2.4705e-08,1.2857e-08,-1.0486e-08
0,0,-0.08,0.05236,0.10472,1.0159e-08,-2.8279e-08,-1.3353e-08,7.2893e-09,4.0439e-08,2.6162e-08,4.73e-08,1.6301e-08,-8.0758e-10
-0.04,-0.04,-0.04,0.05236,0.10472,1.1745e-08,-2.7774e-08,-1.634e-08,7.1228e-09,3.8981e-08,3.5546e-08,4.6728e-08,6.761e-09,-1.1103e-08
0,-0.04,-0.04,0.05236,0.10472,1.2649e-08,-2.5937e-08,-1.9534e-08,9.48e-09,4.2031e-08,3.1325e-08,4.1139e-08,1.2878e-08,-1.2826e-08
0.04,-0.04,-0.04,0.05236,0.10472,1.4293e-08,-2.38e-08,-2.3233e-08,1.0826e-08,4.4601e-08,2.7466e-08,3.5436e-08,2.0422e-08,-1.5385e-08
-0.04,0,-0.04,0.05236,0.10472,1.2855e-08,-3.238e-08,-1.6046e-08,2.5422e-09,4.2165e-08,3.0685e-08,4.7161e-08,9.0074e-09,-5.8026e-09
0,0,-0.04,0.05236,0.10472,1.4854e-08,-2.8964e-08,-1.8671e-08,4.332e-09,4.664e-08,2.6584e-08,4.1505e-08,1.5392e-08,-6.9708e-09
0.04,0,-0.04,0.05236,0.10472,1.6005e-08,-2.714e-08,-2.2609e-08,5.6422e-09,5.0194e-08,2.4068e-08,3.5485e-08,2.3494e-08,-7.6892e-09
-0.04,0.04,-0.04,0.05236,0.10472,1.478e-08,-3.8249e-08,-1.463e-08,1.1376e-09,4.5891e-08,2.5406e-08,4.6289e-08,8.0703e-09,-1.3181e-09
0,0.04,-0.04,0.05236,0.10472,1.7248e-08,-3.4676e-08,-1.8085e-08,1.1282e-09,4.9996e-08,2.2718e-08,4.1874e-08,1.7631e-08,-2.2202e-09
0.04,0.04,-0.04,0.05236,0.10472,1.8898e-08,-3.2181e-08,-2.0302e-08,1.9799e-09,5.3241e-08,2.1015e-08,3.5408e-08,2.6449e-08,-2.6904e-09
0,-0.08,0,0.05236,0.10472,1.3868e-08,-2.2228e-08,-2.4915e-08,9.3022e-09,4.2129e-08,3.5387e-08,3.4116e-08,1.108e-08,-2.5465e-08
-0.04,-0.04,0,0.05236,0.10472,1.4137e-08,-2.7741e-08,-1.9646e-08,2.8077e-09,4.3192e-08,3.34e-08,3.909e-08,7.8139e-09,-1.4271e-08
0,-0.04,0,0.05236,0.10472,1.6181e-08,-2.6529e-08,-2.3785e-08,4.7184e-09,4.8084e-08,3.1033e-08,3.4648e-08,1.2491e-08,-1.6346e-08
0.04,-0.04,0,0.05236,0.10472,1.8129e-08,-2.4404e-08,-2.9308e-08,8.2752e-09,5.2806e-08,2.6357e-08,3.0827e-08,1.7956e-08,-1.7813e-08
-0.08,0,0,0.05236,0.10472,1.4579e-08,-3.7019e-08,-1.5709e-08,-1.162e-09,4.3044e-08,3.1999e-08,4.3545e-08,3.355e-09,-7.3032e-09
-0.04,0,0,0.05236,0.10472,1.6766e-08,-3.3752e-08,-1.8623e-08,-2.1537e-10,4.9178e-08,2.8995e-08,3.9662e-08,8.6492e-09,-9.2692e-09
0,0,0,0.05236,0.10472,1.831e-08,-3.0781e-08,-2.3134e-08,-1.5543e-10,5.3862e-08,2.6315e-08,3.555e-08,1.4954e-08,-1.0364e-08
0.04,0,0,0.05236,0.10472,2.1025e-08,-2.732e-08,-2.9027e-08,1.7231e-09,5.7218e-08,2.3327e-08,3.0998e-08,2.1495e-08,-1.113e-08
0.08,0,0,0.05236,0.10472,2.3736e-08,-2.5555e-08,-3.5842e-08,3.0021e-09,6.2841e-08,2.0667e-08,2.8001e-08,2.7504e-08,-1.186e-08
-0.04,0.04,0,0.05236,0.10472,1.8677e-08,-4.0754e-08,-1.7728e-08,-2.7575e-09,5.4374e-08,2.4714e-08,4.0916e-08,9.8676e-09,-4.7881e-09
0,0.04,0,0.05236,0.10472,2.2122e-08,-3.6239e-08,-2.1547e-08,-2.9663e-09,5.8433e-08,2.2188e-08,3.6188e-08,1.6696e-08,-5.7737e-09
0.04,0.04,0,0.05236,0.10472,2.3932e-08,-3.2973e-08,-2.7056e-08,-1.6727e-09,6.6277e-08,2.0163e-08,3.1299e-08,2.3831e-08,-5.9552e-09
0,0.08,0,0.05236,0.10472,2.391e-08,-4.3053e-08,-2.0471e-08,-4.0296e-09,6.0544e-08,1.9403e-08,3.5586e-08,1.8425e-08,-1.9023e-09
-0.04,-0.04,0.04,0.05236,0.10472,1.6364e-08,-2.8649e-08,-2.2401e-08,-2.4229e-09,4.9677e-08,3.1527e-08,3.2005e-08,7.5409e-09,-1.652e-08
0,-0.04,0.04,0.05236,0.10472,1.8393e-08,-2.5341e-08,-2.7105e-08,-1.3847e-09,5.4824e-08,2.8797e-08,2.8911e-08,1.214e-08,-1.8985e-08
0.04,-0.04,0.04,0.05236,0.10472,2.0647e-08,-2.3673e-08,-3.3213e-08,7.3957e-10,5.9169e-08,2.4761e-08,2.7039e-08,1.6364e-08,-1.9755e-08
-0.04,0,0.04,0.05236,0.10472,1.9259e-08,-3.4923e-08,-2.1142e-08,-5.6395e-09,5.5529e-08,2.6713e-08,3.2444e-08,8.8301e-09,-1.101e-08
0,0,0.04,0.05236,0.10472,2.177e-08,-3.12e-08,-2.6101e-08,-4.2423e-09,6.356e-08,2.5075e-08,3.0543e-08,1.3179e-08,-1.2314e-08
0.04,0,0.04,0.05236,0.10472,2.4146e-08,-2.8386e-08,-3.2415e-08,-3.5119e-09,7.0016e-08,2.1606e-08,2.7212e-08,1.8838e-08,-1.3538e-08
-0.04,0.04,0.04,0.05236,0.10472,2.119e-08,-3.9906e-08,-2.0922e-08,-6.8468e-09,6.2971e-08,2.3039e-08,3.4107e-08,9.0615e-09,-7.6832e-09
0,0.04,0.04,0.05236,0.10472,2.5592e-08,-3.6578e-08,-2.511e-08,-5.6661e-09,6.8009e-08,2.0764e-08,3.0865e-08,1.5518e-08,-7.7189e-09
0.04,0.04,0.04,0.05236,0.10472,2.9698e-08,-3.2844e-08,-3.0358e-08,-6.6251e-09,7.4727e-08,1.8447e-08,2.7269e-08,2.08e-08,-8.4987e-09
0,0,0.08,0.05236,0.10472,2.4558e-08,-2.9055e-08,-2.8929e-08,-1.0724e-08,7.3398e-08,2.1688e-08,2.5468e-08,1.2449e-08,-1.4138e-08
0,0,-0.08,0.10472,0.10472,1.105e-08,-2.8383e-08,-1.2335e-08,8.2243e-09,4.0299e-08,2.5878e-08,4.7133e-08,1.6671e-08,7.3645e-10
-0.04,-0.04,-0.04,0.10472,0.10472,1.2663e-08,-2.8401e-08,-1.6386e-08,8.7922e-09,3.7871e-08,3.5884e-08,4.6689e-08,6.1696e-09,-8.0065e-09
0,-0.04,-0.04,0.10472,0.10472,1.4075e-08,-2.5487e-08,-1.9253e-08,1.0923e-08,4.0717e-08,3.0319e-08,3.9793e-08,1.3248e-08,-9.7769e-09
0.04,-0.04,-0.04,0.10472,0.10472,1.5164e-08,-2.3224e-08,-2.3622e-08,1.2867e-08,4.3964e-08,2.6657e-08,3.5223e-08,2.0856e-08,-1.1922e-08
-0.04,0,-0.04,0.10472,0.10472,1.3589e-08,-3.3328e-08,-1.4984e-08,5.061e-09,4.2446e-08,2.9335e-08,4.6303e-08,8.4402e-09,-3.1982e-09
0,0,-0.04,0.10472,0.10472,1.591e-08,-3.0211e-08,-1.8018e-08,6.337e-09,4.4473e-08,2.6718e-08,4.1521e-08,1.6258e-08,-3.3091e-09
0.04,0,-0.04,0.10472,0.10472,1.7031e-08,-2.777e-08,-2.2088e-08,7.0444e-09,4.9582e-08,2.3364e-08,3.5998e-08,2.2588e-08,-5.1339e-09
-0.04,0.04,-0.04,0.10472,0.10472,1.6701e-08,-3.9825e-08,-1.3745e-08,2.5577e-09,4.5427e-08,2.6003e-08,4.8355e-08,8.6303e-09,5.3826e-10
0,0.04,-0.04,0.10472,0.10472,1.8389e-08,-3.7004e-08,-1.6757e-08,3.2554e-09,4.8887e-08,2.2921e-08,4.0296e-08,1.7815e-08,1.4218e-10
0.04,0.04,-0.04,0.10472,0.10472,2.1289e-08,-3.2518e-08,-2.0282e-08,3.9101e-09,5.3943e-08,2.0123e-08,3.4352e-08,2.6529e-08,-1.6026e-10
0,-0.08,0,0.10472,0.10472,1.4912e-08,-2.2591e-08,-2.4272e-08,1.399e-08,4.0892e-08,3.6074e-08,3.2821e-08,1.039e-08,-2.0956e-08
-0.04,-0.04,0,0.10472,0.10472,1.4806e-08,-2.8421e-08,-1.9523e-08,5.7322e-09,4.2183e-08,3.4031e-08,3.8387e-08,7.8005e-09,-1.2851e-08
0,-0.04,0,0.10472,0.10472,1.6833e-08,-2.617e-08,-2.4365e-08,7.419e-09,4.7502e-08,3.0665e-08,3.4787e-08,1.2688e-08,-1.2127e-08
0.04,-0.04,0,0.10472,0.10472,1.875e-08,-2.4123e-08,-2.9404e-08,9.0603e-09,5.1524e-08,2.585e-08,3.0634e-08,1.7929e-08,-1.5062e-08
-0.08,0,0,0.10472,0.10472,1.4589e-08,-3.7409e-08,-1.5593e-08,6.8846e-10,4.085e-08,3.2681e-08,4.4167e-08,3.8434e-09,-5.0163e-09
-0.04,0,0,0.10472,0.10472,1.6623e-08,-3.2877e-08,-1.9083e-08,1.6835e-09,4.9294e-08,2.9694e-08,4.0213e-08,1.0266e-08,-6.3734e-09
0,0,0,0.10472,0.10472,2.0161e-08,-3.1376e-08,-2.2078e-08,2.6517e-09,5.1247e-08,2.5564e-08,3.5968e-08,1.4696e-08,-7.9552e-09
0.04,0,0,0.10472,0.10472,2.2377e-08,-2.8508e-08,-2.7777e-08,3.4273e-09,5.706e-08,2.2712e-08,3.139e-08,2.0618e-08,-8.3972e-09
0.08,0,0,0.10472,0.10472,2.4131e-08,-2.5178e-08,-3.386e-08,3.8659e-09,6.2405e-08,2.0371e-08,2.7509e-08,2.7613e-08,-9.2619e-09
-0.04,0.04,0,0.10472,0.10472,1.9377e-08,-4.1193e-08,-1.7866e-08,-9.2907e-10,5.1526e-08,2.4601e-08,3.9975e-08,9.2132e-09,-1.9162e-09
0,0.04,0,0.10472,0.10472,2.1989e-08,-3.6036e-08,-2.0336e-08,3.5224e-10,5.7623e-08,2.2162e-08,3.4794e-08,1.6506e-08,-3.417e-09
0.04,0.04,0,0.10472,0.10472,2.565e-08,-3.3098e-08,-2.578e-08,-2.8993e-10,6.2604e-08,2.0001e-08,3.1542e-08,2.4434e-08,-3.6197e-09
0,0.08,0,0.10472,0.10472,2.4873e-08,-4.4337e-08,-1.9904e-08,-3.1967e-09,5.9569e-08,1.9455e-08,3.5816e-08,1.7712e-08,-5.6368e-10
-0.04,-0.04,0.04,0.10472,0.10472,1.6794e-08,-2.8204e-08,-2.2604e-08,9.2982e-11,4.6431e-08,3.1832e-08,3.1837e-08,7.8707e-09,-1.5054e-08
0,-0.04,0.04,0.10472,0.10472,1.9512e-08,-2.5888e-08,-2.6772e-08,1.8677e-09,5.4371e-08,2.904e-08,2.9235e-08,1.1834e-08,-1.5799e-08
0.04,-0.04,0.04,0.10472,0.10472,2.2058e-08,-2.4124e-08,-3.3834e-08,1.8516e-09,5.9383e-08,2.4645e-08,2.6931e-08,1.6727e-08,-1.8035e-08
-0.04,0,0.04,0.10472,0.10472,1.9482e-08,-3.34e-08,-2.1627e-08,-2.8175e-09,5.3317e-08,2.7384e-08,3.2937e-08,9.0826e-09,-9.4486e-09
0,0,0.04,0.10472,0.10472,2.2152e-08,-3.144e-08,-2.5834e-08,-1.656e-09,6.1517e-08,2.4444e-08,3.0198e-08,1.4855e-08,-1.0207e-08
0.04,0,0.04,0.10472,0.10472,2.5843e-08,-2.8219e-08,-3.1514e-08,-1.1629e-09,6.6843e-08,2.2251e-08,2.7178e-08,1.8631e-08,-1.1369e-08
-0.04,0.04,0.04,0.10472,0.10472,2.212e-08,-3.9251e-08,-2.0061e-08,-4.7846e-09,6.0849e-08,2.3004e-08,3.2811e-08,1.0454e-08,-5.4595e-09
0,0.04,0.04,0.10472,0.10472,2.5747e-08,-3.5605e-08,-2.3978e-08,-5.3072e-09,6.6958e-08,2.0737e-08,2.9004e-08,1.4715e-08,-5.8096e-09
0.04,0.04,0.04,0.10472,0.10472,2.949e-08,-3.2024e-08,-2.9886e-08,-4.502e-09,7.416e-08,1.9238e-08,2.6639e-08,2.0828e-08,-6.3932e-09
0,0,0.08,0.10472,0.10472,2.4659e-08,-2.8823e-08,-2.7879e-08,-9.6606e-09,7.1147e-08,2.1935e-08,2.4821e-08,1.2884e-08,-1.1517e-08
0,0,-0.08,0.15708,0.10472,1.2926e-08,-2.8098e-08,-1.2821e-08,1.0646e-08,3.8384e-08,2.5615e-08,4.7143e-08,1.5488e-08,3.6921e-09
-0.04,-0.04,-0.04,0.15708,0.10472,1.3066e-08,-2.7661e-08,-1.5883e-08,1.0549e-08,3.6482e-08,3.4689e-08,4.6241e-08,7.6355e-09,-5.7762e-09
0,-0.04,-0.04,0.15708,0.10472,1.4816e-08,-2.5702e-08,-1.8586e-08,1.2736e-08,4.0265e-08,2.948e-08,4.0828e-08,1.3902e-08,-6.5971e-09
0.04,-0.04,-0.04,0.15708,0.10472,1.6296e-08,-2.4e-08,-2.1613e-08,1.4457e-08,4.2514e-08,2.5936e-08,3.5409e-08,2.1299e-08,-7.3101e-09
-0.04,0,-0.04,0.15708,0.10472,1.474e-08,-3.3073e-08,-1.4917e-08,6.7872e-09,4.0894e-08,2.9175e-08,4.7644e-08,7.8507e-09,9.2644e-10
0,0,-0.04,0.15708,0.10472,1.6224e-08,-3.0284e-08,-1.764e-08,8.323e-09,4.4046e-08,2.6083e-08,4.0775e-08,1.6034e-08,-8.2315e-10
0.04,0,-0.04,0.15708,0.10472,1.9024e-08,-2.7718e-08,-2.0947e-08,1.0192e-08,4.6812e-08,2.2573e-08,3.5031e-08,2.495e-08,-1.6085e-09
-0.04,0.04,-0.04,0.15708,0.10472,1.6732e-08,-3.8639e-08,-1.3689e-08,3.7031e-09,4.4333e-08,2.5001e-08,4.6752e-08,8.8649e-09,3.183e-09
0,0.04,-0.04,0.15708,0.10472,1.8419e-08,-3.5718e-08,-1.5352e-08,5.2554e-09,5.041e-08,2.255e-08,3.9778e-08,1.816e-08,2.8931e-09
0.04,0.04,-0.04,0.15708,0.10472,2.1867e-08,-3.2036e-08,-1.8394e-08,6.5217e-09,5.1614e-08,1.9889e-08,3.4742e-08,2.648e-08,3.0617e-09
0,-0.08,0,0.15708,0.10472,1.536e-08,-2.2096e-08,-2.4612e-08,1.5444e-08,3.9202e-08,3.5022e-08,3.4108e-08,1.175e-08,-1.978e-08
-0.04,-0.04,0,0.15708,0.10472,1.5752e-08,-2.7885e-08,-1.8949e-08,7.4313e-09,4.0855e-08,3.3539e-08,3.8633e-08,7.665e-09,-8.7566e-09
0,-0.04,0,0.15708,0.10472,1.7646e-08,-2.6788e-08,-2.349e-08,9.851e-09,4.5831e-08,3.0633e-08,3.5598e-08,1.3539e-08,-1.14e-08
0.04,-0.04,0,0.15708,0.10472,1.9846e-08,-2.421e-08,-2.7907e-08,1.1479e-08,4.9989e-08,2.5461e-08,3.1419e-08,1.9334e-08,-1.3113e-08
-0.08,0,0,0.15708,0.10472,1.5625e-08,-3.6537e-08,-1.4806e-08,2.4763e-09,3.9692e-08,3.2925e-08,4.3187e-08,3.3643e-09,-3.6559e-09
-0.04,0,0,0.15708,0.10472,1.7333e-08,-3.4942e-08,-1.8265e-08,3.7282e-09,4.6786e-08,2.9433e-08,3.904e-08,8.8481e-09,-4.1714e-09
0,0,0,0.15708,0.10472,1.9806e-08,-3.1418e-08,-2.2342e-08,4.3015e-09,5.0472e-08,2.5811e-08,3.4138e-08,1.5609e-08,-5.3788e-09
0.04,0,0,0.15708,0.10472,2.3333e-08,-2.7632e-08,-2.6685e-08,6.2627e-09,5.5518e-08,2.3006e-08,3.1338e-08,2.1597e-08,-5.8711e-09
0.08,0,0,0.15708,0.10472,2.6514e-08,-2.5938e-08,-3.2942e-08,6.592e-09,5.997e-08,2.0087e-08,2.7003e-08,2.7796e-08,-6.3324e-09
-0.04,0.04,0,0.15708,0.10472,1.9691e-08,-4.0184e-08,-1.6639e-08,5.2446e-10,4.9939e-08,2.4883e-08,3.8703e-08,9.7249e-09,-7.6641e-10
0,0.04,0,0.15708,0.10472,2.3394e-08,-3.6828e-08,-2.0057e-08,1.5763e-09,5.6109e-08,2.2485e-08,3.4989e-08,1.6813e-08,-8.855e-10
0.04,0.04,0,0.15708,0.10472,2.6575e-08,-3.3094e-08,-2.3116e-08,1.8341e-09,6.1061e-08,2.009e-08,3.0831e-08,2.4156e-08,-2.0458e-09
0,0.08,0,0.15708,0.10472,2.6182e-08,-4.3769e-08,-1.9123e-08,-1.2165e-09,6.1872e-08,1.9221e-08,3.5075e-08,1.8035e-08,1.4453e-09
-0.04,-0.04,0.04,0.15708,0.10472,1.7471e-08,-2.7665e-08,-2.1833e-08,2.5236e-09,4.7701e-08,3.2038e-08,3.2152e-08,8.1507e-09,-1.1544e-08
0,-0.04,0.04,0.15708,0.10472,1.9613e-08,-2.5868e-08,-2.6743e-08,3.8618e-09,4.9943e-08,2.8064e-08,2.8985e-08,1.2388e-08,-1.327e-08
0.04,-0.04,0.04,0.15708,0.10472,2.3182e-08,-2.3859e-08,-3.3182e-08,6.3343e-09,5.8005e-08,2.4664e-08,2.7274e-08,1.7291e-08,-1.4414e-08
-0.04,0,0.04,0.15708,0.10472,1.9453e-08,-3.3769e-08,-2.0769e-08,-2.0419e-10,5.2325e-08,2.7317e-08,3.2568e-08,9.0933e-09,-7.0278e-09
0,0,0.04,0.15708,0.10472,2.2956e-08,-2.957e-08,-2.5673e-08,-1.138e-10,5.8579e-08,2.3904e-08,3.0329e-08,1.4228e-08,-7.995e-09
0.04,0,0.04,0.15708,0.10472,2.6682e-08,-2.8068e-08,-3.1319e-08,1.1414e-09,6.4776e-08,2.1624e-08,2.6971e-08,1.956e-08,-9.5605e-09
-0.04,0.04,0.04,0.15708,0.10472,2.2977e-08,-3.9636e-08,-1.971e-08,-2.8169e-09,5.9809e-08,2.3556e-08,3.2371e-08,1.0141e-08,-3.4033e-09
0,0.04,0.04,0.15708,0.10472,2.6085e-08,-3.5893e-08,-2.4089e-08,-2.0678e-09,6.7665e-08,2.1624e-08,2.9386e-08,1.5358e-08,-4.1517e-09
0.04,0.04,0.04,0.15708,0.10472,3.0867e-08,-3.2547e-08,-2.7976e-08,-3.1471e-09,7.2299e-08,1.8778e-08,2.7019e-08,2.1072e-08,-4.3872e-09
0,0,0.08,0.15708,0.10472,2.5202e-08,-2.8196e-08,-2.7864e-08,-5.9479e-09,6.6496e-08,2.2618e-08,2.4578e-08,1.2408e-08,-9.8265e-09
0,0,-0.08,0.05236,0.15708,9.6839e-09,-2.7662e-08,-1.4102e-08,7.2576e-09,3.9839e-08,2.5953e-08,4.7673e-08,1.6232e-08,-2.4218e-09
-0.04,-0.04,-0.04,0.05236,0.15708,1.1608e-08,-2.7762e-08,-1.5916e-08,6.8781e-09,3.8298e-08,3.454e-08,4.5435e-08,7.2601e-09,-1.0847e-08
0,-0.04,-0.04,0.05236,0.15708,1.2479e-08,-2.5441e-08,-1.9411e-08,9.2315e-09,4.3525e-08,3.1113e-08,4.0735e-08,1.2882e-08,-1.2784e-08
0.04,-0.04,-0.04,0.05236,0.15708,1.3948e-08,-2.3245e-08,-2.3897e-08,1.0117e-08,4.585e-08,2.8076e-08,3.4239e-08,2.0397e-08,-1.4349e-08
-0.04,0,-0.04,0.05236,0.15708,1.3013e-08,-3.2659e-08,-1.5643e-08,2.9841e-09,4.2598e-08,3.0306e-08,4.7588e-08,7.4048e-09,-5.1635e-09
0,0,-0.04,0.05236,0.15708,1.4059e-08,-2.9853e-08,-1.8227e-08,4.2735e-09,4.7524e-08,2.7053e-08,4.1647e-08,1.4938e-08,-7.3463e-09
0.04,0,-0.04,0.05236,0.15708,1.5739e-08,-2.7377e-08,-2.2805e-08,5.0598e-09,4.9086e-08,2.3601e-08,3.5792e-08,2.3511e-08,-7.4019e-09
-0.04,0.04,-0.04,0.05236,0.15708,1.5181e-08,-3.8606e-08,-1.5109e-08,4.3714e-10,4.4642e-08,2.5678e-08,4.7482e-08,9.7445e-09,-1.5502e-09
0,0.04,-0.04,0.05236,0.15708,1.6645e-08,-3.5197e-08,-1.761e-08,1.0917e-09,5.0213e-08,2.3065e-08,4.1252e-08,1.8024e-08,-1.3261e-09
0.04,0.04,-0.04,0.05236,0.15708,1.8502e-08,-3.1995e-08,-2.06e-08,1.5743e-09,5.4694e-08,2.0207e-08,3.7331e-08,2.6688e-08,-2.4996e-09
0,-0.08,0,0.05236,0.15708,1.3942e-08,-2.2213e-08,-2.4696e-08,1.0136e-08,4.225e-08,3.4998e-08,3.4449e-08,1.0352e-08,-2.3594e-08
-0.04,-0.04,0,0.05236,0.15708,1.4537e-08,-2.8613e-08,-1.9437e-08,3.3507e-09,4.4379e-08,3.4358e-08,3.9154e-08,7.4725e-09,-1.4276e-08
0,-0.04,0,0.05236,0.15708,1.5613e-08,-2.6992e-08,-2.3174e-08,5.0884e-09,4.8776e-08,2.9684e-08,3.4857e-08,1.2558e-08,-1.7005e-08
0.04,-0.04,0,0.05236,0.15708,1.7523e-08,-2.4422e-08,-2.9322e-08,6.3379e-09,5.2544e-08,2.6219e-08,3.0747e-08,1.8211e-08,-1.7778e-08
-0.08,0,0,0.05236,0.15708,1.4602e-08,-3.6499e-08,-1.6192e-08,-8.8174e-10,4.3361e-08,3.1103e-08,4.3787e-08,3.1775e-09,-7.3962e-09
-0.04,0,0,0.05236,0.15708,1.6812e-08,-3.328e-08,-1.8965e-08,-2.2126e-10,4.7596e-08,2.9293e-08,4.0246e-08,8.8498e-09,-8.9794e-09
0,0,0,0.05236,0.15708,1.9065e-08,-3.1507e-08,-2.3746e-08,3.3292e-10,5.4412e-08,2.6394e-08,3.5752e-08,1.5244e-08,-1.0189e-08
0.04,0,0,0.05236,0.15708,2.0359e-08,-2.8075e-08,-2.8387e-08,1.0024e-09,5.9206e-08,2.2837e-08,3.129e-08,2.1508e-08,-1.1453e-08
0.08,0,0,0.05236,0.15708,2.3352e-08,-2.563e-08,-3.3506e-08,1.8609e-09,6.1613e-08,2.0461e-08,2.7559e-08,2.7401e-08,-1.2326e-08
-0.04,0.04,0,0.05236,0.15708,1.8723e-08,-4.1219e-08,-1.8321e-08,-2.801e-09,5.2536e-08,2.5382e-08,4.0951e-08,9.7402e-09,-5.4281e-09
0,0.04,0,0.05236,0.15708,2.1294e-08,-3.7694e-08,-2.1343e-08,-2.5075e-09,5.9299e-08,2.2411e-08,3.4543e-08,1.6287e-08,-5.3824e-09
0.04,0.04,0,0.05236,0.15708,2.3091e-08,-3.2886e-08,-2.6655e-08,-2.4575e-09,6.5275e-08,1.9737e-08,3.0579e-08,2.4599e-08,-5.9462e-09
0,0.08,0,0.05236,0.15708,2.5044e-08,-4.3368e-08,-2.0011e-08,-3.8572e-09,6.2021e-08,1.8843e-08,3.4493e-08,1.7488e-08,-2.1423e-09
-0.04,-0.04,0.04,0.05236,0.15708,1.7057e-08,-2.9026e-08,-2.1626e-08,-2.0656e-09,4.973e-08,3.2262e-08,3.2e-08,7.2116e-09,-1.6475e-08
0,-0.04,0.04,0.05236,0.15708,1.8939e-08,-2.6302e-08,-2.7616e-08,-1.5217e-09,5.567e-08,2.7674e-08,2.9233e-08,1.231e-08,-1.7842e-08
0.04,-0.04,0.04,0.05236,0.15708,2.0458e-08,-2.3816e-08,-3.3629e-08,5.2024e-10,6.2472e-08,2.4896e-08,2.7652e-08,1.62e-08,-2.0296e-08
-0.04,0,0.04,0.05236,0.15708,1.8958e-08,-3.3244e-08,-2.1855e-08,-4.9575e-09,5.549e-08,2.7975e-08,3.3431e-08,8.5264e-09,-1.0995e-08
0,0,0.04,0.05236,0.15708,2.0668e-08,-3.0892e-08,-2.6146e-08,-5.6857e-09,6.3008e-08,2.3903e-08,2.9585e-08,1.3119e-08,-1.3023e-08
0.04,0,0.04,0.05236,0.15708,2.4231e-08,-2.8317e-08,-3.2062e-08,-4.1661e-09,6.8964e-08,2.1784e-08,2.7068e-08,1.8398e-08,-1.391e-08
-0.04,0.04,0.04,0.05236,0.15708,2.2078e-08,-4.0807e-08,-2.0795e-08,-6.9829e-09,6.0783e-08,2.339e-08,3.283e-08,9.4813e-09,-7.2454e-09
0,0.04,0.04,0.05236,0.15708,2.49e-08,-3.6991e-08,-2.4998e-08,-6.3078e-09,7.0442e-08,2.1128e-08,2.9715e-08,1.4513e-08,-8.2597e-09
0.04,0.04,0.04,0.05236,0.15708,2.9435e-08,-3.3248e-08,-3.0628e-08,-6.2488e-09,7.5811e-08,1.9199e-08,2.8007e-08,2.071e-08,-8.6286e-09
0,0,0.08,0.05236,0.15708,2.4224e-08,-3.0141e-08,-2.9045e-08,-1.1088e-08,7.3041e-08,2.2434e-08,2.5323e-08,1.2527e-08,-1.3778e-08
0,0,-0.08,0.10472,0.15708,1.0732e-08,-2.7117e-08,-1.2649e-08,8.5612e-09,3.8344e-08,2.6321e-08,4.8069e-08,1.5398e-08,2.3801e-09
-0.04,-0.04,-0.04,0.10472,0.15708,1.2118e-08,-2.7231e-08,-1.53e-08,9.1547e-09,3.7943e-08,3.493e-08,4.7374e-08,7.2242e-09,-8.279e-09
0,-0.04,-0.04,0.10472,0.15708,1.3566e-08,-2.5407e-08,-1.9341e-08,1.1397e-08,4.0847e-08,3.1152e-08,4.0923e-08,1.2956e-08,-9.1234e-09
0.04,-0.04,-0.04,0.10472,0.15708,1.4832e-08,-2.3621e-08,-2.2443e-08,1.217e-08,4.4092e-08,2.6164e-08,3.486e-08,2.0786e-08,-1.1228e-08
-0.04,0,-0.04,0.10472,0.15708,1.3442e-08,-3.3267e-08,-1.4637e-08,5.5337e-09,4.0947e-08,2.9612e-08,4.6616e-08,9.1693e-09,-2.1988e-09
0,0,-0.04,0.10472,0.15708,1.5587e-08,-2.997e-08,-1.7361e-08,6.5708e-09,4.4792e-08,2.6007e-08,4.1167e-08,1.6018e-08,-3.152e-09
0.04,0,-0.04,0.10472,0.15708,1.6935e-08,-2.7292e-08,-2.1854e-08,7.3586e-09,4.9613e-08,2.3316e-08,3.5245e-08,2.4664e-08,-4.6361e-09
-0.04,0.04,-0.04,0.10472,0.15708,1.5347e-08,-3.9068e-08,-1.4303e-08,2.4807e-09,4.6058e-08,2.5168e-08,4.7824e-08,9.3816e-09,8.2599e-10
0,0.04,-0.04,0.10472,0.15708,1.6759e-08,-3.5422e-08,-1.6897e-08,3.2324e-09,4.9433e-08,2.3078e-08,4.1284e-08,1.7744e-08,8.5162e-10
0.04,0.04,-0.04,0.10472,0.15708,1.9125e-08,-3.1661e-08,-1.9637e-08,4.3661e-09,5.3272e-08,2.0647e-08,3.4568e-08,2.6304e-08,-1.682e-10
0,-0.08,0,0.10472,0.15708,1.4676e-08,-2.2075e-08,-2.3619e-08,1.338e-08,3.9659e-08,3.5451e-08,3.353e-08,1.0717e-08,-2.0837e-08
-0.04,-0.04,0,0.10472,0.15708,1.5293e-08,-2.816e-08,-1.8792e-08,5.057e-09,4.2721e-08,3.3609e-08,3.8551e-08,7.7968e-09,-1.2044e-08
0,-0.04,0,0.10472,0.15708,1.6654e-08,-2.604e-08,-2.3126e-08,8.4929e-09,4.7057e-08,2.8841e-08,3.4393e-08,1.3308e-08,-1.3699e-08
0.04,-0.04,0,0.10472,0.15708,1.8866e-08,-2.4233e-08,-3.0045e-08,1.0391e-08,5.253e-08,2.6359e-08,3.0894e-08,1.7962e-08,-1.4862e-08
-0.08,0,0,0.10472,0.15708,1.4465e-08,-3.6842e-08,-1.5269e-08,6.2919e-10,4.1619e-08,3.3852e-08,4.4967e-08,3.8404e-09,-4.3208e-09
-0.04,0,0,0.10472,0.15708,1.6812e-08,-3.4223e-08,-1.7975e-08,1.8821e-09,4.7351e-08,2.9221e-08,3.967e-08,9.1946e-09,-6.4768e-09
0,0,0,0.10472,0.15708,1.9445e-08,-3.0617e-08,-2.1898e-08,2.4128e-09,5.3257e-08,2.6019e-08,3.5601e-08,1.4993e-08,-7.6359e-09
0.04,0,0,0.10472,0.15708,2.2152e-08,-2.818e-08,-2.5759e-08,3.8493e-09,5.6892e-08,2.298e-08,3.1407e-08,2.1465e-08,-8.7062e-09
0.08,0,0,0.10472,0.15708,2.4577e-08,-2.5376e-08,-3.3917e-08,5.482e-09,6.0983e-08,2.007e-08,2.7662e-08,2.7322e-08,-9.9646e-09
-0.04,0.04,0,0.10472,0.15708,1.9148e-08,-4.0535e-08,-1.741e-08,-1.0342e-09,5.1639e-08,2.5178e-08,3.9223e-08,9.7669e-09,-2.6487e-09
0,0.04,0,0.10472,0.15708,2.2524e-08,-3.6565e-08,-2.1452e-08,-9.952e-10,5.8376e-08,2.2267e-08,3.5708e-08,1.6663e-08,-3.9339e-09
0.04,0.04,0,0.10472,0.15708,2.4919e-08,-3.3155e-08,-2.5162e-08,5.2936e-10,6.2164e-08,1.9632e-08,3.1545e-08,2.3724e-08,-4.0731e-09
0,0.08,0,0.10472,0.15708,2.4767e-08,-4.3887e-08,-1.9949e-08,-2.4208e-09,6.0406e-08,1.9615e-08,3.4568e-08,1.8336e-08,-1.4044e-10
-0.04,-0.04,0.04,0.10472,0.15708,1.6674e-08,-2.8152e-08,-2.1433e-08,-8.4934e-10,4.7884e-08,3.2632e-08,3.291e-08,8.0916e-09,-1.3229e-08
0,-0.04,0.04,0.10472,0.15708,1.9482e-08,-2.593e-08,-2.6969e-08,1.6967e-09,5.356e-08,2.805e-08,2.8996e-08,1.2318e-08,-1.65e-08
0.04,-0.04,0.04,0.10472,0.15708,2.2102e-08,-2.3538e-08,-3.2964e-08,2.5942e-09,5.8629e-08,2.4089e-08,2.6174e-08,1.6328e-08,-1.7737e-08
-0.04,0,0.04,0.10472,0.15708,1.8902e-08,-3.4468e-08,-2.1797e-08,-3.1128e-09,5.4425e-08,2.6608e-08,3.3062e-08,8.6768e-09,-8.5752e-09
0,0,0.04,0.10472,0.15708,2.295e-08,-3.0917e-08,-2.5539e-08,-2.4126e-09,6.0888e-08,2.3942e-08,2.9513e-08,1.4404e-08,-1.0542e-08
0.04,0,0.04,0.10472,0.15708,2.5309e-08,-2.8476e-08,-3.1118e-08,-1.3454e-09,6.6665e-08,2.135e-08,2.6753e-08,1.9623e-08,-1.0613e-08
-0.04,0.04,0.04,0.10472,0.15708,2.1875e-08,-3.9167e-08,-2.0076e-08,-4.8518e-09,6.1542e-08,2.3034e-08,3.2653e-08,1.0244e-08,-5.4653e-09
0,0.04,0.04,0.10472,0.15708,2.5485e-08,-3.6689e-08,-2.3704e-08,-4.5339e-09,6.6686e-08,2.1102e-08,3.0225e-08,1.5313e-08,-6.2963e-09
0.04,0.04,0.04,0.10472,0.15708,3.0406e-08,-3.2375e-08,-2.9471e-08,-4.9196e-09,7.4335e-08,1.879e-08,2.7187e-08,2.0112e-08,-6.2293e-09
0,0,0.08,0.10472,0.15708,2.3916e-08,-2.9258e-08,-2.759e-08,-8.6481e-09,6.947e-08,2.123e-08,2.4727e-08,1.2555e-08,-1.1836e-08
0,0,-0.08,0.15708,0.15708,1.1953e-08,-2.8137e-08,-1.2187e-08,1.0898e-08,3.8464e-08,2.5565e-08,4.734e-08,1.5809e-08,5.7397e-09
-0.04,-0.04,-0.04,0.15708,0.15708,1.2881e-08,-2.7483e-08,-1.5638e-08,1.246e-08,3.65e-08,3.4179e-08,4.6166e-08,7.3637e-09,-4.3257e-09
0,-0.04,-0.04,0.15708,0.15708,1.3837e-08,-2.563e-08,-1.8136e-08,1.4098e-08,4.0596e-08,3.046e-08,4.1034e-08,1.3413e-08,-6.4635e-09
0.04,-0.04,-0.04,0.15708,0.15708,1.6484e-08,-2.3294e-08,-2.1614e-08,1.5521e-08,4.2932e-08,2.5973e-08,3.4342e-08,2.0629e-08,-7.9939e-09
-0.04,0,-0.04,0.15708,0.15708,1.4248e-08,-3.2729e-08,-1.4089e-08,7.464e-09,4.1101e-08,2.9321e-08,4.7769e-08,8.1663e-09,5.304e-10
0,0,-0.04,0.15708,0.15708,1.6254e-08,-3.0223e-08,-1.6905e-08,8.6806e-09,4.5497e-08,2.5562e-08,4.2328e-08,1.6519e-08,-1.1296e-09
0.04,0,-0.04,0.15708,0.15708,1.8494e-08,-2.7241e-08,-2.0795e-08,9.4049e-09,4.7587e-08,2.3211e-08,3.54e-08,2.3571e-08,-1.3529e-09
-0.04,0.04,-0.04,0.15708,0.15708,1.5561e-08,-4.0818e-08,-1.2889e-08,3.7605e-09,4.482e-08,2.5146e-08,4.5932e-08,1e-08,2.3014e-09
0,0.04,-0.04,0.15708,0.15708,1.8626e-08,-3.5396e-08,-1.6177e-08,4.9328e-09,4.909e-08,2.2675e-08,4.1614e-08,1.8189e-08,3.6215e-09
0.04,0.04,-0.04,0.15708,0.15708,2.0852e-08,-3.2017e-08,-1.7743e-08,4.9444e-09,5.3984e-08,1.9794e-08,3.5909e-08,2.6966e-08,3.1439e-09
0,-0.08,0,0.15708,0.15708,1.5347e-08,-2.2279e-08,-2.3979e-08,1.6285e-08,3.9699e-08,3.3304e-08,3.3802e-08,1.115e-08,-1.8134e-08
-0.04,-0.04,0,0.15708,0.15708,1.5353e-08,-2.7886e-08,-1.9278e-08,7.9698e-09,4.1517e-08,3.2695e-08,3.8075e-08,7.477e-09,-9.3235e-09
0,-0.04,0,0.15708,0.15708,1.6822e-08,-2.6274e-08,-2.2796e-08,1.0425e-08,4.6825e-08,2.9896e-08,3.4417e-08,1.3864e-08,-1.0933e-08
0.04,-0.04,0,0.15708,0.15708,1.969e-08,-2.3643e-08,-2.7579e-08,1.1591e-08,4.9439e-08,2.6372e-08,3.0742e-08,1.8353e-08,-1.1704e-08
-0.08,0,0,0.15708,0.15708,1.4787e-08,-3.6904e-08,-1.5185e-08,2.742e-09,4.143e-08,3.2543e-08,4.3362e-08,3.1659e-09,-2.2331e-09
-0.04,0,0,0.15708,0.15708,1.6954e-08,-3.3285e-08,-1.7498e-08,3.6914e-09,4.6721e-08,2.9178e-08,3.9156e-08,9.3748e-09,-4.9463e-09
0,0,0,0.15708,0.15708,1.921e-08,-3.0519e-08,-2.0791e-08,4.7734e-09,5.1545e-08,2.6061e-08,3.4572e-08,1.5118e-08,-5.0688e-09
0.04,0,0,0.15708,0.15708,2.2972e-08,-2.8148e-08,-2.6781e-08,6.6823e-09,5.5491e-08,2.2322e-08,3.1141e-08,2.0292e-08,-7.0005e-09
0.08,0,0,0.15708,0.15708,2.6206e-08,-2.5588e-08,-3.2586e-08,6.8552e-09,6.0058e-08,2.004e-08,2.7493e-08,2.8031e-08,-6.5854e-09
-0.04,0.04,0,0.15708,0.15708,1.9873e-08,-4.0816e-08,-1.6469e-08,5.6751e-10,5.0668e-08,2.4512e-08,3.9205e-08,8.9418e-09,-9.313e-10
0,0.04,0,0.15708,0.15708,2.2607e-08,-3.6138e-08,-2.0122e-08,1.6884e-09,5.787e-08,2.2155e-08,3.6238e-08,1.5784e-08,-1.4917e-09
0.04,0.04,0,0.15708,0.15708,2.6707e-08,-3.2212e-08,-2.3865e-08,2.547e-09,6.2575e-08,1.9731e-08,3.1049e-08,2.3405e-08,-2.0921e-09
0,0.08,0,0.15708,0.15708,2.5915e-08,-4.3316e-08,-1.8677e-08,-7.278e-10,5.9679e-08,1.8973e-08,3.5227e-08,1.8169e-08,1.7681e-09
-0.04,-0.04,0.04,0.15708,0.15708,1.7438e-08,-2.7437e-08,-2.1579e-08,3.3684e-09,4.7508e-08,3.2244e-08,3.2303e-08,8.1884e-09,-1.2043e-08
0,-0.04,0.04,0.15708,0.15708,1.9686e-08,-2.523e-08,-2.6254e-08,4.8898e-09,5.2138e-08,2.8165e-08,2.9259e-08,1.2824e-08,-1.3246e-08
0.04,-0.04,0.04,0.15708,0.15708,2.2738e-08,-2.3588e-08,-3.2348e-08,5.2688e-09,5.7828e-08,2.4446e-08,2.6214e-08,1.6909e-08,-1.5053e-08
-0.04,0,0.04,0.15708,0.15708,1.9593e-08,-3.3089e-08,-2.0394e-08,-1.0098e-10,5.2844e-08,2.7796e-08,3.2628e-08,9.0372e-09,-7.1673e-09
0,0,0.04,0.15708,0.15708,2.3397e-08,-3.0861e-08,-2.572e-08,1.014e-09,5.8959e-08,2.4229e-08,3.0048e-08,1.3361e-08,-7.799e-09
0.04,0,0.04,0.15708,0.15708,2.6022e-08,-2.8557e-08,-3.0713e-08,1.1261e-09,6.5258e-08,2.1204e-08,2.6382e-08,1.9511e-08,-9.6745e-09
-0.04,0.04,0.04,0.15708,0.15708,2.2554e-08,-3.9268e-08,-1.9065e-08,-2.8559e-09,6.0122e-08,2.406e-08,3.2866e-08,9.5938e-09,-3.0017e-09
0,0.04,0.04,0.15708,0.15708,2.5728e-08,-3.5601e-08,-2.3248e-08,-2.9318e-09,6.834e-08,2.1076e-08,2.9679e-08,1.5586e-08,-3.959e-09
0.04,0.04,0.04,0.15708,0.15708,3.0158e-08,-3.2539e-08,-2.8209e-08,-2.1597e-09,7.3203e-08,1.8955e-08,2.6764e-08,2.066e-08,-4.3914e-09
0,0,0.08,0.15708,0.15708,2.4574e-08,-2.822e-08,-2.6908e-08,-4.9495e-09,6.6341e-08,2.242e-08,2.4309e-08,1.2586e-08,-1.0632e-08
