0,0,-0.08,0.05236,0.05236,1.001e-08,-2.8734e-08,-1.3974e-08,7.317e-09,4.0347e-08,2.7062e-08,4.684e-08,1.559e-08,-1.6158e-09
-0.04,-0.04,-0.04,0.05236,0.05236,1.201e-08,-2.7897e-08,-1.7508e-08,5.7981e-09,3.7433e-08,3.5316e-08,4.5936e-08,7.5459e-09,-1.1608e-08
0,-0.04,-0.04,0.05236,0.05236,1.2512e-08,-2.6267e-08,-1.8899e-08,7.5801e-09,4.3295e-08,3.2271e-08,4.1385e-08,1.418e-08,-1.4106e-08
0.04,-0.04,-0.04,0.05236,0.05236,1.5019e-08,-2.339e-08,-2.2654e-08,9.6012e-09,4.5979e-08,2.7357e-08,3.5362e-08,2.0317e-08,-1.3274e-08
-0.04,0,-0.04,0.05236,0.05236,1.2853e-08,-3.3337e-08,-1.5489e-08,2.7448e-09,4.305e-08,3.0516e-08,4.894e-08,7.9784e-09,-5.0224e-09
0,0,-0.04,0.05236,0.05236,1.4189e-08,-2.9829e-08,-1.9614e-08,5.1912e-09,4.621e-08,2.7019e-08,4.1212e-08,1.5687e-08,-6.325e-09
0.04,0,-0.04,0.05236,0.05236,1.645e-08,-2.7287e-08,-2.2269e-08,6.6218e-09,4.8971e-08,2.4359e-08,3.7813e-08,2.3421e-08,-7.4055e-09
-0.04,0.04,-0.04,0.05236,0.05236,1.4305e-08,-3.8897e-08,-1.4951e-08,-3.9866e-11,4.5851e-08,2.567e-08,5.0064e-08,1.1358e-08,-3.1807e-09
0,0.04,-0.04,0.05236,0.05236,1.6826e-08,-3.4759e-08,-1.7238e-08,1.4986e-09,4.926e-08,2.2689e-08,4.2804e-08,2.0089e-08,-1.1146e-09
0.04,0.04,-0.04,0.05236,0.05236,1.9844e-08,-3.1535e-08,-2.1305e-08,1.7796e-09,5.4573e-08,2.0359e-08,3.6087e-08,2.841e-08,-2.2272e-09
0,-0.08,0,0.05236,0.05236,1.3311e-08,-2.2644e-08,-2.4875e-08,1.0915e-08,4.3607e-08,3.5622e-08,3.4765e-08,1.1116e-08,-2.369e-08
-0.04,-0.04,0,0.05236,0.05236,1.4524e-08,-2.8776e-08,-2e-08,3.7774e-09,4.2776e-08,3.297e-08,3.7343e-08,7.5674e-09,-1.4565e-08
0,-0.04,0,0.05236,0.05236,1.5948e-08,-2.659e-08,-2.4403e-08,4.6385e-09,4.7715e-08,3.0995e-08,3.4384e-08,1.3513e-08,-1.8467e-08
0.04,-0.04,0,0.05236,0.05236,1.8688e-08,-2.4394e-08,-2.9314e-08,5.8499e-09,5.2689e-08,2.6271e-08,3.0638e-08,1.9024e-08,-1.7613e-08
-0.08,0,0,0.05236,0.05236,1.4948e-08,-3.6505e-08,-1.5966e-08,-1.6024e-09,4.3725e-08,3.2802e-08,4.3499e-08,3.3111e-09,-7.2719e-09
-0.04,0,0,0.05236,0.05236,1.6564e-08,-3.365e-08,-1.8699e-08,-9.7867e-10,4.7872e-08,2.8475e-08,4.119e-08,6.6526e-09,-8.9156e-09
0,0,0,0.05236,0.05236,1.9133e-08,-3.1121e-08,-2.3964e-08,-5.9752e-10,5.4491e-08,2.6467e-08,3.7223e-08,1.3829e-08,-1.0386e-08
0.04,0,0,0.05236,0.05236,2.0198e-08,-2.8862e-08,-2.8026e-08,7.9485e-10,5.9351e-08,2.391e-08,3.1971e-08,2.0385e-08,-1.2142e-08
0.08,0,0,0.05236,0.05236,2.4146e-08,-2.5565e-08,-3.4198e-08,1.3477e-09,5.9416e-08,2.0785e-08,2.8106e-08,2.7445e-08,-9.9148e-09
-0.04,0.04,0,0.05236,0.05236,1.8649e-08,-4.0031e-08,-1.7966e-08,-2.3139e-09,5.3895e-08,2.4746e-08,3.8383e-08,9.0697e-09,-4.1658e-09
0,0.04,0,0.05236,0.05236,2.2038e-08,-3.7454e-08,-2.1976e-08,-1.5823e-09,6.0713e-08,2.2533e-08,3.4015e-08,1.534e-08,-5.0948e-09
0.04,0.04,0,0.05236,0.05236,2.3022e-08,-3.2757e-08,-2.6703e-08,-1.7613e-09,6.6104e-08,2.0434e-08,3.1825e-08,2.3893e-08,-5.6787e-09
0,0.08,0,0.05236,0.05236,2.6456e-08,-4.4655e-08,-2.0681e-08,-4.4579e-09,6.0474e-08,1.9409e-08,3.5192e-08,2.0413e-08,-2.1174e-09
-0.04,-0.04,0.04,0.05236,0.05236,1.7268e-08,-2.8155e-08,-2.181e-08,-1.7087e-09,4.8928e-08,3.1985e-08,2.9968e-08,7.5031e-09,-1.6749e-08
0,-0.04,0.04,0.05236,0.05236,1.9077e-08,-2.5854e-08,-2.7162e-08,4.9453e-10,5.4837e-08,2.9339e-08,2.9155e-08,1.1396e-08,-1.8816e-08
0.04,-0.04,0.04,0.05236,0.05236,2.1404e-08,-2.3677e-08,-3.2559e-08,-1.2439e-09,6.1576e-08,2.5983e-08,2.752e-08,1.7196e-08,-1.8782e-08
-0.04,0,0.04,0.05236,0.05236,1.7724e-08,-3.3236e-08,-2.2784e-08,-4.1993e-09,5.7145e-08,2.5342e-08,3.3461e-08,9.1803e-09,-1.104e-08
0,0,0.04,0.05236,0.05236,2.1626e-08,-3.1133e-08,-2.6195e-08,-4.3046e-09,6.1481e-08,2.4012e-08,2.9262e-08,1.3496e-08,-1.2351e-08
0.04,0,0.04,0.05236,0.05236,2.3975e-08,-2.7315e-08,-3.0887e-08,-4.1453e-09,6.696e-08,2.1651e-08,2.7536e-08,1.7797e-08,-1.4076e-08
-0.04,0.04,0.04,0.05236,0.05236,2.138e-08,-4.0129e-08,-2.0624e-08,-5.7875e-09,6.2407e-08,2.3074e-08,3.2979e-08,9.4865e-09,-8.4019e-09
0,0.04,0.04,0.05236,0.05236,2.6573e-08,-3.6532e-08,-2.609e-08,-6.4951e-09,6.8936e-08,2.1754e-08,2.894e-08,1.6005e-08,-8.2594e-09
0.04,0.04,0.04,0.05236,0.05236,2.9757e-08,-3.4411e-08,-3.2279e-08,-5.3191e-09,7.5692e-08,1.9593e-08,2.7828e-08,1.9053e-08,-8.6442e-09
0,0,0.08,0.05236,0.05236,2.3583e-08,-3.0256e-08,-2.9272e-08,-1.1154e-08,7.0929e-08,2.2165e-08,2.5487e-08,1.2912e-08,-1.347e-08
0,0,-0.08,0.10472,0.05236,1.1154e-08,-2.8071e-08,-1.3653e-08,8.8569e-09,3.9591e-08,2.6611e-08,4.5695e-08,1.8166e-08,2.9424e-09
-0.04,-0.04,-0.04,0.10472,0.05236,1.2497e-08,-2.7149e-08,-1.7084e-08,9.353e-09,3.7519e-08,3.4195e-08,4.7067e-08,7.6217e-09,-7.5194e-09
0,-0.04,-0.04,0.10472,0.05236,1.3979e-08,-2.6493e-08,-1.918e-08,1.0949e-08,4.1637e-08,3.1206e-08,4.0353e-08,1.4342e-08,-1.0258e-08
0.04,-0.04,-0.04,0.10472,0.05236,1.4928e-08,-2.3285e-08,-2.4143e-08,1.1936e-08,4.3755e-08,2.666e-08,3.475e-08,1.9e-08,-1.2108e-08
-0.04,0,-0.04,0.10472,0.05236,1.3103e-08,-3.3823e-08,-1.53e-08,4.4318e-09,4.0995e-08,2.9349e-08,4.8338e-08,7.4258e-09,-2.6485e-09
0,0,-0.04,0.10472,0.05236,1.6417e-08,-3.1189e-08,-1.9263e-08,7.2991e-09,4.5795e-08,2.6213e-08,3.9369e-08,1.5882e-08,-5.8324e-09
0.04,0,-0.04,0.10472,0.05236,1.6789e-08,-2.7801e-08,-2.0371e-08,8.0007e-09,4.772e-08,2.4087e-08,3.5849e-08,2.4007e-08,-5.2739e-09
-0.04,0.04,-0.04,0.10472,0.05236,1.5679e-08,-3.79e-08,-1.4819e-08,2.2117e-09,4.5107e-08,2.5383e-08,4.7736e-08,9.1333e-09,1.2513e-09
0,0.04,-0.04,0.10472,0.05236,1.8598e-08,-3.6284e-08,-1.7314e-08,3.2152e-09,4.897e-08,2.282e-08,4.1423e-08,1.8903e-08,-8.3657e-12
0.04,0.04,-0.04,0.10472,0.05236,1.9564e-08,-3.1319e-08,-2.0266e-08,3.4652e-09,5.2345e-08,2.0295e-08,3.5789e-08,2.5889e-08,9.1282e-10
0,-0.08,0,0.10472,0.05236,1.4572e-08,-2.162e-08,-2.5351e-08,1.2344e-08,4.0988e-08,3.4963e-08,3.3197e-08,1.0742e-08,-2.0672e-08
-0.04,-0.04,0,0.10472,0.05236,1.5296e-08,-2.7079e-08,-1.9309e-08,6.3474e-09,4.2167e-08,3.3934e-08,3.9869e-08,8.0528e-09,-1.0687e-08
0,-0.04,0,0.10472,0.05236,1.6484e-08,-2.6725e-08,-2.3448e-08,5.5643e-09,4.5601e-08,2.9539e-08,3.4483e-08,1.2543e-08,-1.4737e-08
0.04,-0.04,0,0.10472,0.05236,1.7635e-08,-2.3923e-08,-2.8609e-08,8.2999e-09,5.1667e-08,2.7392e-08,3.0083e-08,1.919e-08,-1.6643e-08
-0.08,0,0,0.10472,0.05236,1.5297e-08,-3.5974e-08,-1.5675e-08,1.2636e-09,4.2364e-08,3.1528e-08,4.5094e-08,4.3721e-09,-5.2191e-09
-0.04,0,0,0.10472,0.05236,1.718e-08,-3.3028e-08,-1.8618e-08,1.2628e-09,4.6067e-08,3.0191e-08,4.1167e-08,9.0711e-09,-5.3338e-09
0,0,0,0.10472,0.05236,2.1228e-08,-2.9825e-08,-2.2042e-08,3.0658e-09,5.1502e-08,2.5741e-08,3.6036e-08,1.3652e-08,-9.1794e-09
0.04,0,0,0.10472,0.05236,2.3462e-08,-2.8193e-08,-2.8399e-08,4.1954e-09,5.7487e-08,2.3487e-08,3.0906e-08,2.0355e-08,-1.0143e-08
0.08,0,0,0.10472,0.05236,2.4262e-08,-2.4401e-08,-3.3805e-08,4.3968e-09,5.8342e-08,2.0252e-08,2.7913e-08,2.8897e-08,-8.9795e-09
-0.04,0.04,0,0.10472,0.05236,2.005e-08,-3.9821e-08,-1.8607e-08,-1.6727e-10,5.4096e-08,2.3843e-08,4.0043e-08,1.0336e-08,-2.3604e-09
0,0.04,0,0.10472,0.05236,2.2865e-08,-3.674e-08,-2.1726e-08,-1.1408e-09,5.5979e-08,2.3031e-08,3.5564e-08,1.8416e-08,-4.6504e-09
0.04,0.04,0,0.10472,0.05236,2.747e-08,-3.317e-08,-2.5138e-08,1.1208e-09,6.374e-08,2.0117e-08,3.0534e-08,2.2147e-08,-3.0557e-09
0,0.08,0,0.10472,0.05236,2.5796e-08,-4.3298e-08,-1.9694e-08,-2.1491e-09,5.9973e-08,2.0149e-08,3.6119e-08,1.7724e-08,-2.5894e-10
-0.04,-0.04,0.04,0.10472,0.05236,1.7811e-08,-2.7231e-08,-2.1972e-08,-2.0149e-10,4.8345e-08,3.1231e-08,3.3623e-08,8.6749e-09,-1.3273e-08
0,-0.04,0.04,0.10472,0.05236,1.9273e-08,-2.5498e-08,-2.7976e-08,9.5779e-10,5.2527e-08,2.6735e-08,2.9844e-08,1.1429e-08,-1.554e-08
0.04,-0.04,0.04,0.10472,0.05236,2.1307e-08,-2.2894e-08,-3.4023e-08,3.2191e-09,5.8153e-08,2.6144e-08,2.6697e-08,1.7509e-08,-1.7385e-08
-0.04,0,0.04,0.10472,0.05236,1.9386e-08,-3.3413e-08,-2.2529e-08,-3.1908e-09,5.135e-08,2.7186e-08,3.2812e-08,8.1822e-09,-9.59e-09
0,0,0.04,0.10472,0.05236,2.3592e-08,-3.0916e-08,-2.6767e-08,-2.1916e-09,5.9785e-08,2.4199e-08,2.9931e-08,1.3869e-08,-1.0797e-08
0.04,0,0.04,0.10472,0.05236,2.5383e-08,-2.8396e-08,-3.1902e-08,-1.4081e-09,7.0309e-08,2.2633e-08,2.7098e-08,1.8798e-08,-1.0152e-08
-0.04,0.04,0.04,0.10472,0.05236,2.2462e-08,-4.1166e-08,-2.0184e-08,-5.2078e-09,6.1465e-08,2.403e-08,3.2316e-08,1.0105e-08,-5.1263e-09
0,0.04,0.04,0.10472,0.05236,2.5303e-08,-3.6759e-08,-2.6059e-08,-4.2846e-09,7.0314e-08,2.0983e-08,3.0328e-08,1.6408e-08,-6.2329e-09
0.04,0.04,0.04,0.10472,0.05236,3.0372e-08,-3.1849e-08,-3.0493e-08,-4.6877e-09,7.7165e-08,1.8701e-08,2.794e-08,2.0988e-08,-5.4966e-09
0,0,0.08,0.10472,0.05236,2.4673e-08,-2.8996e-08,-2.8176e-08,-7.6121e-09,6.9001e-08,2.3194e-08,2.4921e-08,1.2957e-08,-1.2104e-08
0,0,-0.08,0.15708,0.05236,1.2994e-08,-2.9207e-08,-1.3421e-08,1.1328e-08,3.8852e-08,2.6748e-08,4.778e-08,1.6844e-08,5.3797e-09
-0.04,-0.04,-0.04,0.15708,0.05236,1.3636e-08,-2.89e-08,-1.6679e-08,1.1784e-08,3.5043e-08,3.3436e-08,4.5628e-08,6.1099e-09,-4.9418e-09
0,-0.04,-0.04,0.15708,0.05236,1.4819e-08,-2.6036e-08,-1.912e-08,1.1698e-08,3.8242e-08,3.0396e-08,4.0419e-08,1.2447e-08,-7.0712e-09
0.04,-0.04,-0.04,0.15708,0.05236,1.6653e-08,-2.3934e-08,-2.4075e-08,1.5225e-08,4.2332e-08,2.5611e-08,3.524e-08,2.1193e-08,-8.7252e-09
-0.04,0,-0.04,0.15708,0.05236,1.5022e-08,-3.2375e-08,-1.43e-08,7.2976e-09,3.953e-08,2.998e-08,4.6101e-08,9.7187e-09,-1.6928e-10
0,0,-0.04,0.15708,0.05236,1.7044e-08,-2.9403e-08,-1.8912e-08,9.33e-09,4.4621e-08,2.7118e-08,4.2298e-08,1.6805e-08,-8.7625e-10
0.04,0,-0.04,0.15708,0.05236,1.9101e-08,-2.8139e-08,-2.2181e-08,1.0348e-08,4.7777e-08,2.307e-08,3.4875e-08,2.3956e-08,-1.5667e-09
-0.04,0.04,-0.04,0.15708,0.05236,1.6975e-08,-3.9018e-08,-1.3881e-08,2.8756e-09,4.3322e-08,2.5846e-08,4.6978e-08,8.9978e-09,3.1113e-09
0,0.04,-0.04,0.15708,0.05236,1.9025e-08,-3.7479e-08,-1.6651e-08,4.3203e-09,5.0515e-08,2.3334e-08,3.9969e-08,1.8772e-08,2.2436e-09
0.04,0.04,-0.04,0.15708,0.05236,2.2479e-08,-3.2766e-08,-1.8635e-08,5.9249e-09,5.2368e-08,2.0357e-08,3.539e-08,2.7485e-08,2.1587e-09
0,-0.08,0,0.15708,0.05236,1.6294e-08,-2.2573e-08,-2.5755e-08,1.5608e-08,3.7323e-08,3.543e-08,3.4983e-08,1.2323e-08,-1.6955e-08
-0.04,-0.04,0,0.15708,0.05236,1.5538e-08,-2.8853e-08,-1.9042e-08,7.3366e-09,4.1714e-08,3.431e-08,3.9343e-08,7.977e-09,-8.5405e-09
0,-0.04,0,0.15708,0.05236,1.9288e-08,-2.6036e-08,-2.3926e-08,9.9271e-09,4.4785e-08,2.915e-08,3.4835e-08,1.2708e-08,-1.1226e-08
0.04,-0.04,0,0.15708,0.05236,2.0055e-08,-2.4225e-08,-2.7361e-08,1.1888e-08,5.038e-08,2.6398e-08,3.0025e-08,2.0038e-08,-1.234e-08
-0.08,0,0,0.15708,0.05236,1.5751e-08,-3.7035e-08,-1.5047e-08,2.2577e-09,4.0943e-08,3.1981e-08,4.2118e-08,2.1803e-09,-3.3216e-09
-0.04,0,0,0.15708,0.05236,1.6931e-08,-3.4129e-08,-1.9709e-08,1.8957e-09,4.3989e-08,2.8432e-08,4.0911e-08,9.6507e-09,-4.1392e-09
0,0,0,0.15708,0.05236,2.101e-08,-3.0746e-08,-2.208e-08,4.1642e-09,5.215e-08,2.4997e-08,3.5404e-08,1.4625e-08,-6.3027e-09
0.04,0,0,0.15708,0.05236,2.2917e-08,-2.7993e-08,-2.5386e-08,5.6847e-09,5.517e-08,2.2415e-08,3.1267e-08,2.2914e-08,-4.783e-09
0.08,0,0,0.15708,0.05236,2.5124e-08,-2.537e-08,-3.3249e-08,6.4378e-09,5.8586e-08,1.9526e-08,2.7755e-08,2.7879e-08,-6.4249e-09
-0.04,0.04,0,0.15708,0.05236,2.0689e-08,-4.0375e-08,-1.7073e-08,7.1727e-11,5.05e-08,2.5525e-08,3.8869e-08,1.0155e-08,-1.0938e-09
0,0.04,0,0.15708,0.05236,2.1956e-08,-3.6603e-08,-2.021e-08,1.6781e-09,5.9175e-08,2.2687e-08,3.4026e-08,1.6201e-08,-1.1921e-09
0.04,0.04,0,0.15708,0.05236,2.8416e-08,-3.3443e-08,-2.4478e-08,2.266e-09,6.193e-08,2.1077e-08,3.2461e-08,2.4014e-08,-1.0283e-09
0,0.08,0,0.15708,0.05236,2.6019e-08,-4.3757e-08,-1.8516e-08,-8.8795e-10,6.1354e-08,1.9447e-08,3.5248e-08,1.8021e-08,1.5693e-09
-0.04,-0.04,0.04,0.15708,0.05236,1.8481e-08,-2.8191e-08,-2.3163e-08,1.6224e-09,4.6232e-08,3.2717e-08,3.2894e-08,9.1434e-09,-1.0506e-08
0,-0.04,0.04,0.15708,0.05236,2.0172e-08,-2.6094e-08,-2.7025e-08,3.9826e-09,5.0495e-08,2.7814e-08,2.9743e-08,1.3302e-08,-1.4373e-08
0.04,-0.04,0.04,0.15708,0.05236,2.212e-08,-2.3615e-08,-3.3173e-08,8.6295e-09,5.5529e-08,2.5418e-08,2.6211e-08,1.7878e-08,-1.3696e-08
-0.04,0,0.04,0.15708,0.05236,1.9873e-08,-3.4273e-08,-2.1751e-08,6.9508e-10,5.169e-08,2.6772e-08,3.2795e-08,9.4105e-09,-7.6718e-09
0,0,0.04,0.15708,0.05236,2.2936e-08,-3.0078e-08,-2.464e-08,-1.4851e-10,6.2076e-08,2.4291e-08,3.1e-08,1.3608e-08,-8.09e-09
0.04,0,0.04,0.15708,0.05236,2.7748e-08,-2.8345e-08,-3.194e-08,1.1715e-09,6.4623e-08,2.141e-08,2.6416e-08,1.961e-08,-8.732e-09
-0.04,0.04,0.04,0.15708,0.05236,2.3311e-08,-4.0337e-08,-2.0564e-08,-3.2462e-09,6.117e-08,2.3475e-08,3.2492e-08,1.0059e-08,-3.5794e-09
0,0.04,0.04,0.15708,0.05236,2.6918e-08,-3.4666e-08,-2.2947e-08,-2.2083e-09,6.8914e-08,2.1091e-08,2.9313e-08,1.5378e-08,-4.4805e-09
0.04,0.04,0.04,0.15708,0.05236,3.1329e-08,-3.17e-08,-2.9508e-08,-3.3784e-09,7.35e-08,1.958e-08,2.6296e-08,2.132e-08,-5.0645e-09
0,0,0.08,0.15708,0.05236,2.4989e-08,-2.9617e-08,-2.7482e-08,-5.7447e-09,6.6616e-08,2.2654e-08,2.4591e-08,1.2924e-08,-1.0229e-08
0,0,-0.08,0.05236,0.10472,1.0079e-08,-2.7927e-08,-1.2839e-08,7.0258e-09,4.0767e-08,2.5933e-08,4.8361e-08,1.3552e-08,-2.7613e-09
-0.04,-0.04,-0.04,0.05236,0.10472,1.1251e-08,-2.736e-08,-1.6042e-08,7.9996e-09,3.7719e-08,3.7852e-08,4.5782e-08,8.0591e-09,-1.4216e-08
0,-0.04,-0.04,0.05236,0.10472,1.2796e-08,-2.6171e-08,-1.925e-08,8.8643e-09,4.2689e-08,3.1531e-08,3.9808e-08,1.386e-08,-1.2607e-08
0.04,-0.04,-0.04,0.05236,0.10472,1.3812e-08,-2.3147e-08,-2.364e-08,1.0712e-08,4.5918e-08,2.735e-08,3.4926e-08,1.9592e-08,-1.6631e-08
-0.04,0,-0.04,0.05236,0.10472,1.4104e-08,-3.3853e-08,-1.5299e-08,4.1326e-09,4.4004e-08,3.0991e-08,4.8665e-08,7.9677e-09,-4.6348e-09
0,0,-0.04,0.05236,0.10472,1.5021e-08,-2.9145e-08,-1.9059e-08,5.0959e-09,4.5691e-08,2.6101e-08,4.1724e-08,1.5715e-08,-6.5812e-09
0.04,0,-0.04,0.05236,0.10472,1.5576e-08,-2.7099e-08,-2.2322e-08,4.4599e-09,5.0523e-08,2.3381e-08,3.6426e-08,2.324e-08,-8.4241e-09
-0.04,0.04,-0.04,0.05236,0.10472,1.5307e-08,-3.8038e-08,-1.5311e-08,5.9044e-10,4.5844e-08,2.6459e-08,4.8941e-08,1.026e-08,-1.915e-09
0,0.04,-0.04,0.05236,0.10472,1.7237e-08,-3.5915e-08,-1.6684e-08,1.1522e-09,5.1743e-08,2.3323e-08,4.2159e-08,1.7778e-08,-3.1972e-09
0.04,0.04,-0.04,0.05236,0.10472,1.8468e-08,-3.2159e-08,-1.99e-08,2.2984e-09,5.1786e-08,2.1419e-08,3.3825e-08,2.6552e-08,-2.5959e-09
0,-0.08,0,0.05236,0.10472,1.3495e-08,-2.2439e-08,-2.524e-08,1.0561e-08,4.2431e-08,3.7942e-08,3.3952e-08,1.1453e-08,-2.2595e-08
-0.04,-0.04,0,0.05236,0.10472,1.5252e-08,-2.9198e-08,-1.9157e-08,3.3068e-09,4.2483e-08,3.5116e-08,3.9749e-08,7.5417e-09,-1.2852e-08
0,-0.04,0,0.05236,0.10472,1.5423e-08,-2.54e-08,-2.5504e-08,3.6452e-09,4.7497e-08,2.9433e-08,3.5262e-08,1.3472e-08,-1.5959e-08
0.04,-0.04,0,0.05236,0.10472,1.7431e-08,-2.3859e-08,-2.9633e-08,6.8553e-09,5.0696e-08,2.5229e-08,3.0127e-08,1.8604e-08,-1.8851e-08
-0.08,0,0,0.05236,0.10472,1.4668e-08,-3.58e-08,-1.7147e-08,-1.7304e-09,4.4707e-08,3.2031e-08,4.366e-08,3.1337e-09,-7.1987e-09
-0.04,0,0,0.05236,0.10472,1.583e-08,-3.3514e-08,-1.9154e-08,2.882e-10,4.9054e-08,2.823e-08,4.0877e-08,8.4078e-09,-9.0605e-09
0,0,0,0.05236,0.10472,1.8598e-08,-3.0228e-08,-2.2061e-08,1.5407e-09,5.3939e-08,2.6232e-08,3.4683e-08,1.4633e-08,-1.0794e-08
0.04,0,0,0.05236,0.10472,2.0938e-08,-2.7866e-08,-2.7822e-08,2.145e-09,5.994e-08,2.2936e-08,3.1298e-08,2.0534e-08,-1.1745e-08
0.08,0,0,0.05236,0.10472,2.2634e-08,-2.5541e-08,-3.4155e-08,1.8857e-09,5.9933e-08,2.0238e-08,2.7667e-08,2.5861e-08,-1.1858e-08
-0.04,0.04,0,0.05236,0.10472,1.8515e-08,-4.1103e-08,-1.8192e-08,-2.0495e-09,5.0313e-08,2.5443e-08,4.2683e-08,9.9174e-09,-5.1226e-09
0,0.04,0,0.05236,0.10472,2.1918e-08,-3.6435e-08,-2.2246e-08,-2.4822e-09,5.6162e-08,2.2967e-08,3.5272e-08,1.632e-08,-5.2483e-09
0.04,0.04,0,0.05236,0.10472,2.3232e-08,-3.2838e-08,-2.6865e-08,-2.6885e-09,6.2589e-08,2.0018e-08,3.1701e-08,2.2606e-08,-5.6829e-09
0,0.08,0,0.05236,0.10472,2.3958e-08,-4.3696e-08,-2.1632e-08,-4.161e-09,6.2454e-08,1.9291e-08,3.4097e-08,1.7346e-08,-2.5894e-09
-0.04,-0.04,0.04,0.05236,0.10472,1.662e-08,-2.7901e-08,-2.2261e-08,-1.837e-09,4.8152e-08,3.1746e-08,3.305e-08,7.0351e-09,-1.7555e-08
0,-0.04,0.04,0.05236,0.10472,1.8323e-08,-2.6454e-08,-2.5892e-08,-2.2191e-09,5.5765e-08,2.8447e-08,2.8374e-08,1.231e-08,-1.8647e-08
0.04,-0.04,0.04,0.05236,0.10472,1.9752e-08,-2.3812e-08,-3.3476e-08,-2.7842e-09,5.9628e-08,2.5501e-08,2.6474e-08,1.7139e-08,-2.0118e-08
-0.04,0,0.04,0.05236,0.10472,1.8667e-08,-3.2621e-08,-2.1811e-08,-6.0575e-09,5.5093e-08,2.6848e-08,3.2542e-08,9.8355e-09,-1.0316e-08
0,0,0.04,0.05236,0.10472,2.2417e-08,-3.0473e-08,-2.6789e-08,-4.1101e-09,6.1233e-08,2.5028e-08,3.0326e-08,1.3419e-08,-1.1896e-08
0.04,0,0.04,0.05236,0.10472,2.4815e-08,-2.7903e-08,-3.0771e-08,-3.7361e-09,7.0886e-08,2.266e-08,2.7652e-08,1.8208e-08,-1.3549e-08
-0.04,0.04,0.04,0.05236,0.10472,2.0947e-08,-4.2119e-08,-2.0604e-08,-6.6384e-09,5.7044e-08,2.2788e-08,3.2527e-08,8.3072e-09,-7.1129e-09
0,0.04,0.04,0.05236,0.10472,2.5081e-08,-3.5899e-08,-2.3928e-08,-6.2815e-09,6.8404e-08,2.1135e-08,3.0639e-08,1.4843e-08,-7.8601e-09
0.04,0.04,0.04,0.05236,0.10472,2.8426e-08,-3.4284e-08,-3.0754e-08,-6.0523e-09,7.2766e-08,1.8474e-08,2.7098e-08,2.2032e-08,-8.9604e-09
0,0,0.08,0.05236,0.10472,2.4164e-08,-2.9406e-08,-2.7674e-08,-1.1188e-08,7.1648e-08,2.2255e-08,2.6197e-08,1.3198e-08,-1.4586e-08
0,0,-0.08,0.10472,0.10472,1.1592e-08,-2.7676e-08,-1.3486e-08,9.9238e-09,3.9329e-08,2.6351e-08,4.6634e-08,1.802e-08,1.022e-10
-0.04,-0.04,-0.04,0.10472,0.10472,1.3053e-08,-2.7554e-08,-1.446e-08,8.5591e-09,3.8057e-08,3.5148e-08,4.6571e-08,7.3081e-09,-6.669e-09
0,-0.04,-0.04,0.10472,0.10472,1.2782e-08,-2.5919e-08,-1.9491e-08,1.0866e-08,4.0389e-08,2.9226e-08,3.8873e-08,1.279e-08,-8.8858e-09
0.04,-0.04,-0.04,0.10472,0.10472,1.6186e-08,-2.3064e-08,-2.4911e-08,1.3113e-08,4.375e-08,2.6303e-08,3.4931e-08,2.0028e-08,-1.069e-08
-0.04,0,-0.04,0.10472,0.10472,1.4491e-08,-3.2021e-08,-1.4877e-08,4.6977e-09,4.2408e-08,2.8702e-08,4.7806e-08,1.0326e-08,-1.9257e-09
0,0,-0.04,0.10472,0.10472,1.6962e-08,-3.0022e-08,-1.7855e-08,7.4741e-09,4.6049e-08,2.5898e-08,4.2501e-08,1.3844e-08,-2.5193e-09
0.04,0,-0.04,0.10472,0.10472,1.725e-08,-2.6206e-08,-2.0831e-08,6.3542e-09,4.916e-08,2.247e-08,3.5101e-08,2.3416e-08,-5.0712e-09
-0.04,0.04,-0.04,0.10472,0.10472,1.5685e-08,-3.8159e-08,-1.4912e-08,2.168e-09,4.57e-08,2.6317e-08,4.7551e-08,8.3874e-09,1.2478e-09
0,0.04,-0.04,0.10472,0.10472,1.6579e-08,-3.6258e-08,-1.6263e-08,3.0816e-09,4.9092e-08,2.2669e-08,4.2196e-08,1.6063e-08,4.7388e-10
0.04,0.04,-0.04,0.10472,0.10472,1.9144e-08,-3.2197e-08,-2.0889e-08,3.4004e-09,5.291e-08,2.0808e-08,3.6203e-08,2.5395e-08,6.8619e-10
0,-0.08,0,0.10472,0.10472,1.5205e-08,-2.2409e-08,-2.3859e-08,1.1672e-08,4.0186e-08,3.4379e-08,3.4561e-08,1.0851e-08,-1.8958e-08
-0.04,-0.04,0,0.10472,0.10472,1.4958e-08,-2.8187e-08,-1.9524e-08,5.2731e-09,4.0193e-08,3.5019e-08,3.8614e-08,8.153e-09,-1.2053e-08
0,-0.04,0,0.10472,0.10472,1.6432e-08,-2.6265e-08,-2.4096e-08,7.287e-09,4.7425e-08,2.9794e-08,3.5153e-08,1.3938e-08,-1.5133e-08
0.04,-0.04,0,0.10472,0.10472,1.9233e-08,-2.4721e-08,-2.8596e-08,1.0038e-08,5.0998e-08,2.651e-08,3.0587e-08,1.7441e-08,-1.4495e-08
-0.08,0,0,0.10472,0.10472,1.4834e-08,-3.6584e-08,-1.5524e-08,1.249e-09,4.1192e-08,3.1421e-08,4.3555e-08,4.8536e-09,-4.8688e-09
-0.04,0,0,0.10472,0.10472,1.7549e-08,-3.3434e-08,-1.7763e-08,1.7921e-09,4.3716e-08,2.8952e-08,4.0663e-08,9.1837e-09,-7.3486e-09
0,0,0,0.10472,0.10472,1.9696e-08,-3.1502e-08,-2.2852e-08,1.6817e-09,5.2111e-08,2.5516e-08,3.6225e-08,1.4834e-08,-9.7773e-09
0.04,0,0,0.10472,0.10472,2.2855e-08,-2.7963e-08,-2.6034e-08,3.4682e-09,5.4949e-08,2.2534e-08,3.0856e-08,2.1266e-08,-9.0777e-09
0.08,0,0,0.10472,0.10472,2.4784e-08,-2.6393e-08,-3.2649e-08,4.8482e-09,5.7353e-08,2.0869e-08,2.7326e-08,2.8538e-08,-8.9845e-09
-0.04,0.04,0,0.10472,0.10472,1.9437e-08,-4.0799e-08,-1.829e-08,-6.781e-10,5.367e-08,2.4996e-08,3.9423e-08,9.3594e-09,-3.3126e-09
0,0.04,0,0.10472,0.10472,2.2154e-08,-3.7311e-08,-2.0981e-08,8.3973e-10,5.8947e-08,2.2844e-08,3.6823e-08,1.8167e-08,-3.9856e-09
0.04,0.04,0,0.10472,0.10472,2.7251e-08,-3.3348e-08,-2.5331e-08,-2.648e-11,6.524e-08,1.9803e-08,3.1517e-08,2.4408e-08,-3.4162e-09
0,0.08,0,0.10472,0.10472,2.5944e-08,-4.4925e-08,-1.9632e-08,-2.2178e-09,5.9991e-08,1.9119e-08,3.5787e-08,1.8309e-08,-9.467e-10
-0.04,-0.04,0.04,0.10472,0.10472,1.6259e-08,-2.8187e-08,-2.2137e-08,9.1106e-10,4.6668e-08,3.2327e-08,3.0549e-08,7.3006e-09,-1.5136e-08
0,-0.04,0.04,0.10472,0.10472,2.0609e-08,-2.6682e-08,-2.6744e-08,1.6844e-09,5.402e-08,2.8047e-08,3.0643e-08,1.2265e-08,-1.5932e-08
0.04,-0.04,0.04,0.10472,0.10472,2.1295e-08,-2.4556e-08,-3.4993e-08,2.6632e-09,6.0732e-08,2.4937e-08,2.627e-08,1.6983e-08,-1.6985e-08
-0.04,0,0.04,0.10472,0.10472,1.9454e-08,-3.4784e-08,-2.1693e-08,-2.2739e-09,5.4068e-08,2.8331e-08,3.2862e-08,8.7355e-09,-9.0729e-09
0,0,0.04,0.10472,0.10472,2.1967e-08,-2.9714e-08,-2.7348e-08,-1.041e-09,6.1016e-08,2.3839e-08,2.8847e-08,1.2602e-08,-1.0265e-08
0.04,0,0.04,0.10472,0.10472,2.534e-08,-2.7534e-08,-3.1887e-08,-1.7373e-09,6.7672e-08,2.156e-08,2.7629e-08,1.9031e-08,-1.2157e-08
-0.04,0.04,0.04,0.10472,0.10472,2.2052e-08,-3.9678e-08,-1.9764e-08,-4.1404e-09,5.9144e-08,2.354e-08,3.2223e-08,9.8622e-09,-4.9055e-09
0,0.04,0.04,0.10472,0.10472,2.6424e-08,-3.5856e-08,-2.3812e-08,-4.8631e-09,6.5723e-08,2.0992e-08,2.9859e-08,1.4918e-08,-6.8718e-09
0.04,0.04,0.04,0.10472,0.10472,2.9931e-08,-3.3278e-08,-3.028e-08,-4.5291e-09,7.4605e-08,1.8743e-08,2.67e-08,2.0967e-08,-6.9578e-09
0,0,0.08,0.10472,0.10472,2.471e-08,-2.9096e-08,-2.9092e-08,-6.7762e-09,7.3864e-08,2.1405e-08,2.4529e-08,1.1595e-08,-1.1528e-08
0,0,-0.08,0.15708,0.10472,1.232e-08,-2.9586e-08,-1.2984e-08,1.0469e-08,3.9e-08,2.5657e-08,4.5605e-08,1.7791e-08,5.4892e-09
-0.04,-0.04,-0.04,0.15708,0.10472,1.3363e-08,-2.7755e-08,-1.5774e-08,1.1248e-08,3.5166e-08,3.4915e-08,4.6687e-08,7.6698e-09,-3.8761e-09
0,-0.04,-0.04,0.15708,0.10472,1.4318e-08,-2.6416e-08,-2.1251e-08,1.2934e-08,3.9781e-08,2.9223e-08,3.8569e-08,1.3442e-08,-6.0716e-09
0.04,-0.04,-0.04,0.15708,0.10472,1.738e-08,-2.407e-08,-2.2643e-08,1.447e-08,4.2565e-08,2.5427e-08,3.5339e-08,2.1753e-08,-6.7913e-09
-0.04,0,-0.04,0.15708,0.10472,1.4158e-08,-3.1982e-08,-1.5867e-08,6.824e-09,4.1106e-08,3.0161e-08,4.5764e-08,8.0769e-09,4.4314e-10
0,0,-0.04,0.15708,0.10472,1.5729e-08,-3.0316e-08,-1.7878e-08,8.9367e-09,4.5028e-08,2.595e-08,4.2101e-08,1.4145e-08,1.1358e-10
0.04,0,-0.04,0.15708,0.10472,1.8885e-08,-2.8754e-08,-2.2112e-08,1.0222e-08,4.8043e-08,2.2765e-08,3.5459e-08,2.4058e-08,-2.9043e-09
-0.04,0.04,-0.04,0.15708,0.10472,1.6378e-08,-4.2817e-08,-1.3014e-08,4.0941e-09,4.5036e-08,2.6653e-08,4.9218e-08,9.8535e-09,3.5785e-09
0,0.04,-0.04,0.15708,0.10472,1.8467e-08,-3.6837e-08,-1.6521e-08,5.1206e-09,5.151e-08,2.2858e-08,4.0289e-08,1.8244e-08,3.2465e-09
0.04,0.04,-0.04,0.15708,0.10472,1.9748e-08,-3.2613e-08,-1.8124e-08,4.7488e-09,5.2001e-08,1.9345e-08,3.6983e-08,2.7596e-08,2.5905e-09
0,-0.08,0,0.15708,0.10472,1.5415e-08,-2.1975e-08,-2.611e-08,1.4111e-08,3.8044e-08,3.5442e-08,3.3395e-08,1.1153e-08,-1.8737e-08
-0.04,-0.04,0,0.15708,0.10472,1.6425e-08,-2.6744e-08,-1.9049e-08,8.1016e-09,4.2001e-08,3.4816e-08,3.9478e-08,8.0648e-09,-1.0677e-08
0,-0.04,0,0.15708,0.10472,1.6952e-08,-2.5955e-08,-2.3186e-08,8.6358e-09,4.3674e-08,2.8759e-08,3.545e-08,1.3075e-08,-1.153e-08
0.04,-0.04,0,0.15708,0.10472,1.9496e-08,-2.472e-08,-2.7245e-08,1.2063e-08,4.9257e-08,2.5632e-08,3.0203e-08,1.9706e-08,-1.228e-08
-0.08,0,0,0.15708,0.10472,1.5404e-08,-3.5715e-08,-1.5331e-08,2.0652e-09,4.0526e-08,3.2131e-08,4.2018e-08,4.3422e-09,-2.3122e-09
-0.04,0,0,0.15708,0.10472,1.6955e-08,-3.3259e-08,-1.8098e-08,2.5268e-09,4.6559e-08,2.9569e-08,3.8621e-08,8.6726e-09,-3.4782e-09
0,0,0,0.15708,0.10472,1.9887e-08,-3.0469e-08,-2.0268e-08,4.0698e-09,5.2035e-08,2.5373e-08,3.6324e-08,1.5409e-08,-4.458e-09
0.04,0,0,0.15708,0.10472,2.3076e-08,-2.7129e-08,-2.71e-08,6.8151e-09,5.7268e-08,2.1502e-08,3.1492e-08,2.2306e-08,-5.3834e-09
0.08,0,0,0.15708,0.10472,2.6737e-08,-2.4392e-08,-3.1942e-08,7.4038e-09,5.9923e-08,2.0605e-08,2.6527e-08,2.752e-08,-5.7476e-09
-0.04,0.04,0,0.15708,0.10472,1.9129e-08,-4.0469e-08,-1.6325e-08,3.3525e-10,5.2689e-08,2.5702e-08,3.799e-08,8.191e-09,-1.2477e-09
0,0.04,0,0.15708,0.10472,2.3115e-08,-3.5559e-08,-2.003e-08,7.16e-10,5.8731e-08,2.1036e-08,3.5585e-08,1.603e-08,-2.6204e-09
0.04,0.04,0,0.15708,0.10472,2.4863e-08,-3.2832e-08,-2.4036e-08,1.0542e-09,6.3377e-08,1.9914e-08,3.0923e-08,2.4441e-08,-2.2586e-09
0,0.08,0,0.15708,0.10472,2.5538e-08,-4.3199e-08,-1.8385e-08,-1.5456e-09,5.918e-08,1.9063e-08,3.2713e-08,1.7879e-08,1.4041e-09
-0.04,-0.04,0.04,0.15708,0.10472,1.7368e-08,-2.8613e-08,-2.2904e-08,3.2035e-09,4.5264e-08,3.1935e-08,3.2294e-08,8.2435e-09,-1.1747e-08
0,-0.04,0.04,0.15708,0.10472,1.9993e-08,-2.5579e-08,-2.6315e-08,5.4425e-09,5.249e-08,2.6421e-08,2.9282e-08,1.2239e-08,-1.3924e-08
0.04,-0.04,0.04,0.15708,0.10472,2.4268e-08,-2.3632e-08,-3.1921e-08,7.8666e-09,5.3409e-08,2.3975e-08,2.5794e-08,1.7584e-08,-1.3723e-08
-0.04,0,0.04,0.15708,0.10472,1.9692e-08,-3.3572e-08,-2.1385e-08,-1.6675e-09,5.3225e-08,2.7124e-08,3.2837e-08,9.4708e-09,-7.6988e-09
0,0,0.04,0.15708,0.10472,2.2572e-08,-2.8233e-08,-2.4499e-08,-5.633e-10,5.8832e-08,2.5121e-08,3.0563e-08,1.504e-08,-8.0785e-09
0.04,0,0.04,0.15708,0.10472,2.5903e-08,-2.7798e-08,-2.9763e-08,1.0503e-09,6.4978e-08,2.1707e-08,2.665e-08,1.9736e-08,-8.6927e-09
-0.04,0.04,0.04,0.15708,0.10472,2.2256e-08,-4.0569e-08,-1.9447e-08,-4.0199e-09,5.8576e-08,2.4214e-08,3.3398e-08,9.5446e-09,-3.5644e-09
0,0.04,0.04,0.15708,0.10472,2.6566e-08,-3.7282e-08,-2.317e-08,-2.3337e-09,6.6007e-08,2.0958e-08,2.9477e-08,1.593e-08,-3.6614e-09
0.04,0.04,0.04,0.15708,0.10472,2.9766e-08,-3.2019e-08,-2.96e-08,-1.5058e-09,7.1743e-08,1.8975e-08,2.7037e-08,2.1216e-08,-4.3867e-09
0,0,0.08,0.15708,0.10472,2.4928e-08,-2.7924e-08,-2.7233e-08,-5.2851e-09,6.7721e-08,2.2365e-08,2.499e-08,1.3073e-08,-9.6534e-09
0,0,-0.08,0.05236,0.15708,1.0475e-08,-2.7949e-08,-1.3517e-08,6.6087e-09,3.9608e-08,2.6082e-08,4.5657e-08,1.6539e-08,-4.4429e-10
-0.04,-0.04,-0.04,0.05236,0.15708,1.1723e-08,-2.7855e-08,-1.7073e-08,7.4735e-09,3.9229e-08,3.6493e-08,4.6576e-08,8.1232e-09,-1.016e-08
0,-0.04,-0.04,0.05236,0.15708,1.2024e-08,-2.648e-08,-1.9273e-08,8.6999e-09,4.3265e-08,3.1076e-08,4.0329e-08,1.3353e-08,-1.2806e-08
0.04,-0.04,-0.04,0.05236,0.15708,1.434e-08,-2.2292e-08,-2.2862e-08,1.0692e-08,4.5402e-08,2.741e-08,3.4466e-08,1.9104e-08,-1.4606e-08
-0.04,0,-0.04,0.05236,0.15708,1.2344e-08,-3.1313e-08,-1.5222e-08,3.9948e-09,4.113e-08,2.9995e-08,4.541e-08,8.7072e-09,-4.5688e-09
0,0,-0.04,0.05236,0.15708,1.355e-08,-2.9884e-08,-1.7781e-08,5.3734e-09,4.7826e-08,2.6205e-08,4.1264e-08,1.3459e-08,-6.0857e-09
0.04,0,-0.04,0.05236,0.15708,1.5417e-08,-2.7243e-08,-2.2595e-08,5.1693e-09,4.9017e-08,2.3835e-08,3.5799e-08,2.3306e-08,-8.2751e-09
-0.04,0.04,-0.04,0.05236,0.15708,1.5087e-08,-4.0118e-08,-1.5172e-08,6.1183e-10,4.4038e-08,2.5853e-08,4.8336e-08,9.5709e-09,-3.8636e-10
0,0.04,-0.04,0.05236,0.15708,1.6597e-08,-3.4939e-08,-1.8407e-08,7.4287e-10,4.9628e-08,2.3183e-08,4.1036e-08,1.7496e-08,-2.3975e-09
0.04,0.04,-0.04,0.05236,0.15708,1.9069e-08,-3.0728e-08,-2.0971e-08,1.5814e-09,5.2627e-08,2.0383e-08,3.7035e-08,2.6274e-08,-2.3759e-09
0,-0.08,0,0.05236,0.15708,1.4304e-08,-2.2842e-08,-2.5205e-08,1.1063e-08,4.231e-08,3.4981e-08,3.3059e-08,1.0427e-08,-2.3749e-08
-0.04,-0.04,0,0.05236,0.15708,1.4128e-08,-2.8624e-08,-1.887e-08,1.8186e-09,4.4525e-08,3.4886e-08,3.9869e-08,7.561e-09,-1.6252e-08
0,-0.04,0,0.05236,0.15708,1.628e-08,-2.8045e-08,-2.3388e-08,5.3298e-09,4.8723e-08,3.1527e-08,3.4251e-08,1.2177e-08,-1.417e-08
0.04,-0.04,0,0.05236,0.15708,1.7816e-08,-2.4241e-08,-2.8584e-08,4.7125e-09,5.3684e-08,2.729e-08,3.0215e-08,1.8152e-08,-1.8346e-08
-0.08,0,0,0.05236,0.15708,1.3892e-08,-3.6901e-08,-1.5908e-08,-6.56e-10,4.53e-08,3.1454e-08,4.4128e-08,4.9089e-09,-8.0822e-09
-0.04,0,0,0.05236,0.15708,1.6702e-08,-3.4889e-08,-1.858e-08,2.867e-10,4.7394e-08,2.8238e-08,3.9138e-08,7.116e-09,-1.0091e-08
0,0,0,0.05236,0.15708,1.8587e-08,-3.1124e-08,-2.3395e-08,3.0508e-10,5.6195e-08,2.6325e-08,3.571e-08,1.3826e-08,-1.086e-08
0.04,0,0,0.05236,0.15708,2.044e-08,-2.6523e-08,-2.6765e-08,5.9977e-10,6.1535e-08,2.3463e-08,3.1805e-08,2.1401e-08,-1.1381e-08
0.08,0,0,0.05236,0.15708,2.4216e-08,-2.5539e-08,-3.4588e-08,3.9346e-09,6.5895e-08,2.025e-08,2.8053e-08,2.617e-08,-1.2914e-08
-0.04,0.04,0,0.05236,0.15708,1.8203e-08,-4.0474e-08,-1.7869e-08,-2.9937e-09,5.3528e-08,2.548e-08,3.9325e-08,9.6615e-09,-4.2345e-09
0,0.04,0,0.05236,0.15708,2.2007e-08,-3.5936e-08,-2.1717e-08,-2.3386e-09,6.032e-08,2.2994e-08,3.6281e-08,1.6158e-08,-5.9762e-09
0.04,0.04,0,0.05236,0.15708,2.3228e-08,-3.2238e-08,-2.4881e-08,-2.007e-09,6.2599e-08,2.0179e-08,3.1765e-08,2.2298e-08,-5.252e-09
0,0.08,0,0.05236,0.15708,2.5932e-08,-4.0754e-08,-1.9323e-08,-3.682e-09,6.2167e-08,1.9216e-08,3.4901e-08,1.8097e-08,-1.7082e-09
-0.04,-0.04,0.04,0.05236,0.15708,1.7301e-08,-2.7141e-08,-2.2242e-08,-1.6165e-09,4.9424e-08,3.2199e-08,3.0836e-08,9.1533e-09,-1.6081e-08
0,-0.04,0.04,0.05236,0.15708,1.9073e-08,-2.6381e-08,-2.7349e-08,-4.936e-10,5.5204e-08,2.715e-08,2.8851e-08,1.2862e-08,-1.9136e-08
0.04,-0.04,0.04,0.05236,0.15708,2.0487e-08,-2.3827e-08,-3.337e-08,4.9568e-10,6.0085e-08,2.4365e-08,2.7999e-08,1.5514e-08,-2.0285e-08
-0.04,0,0.04,0.05236,0.15708,1.8375e-08,-3.3517e-08,-2.2681e-08,-4.5859e-09,5.8644e-08,2.6569e-08,3.2157e-08,9.0368e-09,-1.2106e-08
0,0,0.04,0.05236,0.15708,2.1801e-08,-3.1272e-08,-2.5904e-08,-4.76e-09,6.2259e-08,2.5011e-08,3.0778e-08,1.235e-08,-1.2428e-08
0.04,0,0.04,0.05236,0.15708,2.4954e-08,-2.7926e-08,-3.2811e-08,-4.5867e-09,6.8258e-08,2.183e-08,2.7881e-08,1.7885e-08,-1.3623e-08
-0.04,0.04,0.04,0.05236,0.15708,2.1832e-08,-4.062e-08,-2.1301e-08,-6.0458e-09,6.0269e-08,2.2198e-08,3.151e-08,9.1191e-09,-7.1769e-09
0,0.04,0.04,0.05236,0.15708,2.4064e-08,-3.5732e-08,-2.592e-08,-6.4995e-09,6.7801e-08,2.0759e-08,3.0055e-08,1.4684e-08,-8.5005e-09
0.04,0.04,0.04,0.05236,0.15708,2.8679e-08,-3.2384e-08,-3.2208e-08,-6.7368e-09,7.5618e-08,1.8984e-08,2.6702e-08,2.014e-08,-8.6119e-09
0,0,0.08,0.05236,0.15708,2.4504e-08,-2.9458e-08,-2.8842e-08,-1.0862e-08,7.3858e-08,2.1897e-08,2.548e-08,1.2031e-08,-1.4982e-08
0,0,-0.08,0.10472,0.15708,1.1946e-08,-2.845e-08,-1.2462e-08,8.8708e-09,3.9783e-08,2.6227e-08,4.7395e-08,1.5581e-08,3.2585e-09
-0.04,-0.04,-0.04,0.10472,0.15708,1.1932e-08,-2.7028e-08,-1.6229e-08,9.6448e-09,3.6642e-08,3.4681e-08,4.5351e-08,5.8782e-09,-7.2896e-09
0,-0.04,-0.04,0.10472,0.15708,1.2827e-08,-2.5826e-08,-1.8059e-08,1.305e-08,4.1205e-08,3.1053e-08,3.9184e-08,1.4019e-08,-9.196e-09
0.04,-0.04,-0.04,0.10472,0.15708,1.5502e-08,-2.3683e-08,-2.3182e-08,1.2e-08,4.5025e-08,2.7607e-08,3.5565e-08,1.9402e-08,-1.1028e-08
-0.04,0,-0.04,0.10472,0.15708,1.3224e-08,-3.3658e-08,-1.4187e-08,5.4037e-09,4.2266e-08,2.8973e-08,4.8539e-08,7.8203e-09,-1.9461e-09
0,0,-0.04,0.10472,0.15708,1.5918e-08,-2.9803e-08,-1.7321e-08,6.5849e-09,4.6995e-08,2.6642e-08,4.2084e-08,1.5673e-08,-3.3295e-09
0.04,0,-0.04,0.10472,0.15708,1.6716e-08,-2.7293e-08,-2.2208e-08,7.5975e-09,4.9978e-08,2.2275e-08,3.3738e-08,2.3044e-08,-6.1007e-09
-0.04,0.04,-0.04,0.10472,0.15708,1.5309e-08,-3.6789e-08,-1.3652e-08,2.6615e-09,4.3472e-08,2.622e-08,4.7326e-08,9.3908e-09,1.1725e-09
0,0.04,-0.04,0.10472,0.15708,1.8252e-08,-3.4265e-08,-1.603e-08,2.6505e-09,4.8017e-08,2.2956e-08,4.128e-08,1.8227e-08,6.4261e-10
0.04,0.04,-0.04,0.10472,0.15708,1.9009e-08,-3.1171e-08,-1.9753e-08,4.863e-09,5.3696e-08,2.1085e-08,3.4767e-08,2.4789e-08,5.5446e-10
0,-0.08,0,0.10472,0.15708,1.406e-08,-2.2736e-08,-2.3746e-08,1.1143e-08,4.2452e-08,3.6005e-08,3.4277e-08,1.0458e-08,-2.2079e-08
-0.04,-0.04,0,0.10472,0.15708,1.4569e-08,-2.8656e-08,-1.8185e-08,4.9932e-09,4.3356e-08,3.5437e-08,3.7325e-08,6.7611e-09,-1.1868e-08
0,-0.04,0,0.10472,0.15708,1.717e-08,-2.6666e-08,-2.1575e-08,7.4296e-09,4.7375e-08,2.9524e-08,3.5318e-08,1.3275e-08,-1.4644e-08
0.04,-0.04,0,0.10472,0.15708,1.7928e-08,-2.4329e-08,-2.8121e-08,7.4587e-09,4.8686e-08,2.6402e-08,3.0759e-08,1.9588e-08,-1.7015e-08
-0.08,0,0,0.10472,0.15708,1.4023e-08,-3.7434e-08,-1.4753e-08,4.0131e-10,4.2745e-08,3.1353e-08,4.4478e-08,3.6313e-09,-5.3991e-09
-0.04,0,0,0.10472,0.15708,1.7435e-08,-3.3435e-08,-1.8631e-08,1.3518e-09,4.7921e-08,2.9479e-08,3.9072e-08,1.0211e-08,-6.1072e-09
0,0,0,0.10472,0.15708,1.9412e-08,-3.0263e-08,-2.2748e-08,4.423e-09,5.1865e-08,2.4715e-08,3.531e-08,1.5394e-08,-6.697e-09
0.04,0,0,0.10472,0.15708,2.3337e-08,-2.9611e-08,-2.8411e-08,3.3096e-09,5.6242e-08,2.3094e-08,3.056e-08,2.0152e-08,-7.9773e-09
0.08,0,0,0.10472,0.15708,2.4566e-08,-2.4896e-08,-3.2022e-08,4.2975e-09,5.938e-08,2.0404e-08,2.6973e-08,2.6943e-08,-8.0572e-09
-0.04,0.04,0,0.10472,0.15708,1.9808e-08,-4.0614e-08,-1.6565e-08,-5.5329e-10,5.1832e-08,2.4509e-08,4.1341e-08,9.5603e-09,-2.3142e-09
0,0.04,0,0.10472,0.15708,2.2914e-08,-3.7359e-08,-1.9818e-08,1.8952e-10,5.9706e-08,2.2859e-08,3.6207e-08,1.7768e-08,-3.2061e-09
0.04,0.04,0,0.10472,0.15708,2.5762e-08,-3.3376e-08,-2.4269e-08,-9.4709e-10,6.194e-08,1.9151e-08,3.0822e-08,2.3661e-08,-3.5255e-09
0,0.08,0,0.10472,0.15708,2.4789e-08,-4.4059e-08,-2.0697e-08,-2.8098e-09,6.5276e-08,1.9758e-08,3.4759e-08,1.7524e-08,-1.0519e-09
-0.04,-0.04,0.04,0.10472,0.15708,1.7922e-08,-2.8002e-08,-2.2271e-08,5.7284e-10,4.8321e-08,3.1552e-08,3.3002e-08,7.2635e-09,-1.5885e-08
0,-0.04,0.04,0.10472,0.15708,1.916e-08,-2.5681e-08,-2.7592e-08,4.3258e-10,5.3756e-08,2.9259e-08,2.9591e-08,1.1625e-08,-1.6059e-08
0.04,-0.04,0.04,0.10472,0.15708,2.1826e-08,-2.2951e-08,-3.3304e-08,4.1943e-09,5.9982e-08,2.4889e-08,2.7972e-08,1.638e-08,-1.655e-08
-0.04,0,0.04,0.10472,0.15708,1.8728e-08,-3.5335e-08,-2.1657e-08,-1.9935e-09,5.7018e-08,2.7154e-08,3.182e-08,8.5138e-09,-9.2329e-09
0,0,0.04,0.10472,0.15708,2.3108e-08,-3.0566e-08,-2.523e-08,-2.7139e-09,6.0136e-08,2.3621e-08,3.0302e-08,1.4309e-08,-1.1303e-08
0.04,0,0.04,0.10472,0.15708,2.4926e-08,-2.7199e-08,-3.2244e-08,-2.1069e-09,6.8902e-08,2.1281e-08,2.6361e-08,1.9341e-08,-1.3399e-08
-0.04,0.04,0.04,0.10472,0.15708,2.1644e-08,-4.1112e-08,-1.9841e-08,-3.5472e-09,5.932e-08,2.3462e-08,3.3411e-08,9.7155e-09,-5.563e-09
0,0.04,0.04,0.10472,0.15708,2.6643e-08,-3.6818e-08,-2.4942e-08,-3.8102e-09,7.2567e-08,2.1102e-08,3.0667e-08,1.4252e-08,-6.1983e-09
0.04,0.04,0.04,0.10472,0.15708,3.0027e-08,-3.3249e-08,-2.9283e-08,-5.245e-09,7.2305e-08,1.9049e-08,2.6691e-08,2.0678e-08,-7.3169e-09
0,0,0.08,0.10472,0.15708,2.3931e-08,-2.9181e-08,-2.8069e-08,-8.8053e-09,6.8515e-08,2.1799e-08,2.4708e-08,1.4047e-08,-1.2442e-08
0,0,-0.08,0.15708,0.15708,1.2976e-08,-2.8958e-08,-1.2463e-08,1.1879e-08,3.881e-08,2.4872e-08,4.8211e-08,1.6032e-08,2.9412e-09
-0.04,-0.04,-0.04,0.15708,0.15708,1.2878e-08,-2.8308e-08,-1.4735e-08,1.1011e-08,3.6376e-08,3.5365e-08,4.6468e-08,5.6714e-09,-4.4935e-09
0,-0.04,-0.04,0.15708,0.15708,1.4789e-08,-2.4811e-08,-1.8247e-08,1.3603e-08,4.0065e-08,2.946e-08,4.0577e-08,1.2232e-08,-6.4198e-09
0.04,-0.04,-0.04,0.15708,0.15708,1.5655e-08,-2.4237e-08,-2.3675e-08,1.5841e-08,4.2373e-08,2.5884e-08,3.4779e-08,1.931e-08,-8.4407e-09
-0.04,0,-0.04,0.15708,0.15708,1.3666e-08,-3.4452e-08,-1.5038e-08,7.407e-09,4.062e-08,2.9419e-08,4.4408e-08,8.1554e-09,-1.1893e-10
0,0,-0.04,0.15708,0.15708,1.6769e-08,-3.0981e-08,-1.6442e-08,9.6593e-09,4.5028e-08,2.6579e-08,4.0901e-08,1.4607e-08,-1.3875e-09
0.04,0,-0.04,0.15708,0.15708,1.8375e-08,-2.7537e-08,-1.8422e-08,9.3332e-09,4.8662e-08,2.2779e-08,3.3352e-08,2.6354e-08,-1.6147e-09
-0.04,0.04,-0.04,0.15708,0.15708,1.5731e-08,-3.9099e-08,-1.3753e-08,5.877e-09,4.5397e-08,2.5289e-08,4.5636e-08,1.0376e-08,3.5676e-09
0,0.04,-0.04,0.15708,0.15708,1.7195e-08,-3.6791e-08,-1.6004e-08,3.915e-09,4.7916e-08,2.2715e-08,4.3291e-08,1.6375e-08,2.6391e-09
0.04,0.04,-0.04,0.15708,0.15708,2.1329e-08,-3.255e-08,-1.7244e-08,5.6968e-09,5.2734e-08,2.0493e-08,3.634e-08,2.6615e-08,2.9893e-09
0,-0.08,0,0.15708,0.15708,1.4696e-08,-2.1973e-08,-2.38e-08,1.7268e-08,4.0907e-08,3.501e-08,3.5062e-08,1.1923e-08,-1.6812e-08
-0.04,-0.04,0,0.15708,0.15708,1.5356e-08,-2.739e-08,-1.816e-08,7.5887e-09,4.3499e-08,3.3867e-08,4.0273e-08,7.8502e-09,-7.4308e-09
0,-0.04,0,0.15708,0.15708,1.8602e-08,-2.6469e-08,-2.4823e-08,9.3196e-09,4.6764e-08,3.0025e-08,3.5222e-08,1.464e-08,-1.032e-08
0.04,-0.04,0,0.15708,0.15708,1.9791e-08,-2.3812e-08,-2.6478e-08,1.3286e-08,5.1066e-08,2.5129e-08,3.2279e-08,1.7026e-08,-1.1445e-08
-0.08,0,0,0.15708,0.15708,1.4707e-08,-3.6153e-08,-1.4289e-08,3.2453e-09,4.077e-08,3.1773e-08,4.2629e-08,4.7651e-09,-2.8666e-09
-0.04,0,0,0.15708,0.15708,1.7473e-08,-3.4115e-08,-1.7694e-08,4.4108e-09,4.7276e-08,2.9651e-08,4.037e-08,8.7852e-09,-5.1272e-09
0,0,0,0.15708,0.15708,1.9576e-08,-3.1916e-08,-2.0291e-08,4.8814e-09,5.3411e-08,2.5003e-08,3.5849e-08,1.5702e-08,-4.2481e-09
0.04,0,0,0.15708,0.15708,2.2585e-08,-2.886e-08,-2.6538e-08,5.4092e-09,5.5748e-08,2.1769e-08,3.1346e-08,2.0915e-08,-5.3788e-09
0.08,0,0,0.15708,0.15708,2.6732e-08,-2.5111e-08,-3.1325e-08,6.9845e-09,5.9836e-08,1.9979e-08,2.8481e-08,2.9078e-08,-6.0771e-09
-0.04,0.04,0,0.15708,0.15708,1.8829e-08,-4.1037e-08,-1.5062e-08,9.2765e-10,5.1482e-08,2.4462e-08,3.7004e-08,9.0802e-09,-1.3667e-09
0,0.04,0,0.15708,0.15708,2.2467e-08,-3.6658e-08,-1.9438e-08,1.2571e-09,5.7759e-08,2.2644e-08,3.5298e-08,1.5013e-08,-1.5831e-09
0.04,0.04,0,0.15708,0.15708,2.4753e-08,-3.228e-08,-2.253e-08,2.5596e-09,6.2539e-08,2.0254e-08,3.0255e-08,2.345e-08,-1.8854e-09
0,0.08,0,0.15708,0.15708,2.5324e-08,-4.3754e-08,-1.7461e-08,-7.2729e-10,5.9802e-08,1.9481e-08,3.418e-08,1.6681e-08,1.5258e-09
-0.04,-0.04,0.04,0.15708,0.15708,1.7089e-08,-2.8654e-08,-2.2038e-08,2.7413e-09,4.6765e-08,3.296e-08,3.2508e-08,8.1223e-09,-1.1683e-08
0,-0.04,0.04,0.15708,0.15708,1.9515e-08,-2.5291e-08,-2.5991e-08,3.4788e-09,5.0774e-08,2.7577e-08,2.9382e-08,1.213e-08,-1.3405e-08
0.04,-0.04,0.04,0.15708,0.15708,2.1486e-08,-2.269e-08,-3.3682e-08,6.8376e-09,5.7323e-08,2.5284e-08,2.6826e-08,1.7471e-08,-1.434e-08
-0.04,0,0.04,0.15708,0.15708,1.96e-08,-3.4284e-08,-1.9607e-08,6.0716e-10,5.2835e-08,2.7003e-08,3.1438e-08,8.5538e-09,-8.0035e-09
0,0,0.04,0.15708,0.15708,2.2923e-08,-3.1304e-08,-2.5269e-08,-1.5053e-10,6.0434e-08,2.3909e-08,2.8902e-08,1.4395e-08,-7.6883e-09
0.04,0,0.04,0.15708,0.15708,2.5205e-08,-2.6937e-08,-3.0918e-08,1.7021e-09,6.5025e-08,2.1066e-08,2.6283e-08,1.7638e-08,-8.8315e-09
-0.04,0.04,0.04,0.15708,0.15708,2.2866e-08,-3.9336e-08,-2.1128e-08,-3.3245e-09,6.0307e-08,2.3166e-08,3.2167e-08,9.7604e-09,-4.0926e-09
0,0.04,0.04,0.15708,0.15708,2.6553e-08,-3.5786e-08,-2.3288e-08,-3.1028e-09,6.9971e-08,2.1352e-08,2.9743e-08,1.3031e-08,-4.3084e-09
0.04,0.04,0.04,0.15708,0.15708,3.1925e-08,-3.0922e-08,-3.0251e-08,-1.1473e-09,7.4491e-08,1.8502e-08,2.6196e-08,2.0855e-08,-5.0935e-09
0,0,0.08,0.15708,0.15708,2.4896e-08,-2.9113e-08,-2.7096e-08,-7.0465e-09,6.334e-08,2.2147e-08,2.5488e-08,1.2495e-08,-9.772e-09
