0,0,-0.08,0.05236,0.05236,1.1067e-08,-2.701e-08,-1.5679e-08,7.2041e-09,3.9127e-08,2.6902e-08,4.6766e-08,1.8094e-08,4.8163e-10
-0.04,-0.04,-0.04,0.05236,0.05236,1.234e-08,-2.6547e-08,-1.5472e-08,5.8909e-09,3.8292e-08,3.6488e-08,4.6737e-08,7.8759e-09,-8.3808e-09
0,-0.04,-0.04,0.05236,0.05236,1.3045e-08,-2.7032e-08,-1.9601e-08,1.1484e-08,4.3464e-08,3.1061e-08,4.151e-08,1.2939e-08,-1.486e-08
0.04,-0.04,-0.04,0.05236,0.05236,1.3544e-08,-2.3287e-08,-2.4229e-08,1.4911e-08,4.6843e-08,2.8067e-08,3.1577e-08,1.9552e-08,-1.1026e-08
-0.04,0,-0.04,0.05236,0.05236,1.295e-08,-3.2093e-08,-1.7502e-08,3.2954e-09,4.2612e-08,2.965e-08,4.6358e-08,1.0671e-08,-6.369e-09
0,0,-0.04,0.05236,0.05236,1.5013e-08,-3.2804e-08,-1.9623e-08,5.1579e-09,4.5049e-08,2.5938e-08,4.1543e-08,1.729e-08,-5.4986e-09
0.04,0,-0.04,0.05236,0.05236,1.6604e-08,-2.8847e-08,-2.0739e-08,4.6569e-09,5.0503e-08,2.3314e-08,3.4773e-08,2.4402e-08,-6.3755e-09
-0.04,0.04,-0.04,0.05236,0.05236,1.5069e-08,-3.7955e-08,-1.6209e-08,-1.1319e-11,4.1003e-08,2.6453e-08,5.0941e-08,7.8243e-09,-2.1017e-09
0,0.04,-0.04,0.05236,0.05236,1.677e-08,-3.7236e-08,-1.7746e-08,2.0513e-09,5.1578e-08,2.3194e-08,4.2732e-08,1.7637e-08,-3.3296e-09
0.04,0.04,-0.04,0.05236,0.05236,1.7513e-08,-3.1533e-08,-2.4153e-08,1.0924e-09,5.3814e-08,2.1035e-08,3.7006e-08,2.4555e-08,-1.817e-09
0,-0.08,0,0.05236,0.05236,1.3732e-08,-2.2037e-08,-2.7405e-08,5.8221e-09,4.322e-08,3.7407e-08,3.4968e-08,1.0412e-08,-2.2829e-08
-0.04,-0.04,0,0.05236,0.05236,1.3829e-08,-2.9042e-08,-2.0172e-08,2.7106e-09,4.74e-08,3.5189e-08,3.939e-08,7.4759e-09,-1.559e-08
0,-0.04,0,0.05236,0.05236,1.5296e-08,-2.5307e-08,-2.3327e-08,3.8332e-09,4.852e-08,3.1738e-08,3.5113e-08,1.3942e-08,-1.6577e-08
0.04,-0.04,0,0.05236,0.05236,1.6815e-08,-2.4629e-08,-3.0329e-08,5.8703e-09,5.5269e-08,2.7148e-08,3.1886e-08,1.6867e-08,-2.0029e-08
-0.08,0,0,0.05236,0.05236,1.4178e-08,-3.3632e-08,-1.61e-08,-1.0013e-09,4.2003e-08,2.9605e-08,4.5653e-08,5.3559e-09,-8.509e-09
-0.04,0,0,0.05236,0.05236,1.5205e-08,-3.2548e-08,-1.7234e-08,5.9865e-10,4.9216e-08,2.808e-08,4.255e-08,9.4174e-09,-1.0123e-08
0,0,0,0.05236,0.05236,1.8703e-08,-2.9067e-08,-2.3234e-08,3.5438e-11,5.6551e-08,2.4531e-08,3.5108e-08,1.6634e-08,-1.0038e-08
0.04,0,0,0.05236,0.05236,2.0241e-08,-2.9672e-08,-2.6397e-08,1.5127e-09,5.4819e-08,2.3961e-08,2.9827e-08,2.2033e-08,-1.0622e-08
0.08,0,0,0.05236,0.05236,2.2624e-08,-2.3598e-08,-3.5757e-08,3.4605e-09,6.5997e-08,2.0756e-08,2.7261e-08,2.6019e-08,-1.1101e-08
-0.04,0.04,0,0.05236,0.05236,1.9833e-08,-3.9218e-08,-1.7925e-08,-2.8695e-09,5.27e-08,2.5907e-08,3.873e-08,1.0067e-08,-2.7454e-09
0,0.04,0,0.05236,0.05236,2.3644e-08,-3.6614e-08,-2.2444e-08,-2.2945e-09,6.3519e-08,2.3738e-08,3.4369e-08,1.5683e-08,-8.431e-09
0.04,0.04,0,0.05236,0.05236,2.2438e-08,-3.2664e-08,-2.4999e-08,-3.0551e-09,6.159e-08,1.94e-08,3.4346e-08,2.6852e-08,-5.7983e-09
0,0.08,0,0.05236,0.05236,2.5352e-08,-4.2464e-08,-1.9451e-08,-3.1558e-09,6.131e-08,1.905e-08,3.6814e-08,1.9645e-08,-3.9024e-09
-0.04,-0.04,0.04,0.05236,0.05236,1.6949e-08,-2.8613e-08,-2.2786e-08,-3.9905e-09,4.9673e-08,3.1517e-08,3.1298e-08,7.7e-09,-1.6083e-08
0,-0.04,0.04,0.05236,0.05236,1.7842e-08,-2.5417e-08,-2.66e-08,-8.6744e-10,5.4179e-08,2.8886e-08,2.886e-08,1.1367e-08,-1.6636e-08
0.04,-0.04,0.04,0.05236,0.05236,2.1577e-08,-2.3974e-08,-3.5659e-08,2.1274e-09,5.9713e-08,2.8052e-08,2.594e-08,1.6346e-08,-1.7863e-08
-0.04,0,0.04,0.05236,0.05236,2.015e-08,-3.8417e-08,-2.1519e-08,-4.2399e-09,5.2876e-08,2.6153e-08,3.0329e-08,7.2522e-09,-1.2045e-08
0,0,0.04,0.05236,0.05236,2.2273e-08,-3.023e-08,-2.7688e-08,-5.6454e-09,5.8654e-08,2.4606e-08,2.77e-08,1.5536e-08,-1.3015e-08
0.04,0,0.04,0.05236,0.05236,2.2706e-08,-2.8339e-08,-3.2679e-08,-5.1026e-09,6.9601e-08,2.2308e-08,2.5367e-08,1.863e-08,-1.6368e-08
-0.04,0.04,0.04,0.05236,0.05236,2.311e-08,-3.948e-08,-1.9512e-08,-6.1679e-09,6.5081e-08,2.3547e-08,2.9908e-08,8.9666e-09,-7.8271e-09
0,0.04,0.04,0.05236,0.05236,2.4932e-08,-3.7109e-08,-2.7944e-08,-7.6927e-09,6.6197e-08,2.1579e-08,3.0957e-08,1.6199e-08,-7.0969e-09
0.04,0.04,0.04,0.05236,0.05236,2.7717e-08,-3.2924e-08,-3.0621e-08,-7.6086e-09,7.3172e-08,1.7857e-08,2.6215e-08,2.0494e-08,-1.0237e-08
0,0,0.08,0.05236,0.05236,2.5419e-08,-3.0669e-08,-2.7706e-08,-1.416e-08,7.1606e-08,2.1696e-08,2.471e-08,1.2249e-08,-1.2027e-08
0,0,-0.08,0.10472,0.05236,1.3009e-08,-2.6945e-08,-1.1136e-08,1.0205e-08,3.9016e-08,2.4703e-08,4.647e-08,1.7682e-08,3.4365e-09
-0.04,-0.04,-0.04,0.10472,0.05236,1.2438e-08,-2.9676e-08,-1.6129e-08,8.6335e-09,3.641e-08,3.8025e-08,4.4791e-08,7.4634e-09,-8.74e-09
0,-0.04,-0.04,0.10472,0.05236,1.4338e-08,-2.6196e-08,-1.8605e-08,1.3691e-08,3.9777e-08,3.0716e-08,3.8436e-08,1.359e-08,-1.2737e-08
0.04,-0.04,-0.04,0.10472,0.05236,1.5664e-08,-2.5714e-08,-2.4881e-08,1.2781e-08,4.1968e-08,2.6603e-08,3.2624e-08,2.2896e-08,-1.1906e-08
-0.04,0,-0.04,0.10472,0.05236,1.3906e-08,-3.2804e-08,-1.4681e-08,5.2195e-09,4.1691e-08,2.791e-08,4.8995e-08,5.6117e-09,-2.7807e-09
0,0,-0.04,0.10472,0.05236,1.6615e-08,-2.9615e-08,-1.714e-08,5.8146e-09,4.5587e-08,2.5106e-08,4.102e-08,1.6256e-08,-3.0021e-09
0.04,0,-0.04,0.10472,0.05236,1.7714e-08,-2.6565e-08,-2.3954e-08,7.5189e-09,5.0816e-08,2.1315e-08,3.5027e-08,2.5959e-08,-5.2229e-09
-0.04,0.04,-0.04,0.10472,0.05236,1.7585e-08,-4.169e-08,-1.5835e-08,3.4516e-09,4.3651e-08,2.709e-08,4.6658e-08,1.008e-08,-1.1801e-09
0,0.04,-0.04,0.10472,0.05236,1.8091e-08,-3.5708e-08,-1.5511e-08,4.3014e-09,5.2715e-08,2.3083e-08,3.992e-08,1.9759e-08,1.3555e-09
0.04,0.04,-0.04,0.10472,0.05236,2.1491e-08,-3.2329e-08,-1.9435e-08,2.464e-09,4.9253e-08,2.0507e-08,3.6515e-08,2.9864e-08,1.35e-09
0,-0.08,0,0.10472,0.05236,1.5245e-08,-2.3365e-08,-2.4709e-08,1.2618e-08,3.9443e-08,3.3065e-08,3.3127e-08,1.031e-08,-2.2704e-08
-0.04,-0.04,0,0.10472,0.05236,1.5133e-08,-2.7832e-08,-2.0085e-08,5.6374e-09,4.0192e-08,3.4126e-08,3.9273e-08,7.8454e-09,-1.0097e-08
0,-0.04,0,0.10472,0.05236,1.7458e-08,-2.6876e-08,-2.3602e-08,3.6975e-09,4.866e-08,2.9838e-08,3.655e-08,1.4538e-08,-1.4527e-08
0.04,-0.04,0,0.10472,0.05236,1.7301e-08,-2.4697e-08,-2.7718e-08,1.238e-08,5.0249e-08,2.5288e-08,3.1926e-08,1.6861e-08,-1.4881e-08
-0.08,0,0,0.10472,0.05236,1.4822e-08,-3.5285e-08,-1.6324e-08,2.1125e-10,3.9409e-08,3.2554e-08,3.9453e-08,3.9626e-09,-4.4787e-09
-0.04,0,0,0.10472,0.05236,1.664e-08,-3.2088e-08,-1.9211e-08,2.444e-09,4.7535e-08,2.9266e-08,4.1098e-08,8.2563e-09,-6.7801e-09
0,0,0,0.10472,0.05236,1.9677e-08,-3.1767e-08,-2.2713e-08,1.9315e-09,5.5808e-08,2.6974e-08,3.2837e-08,1.6631e-08,-4.6409e-09
0.04,0,0,0.10472,0.05236,2.4105e-08,-2.6847e-08,-2.6565e-08,3.0684e-09,5.6847e-08,2.3075e-08,3.3167e-08,1.8304e-08,-7.4103e-09
0.08,0,0,0.10472,0.05236,2.3614e-08,-2.4575e-08,-3.5593e-08,4.6068e-09,6.0636e-08,1.9378e-08,2.614e-08,2.8241e-08,-1.1086e-08
-0.04,0.04,0,0.10472,0.05236,1.8718e-08,-3.8778e-08,-1.7802e-08,-9.9288e-10,4.9794e-08,2.6746e-08,4.1726e-08,1.1645e-08,-3.6334e-09
0,0.04,0,0.10472,0.05236,2.2345e-08,-3.6794e-08,-2.1475e-08,-1.9261e-09,5.6682e-08,2.2135e-08,3.2985e-08,1.7047e-08,-4.2571e-09
0.04,0.04,0,0.10472,0.05236,2.6236e-08,-3.265e-08,-2.6102e-08,-1.2936e-09,6.6161e-08,2.0582e-08,3.0088e-08,2.4368e-08,-3.061e-09
0,0.08,0,0.10472,0.05236,2.6251e-08,-4.5006e-08,-1.869e-08,-3.0696e-09,6.3252e-08,1.9139e-08,3.2858e-08,1.8637e-08,-1.0946e-09
-0.04,-0.04,0.04,0.10472,0.05236,1.6063e-08,-2.7093e-08,-2.2965e-08,-1.1354e-09,5.1122e-08,3.538e-08,3.1519e-08,9.4718e-09,-1.5165e-08
0,-0.04,0.04,0.10472,0.05236,1.9912e-08,-2.5866e-08,-2.7664e-08,3.2271e-09,5.5344e-08,2.8716e-08,3.0195e-08,1.1233e-08,-1.6405e-08
0.04,-0.04,0.04,0.10472,0.05236,2.2417e-08,-2.3092e-08,-3.4646e-08,9.2092e-10,5.6677e-08,2.5781e-08,2.6489e-08,1.6424e-08,-1.6915e-08
-0.04,0,0.04,0.10472,0.05236,1.8437e-08,-3.5842e-08,-2.1459e-08,-3.0479e-09,5.4323e-08,2.6292e-08,3.2838e-08,8.468e-09,-8.5223e-09
0,0,0.04,0.10472,0.05236,2.2197e-08,-2.7382e-08,-2.5809e-08,-6.9691e-09,5.9925e-08,2.6249e-08,3.0717e-08,1.3705e-08,-1.1373e-08
0.04,0,0.04,0.10472,0.05236,2.3137e-08,-2.8059e-08,-2.9663e-08,-1.5467e-09,6.6133e-08,2.2087e-08,2.5854e-08,1.9846e-08,-1.0442e-08
-0.04,0.04,0.04,0.10472,0.05236,2.1359e-08,-4.0848e-08,-1.9415e-08,-5.3962e-09,5.7926e-08,2.3902e-08,3.3066e-08,9.2896e-09,-5.7643e-09
0,0.04,0.04,0.10472,0.05236,2.7448e-08,-3.5227e-08,-2.3888e-08,-4.2676e-09,7.2177e-08,2.0808e-08,3.0377e-08,1.6378e-08,-6.6518e-09
0.04,0.04,0.04,0.10472,0.05236,2.8801e-08,-3.1971e-08,-3.0993e-08,-4.4286e-09,7.3341e-08,1.8072e-08,2.822e-08,2.2739e-08,-7.1632e-09
0,0,0.08,0.10472,0.05236,2.4853e-08,-2.7085e-08,-2.6576e-08,-1.0276e-08,6.875e-08,2.2947e-08,2.4573e-08,1.2129e-08,-1.2192e-08
0,0,-0.08,0.15708,0.05236,1.2636e-08,-2.8566e-08,-1.1461e-08,1.223e-08,3.9042e-08,2.4456e-08,4.7561e-08,1.8746e-08,6.6818e-09
-0.04,-0.04,-0.04,0.15708,0.05236,1.3209e-08,-2.9532e-08,-1.7876e-08,1.1645e-08,3.7144e-08,3.2674e-08,4.5603e-08,8.798e-09,-5.1333e-09
0,-0.04,-0.04,0.15708,0.05236,1.4451e-08,-2.5668e-08,-1.95e-08,1.282e-08,3.6088e-08,3.0313e-08,4.0412e-08,1.4993e-08,-1.1425e-08
0.04,-0.04,-0.04,0.15708,0.05236,1.9259e-08,-2.3554e-08,-2.3743e-08,1.6854e-08,4.2524e-08,2.5741e-08,3.8489e-08,2.1859e-08,-1.2285e-08
-0.04,0,-0.04,0.15708,0.05236,1.5297e-08,-3.1224e-08,-1.7059e-08,6.1906e-09,3.8311e-08,2.9795e-08,4.4485e-08,1.1821e-08,-6.7332e-10
0,0,-0.04,0.15708,0.05236,1.6851e-08,-3.1585e-08,-1.8893e-08,7.776e-09,4.4712e-08,2.6963e-08,3.9619e-08,1.5517e-08,8.0789e-10
0.04,0,-0.04,0.15708,0.05236,2.0119e-08,-2.7186e-08,-2.3025e-08,9.9592e-09,4.4552e-08,2.3747e-08,3.4436e-08,2.2418e-08,-1.7328e-09
-0.04,0.04,-0.04,0.15708,0.05236,1.6031e-08,-4.1312e-08,-1.469e-08,2.2896e-09,4.2315e-08,2.5252e-08,4.7793e-08,9.7518e-09,3.0118e-09
0,0.04,-0.04,0.15708,0.05236,2.01e-08,-3.7764e-08,-1.7144e-08,5.2239e-09,4.7523e-08,2.2846e-08,4.0188e-08,1.7088e-08,2.2966e-09
0.04,0.04,-0.04,0.15708,0.05236,2.1237e-08,-3.1434e-08,-2.0342e-08,6.004e-09,5.5164e-08,1.9891e-08,3.4744e-08,2.8123e-08,2.4702e-09
0,-0.08,0,0.15708,0.05236,1.4726e-08,-2.2332e-08,-2.4175e-08,1.633e-08,3.8681e-08,3.4944e-08,3.3931e-08,1.3296e-08,-1.6399e-08
-0.04,-0.04,0,0.15708,0.05236,1.459e-08,-2.6906e-08,-1.9631e-08,9.5363e-09,4.0561e-08,3.4108e-08,3.7244e-08,8.3794e-09,-9.1005e-09
0,-0.04,0,0.15708,0.05236,1.8872e-08,-2.7178e-08,-2.307e-08,8.1825e-09,4.3572e-08,3.0488e-08,3.4458e-08,1.3689e-08,-1.1957e-08
0.04,-0.04,0,0.15708,0.05236,1.9626e-08,-2.2413e-08,-2.7596e-08,1.0367e-08,4.9431e-08,2.7181e-08,2.8809e-08,2.0614e-08,-1.1461e-08
-0.08,0,0,0.15708,0.05236,1.46e-08,-3.6896e-08,-1.5706e-08,2.1744e-09,3.8191e-08,3.4057e-08,4.638e-08,3.3057e-09,-3.9914e-09
-0.04,0,0,0.15708,0.05236,1.6356e-08,-3.1938e-08,-1.788e-08,2.3864e-09,4.4987e-08,2.9776e-08,4.0442e-08,7.7558e-09,-4.7616e-09
0,0,0,0.15708,0.05236,2.1799e-08,-3.2404e-08,-2.3119e-08,3.9954e-09,5.3806e-08,2.6554e-08,3.309e-08,1.3084e-08,-4.0714e-09
0.04,0,0,0.15708,0.05236,2.2807e-08,-2.7957e-08,-2.5267e-08,5.5709e-09,5.5887e-08,2.2713e-08,3.0159e-08,2.1999e-08,-4.1937e-09
0.08,0,0,0.15708,0.05236,2.4104e-08,-2.4772e-08,-3.494e-08,4.9906e-09,5.8879e-08,1.9602e-08,2.6638e-08,2.667e-08,-6.149e-09
-0.04,0.04,0,0.15708,0.05236,1.9506e-08,-4.4373e-08,-1.6744e-08,-9.4859e-11,4.7695e-08,2.4391e-08,4.164e-08,1.0629e-08,-6.1075e-10
0,0.04,0,0.15708,0.05236,2.1805e-08,-3.6309e-08,-2.2459e-08,2.6358e-09,5.6523e-08,2.0941e-08,3.3693e-08,1.6345e-08,-4.9276e-11
0.04,0.04,0,0.15708,0.05236,2.7214e-08,-3.1547e-08,-2.344e-08,2.7895e-09,5.9405e-08,1.9908e-08,3.3475e-08,2.4159e-08,-2.5255e-09
0,0.08,0,0.15708,0.05236,2.5696e-08,-4.5417e-08,-2.0144e-08,-1.3093e-09,6.4885e-08,1.8987e-08,3.6124e-08,1.9779e-08,1.8604e-10
-0.04,-0.04,0.04,0.15708,0.05236,1.9074e-08,-2.8648e-08,-2.1596e-08,1.8126e-09,5.0349e-08,3.1403e-08,3.1666e-08,9.419e-09,-1.0063e-08
0,-0.04,0.04,0.15708,0.05236,1.9002e-08,-2.5355e-08,-2.8297e-08,3.6848e-09,5.2207e-08,2.8251e-08,2.9514e-08,1.2133e-08,-1.374e-08
0.04,-0.04,0.04,0.15708,0.05236,2.1142e-08,-2.5041e-08,-3.9084e-08,9.9061e-09,5.3048e-08,2.5119e-08,2.7023e-08,1.6074e-08,-1.5214e-08
-0.04,0,0.04,0.15708,0.05236,2.0534e-08,-3.2914e-08,-2.2478e-08,-3.2766e-09,5.0805e-08,3.0277e-08,3.3651e-08,7.9828e-09,-8.3319e-09
0,0,0.04,0.15708,0.05236,2.3006e-08,-3.0119e-08,-2.5906e-08,1.6105e-09,6.1589e-08,2.431e-08,3.0349e-08,1.5411e-08,-7.8318e-09
0.04,0,0.04,0.15708,0.05236,2.6049e-08,-2.6447e-08,-3.287e-08,1.8493e-09,6.4996e-08,2.1318e-08,2.8159e-08,1.9128e-08,-8.6834e-09
-0.04,0.04,0.04,0.15708,0.05236,2.0719e-08,-3.8446e-08,-2.0534e-08,-3.8151e-09,6.0408e-08,2.4099e-08,3.1349e-08,1.0917e-08,-3.7447e-09
0,0.04,0.04,0.15708,0.05236,2.7983e-08,-3.4071e-08,-2.5694e-08,-1.2839e-09,6.7231e-08,2.1218e-08,3.0989e-08,1.5118e-08,-3.3274e-09
0.04,0.04,0.04,0.15708,0.05236,3.0612e-08,-3.1514e-08,-2.9965e-08,-2.4377e-09,7.3043e-08,1.8675e-08,2.4579e-08,2.1422e-08,-4.4558e-09
0,0,0.08,0.15708,0.05236,2.4998e-08,-3.0461e-08,-2.7456e-08,-4.6466e-09,7.1067e-08,2.3913e-08,2.2816e-08,1.1226e-08,-9.3929e-09
0,0,-0.08,0.05236,0.10472,8.9182e-09,-2.8295e-08,-1.4886e-08,6.2131e-09,4.0218e-08,2.492e-08,4.5739e-08,1.6526e-08,-2.4013e-09
-0.04,-0.04,-0.04,0.05236,0.10472,1.1898e-08,-2.6937e-08,-1.7619e-08,7.0261e-09,3.6438e-08,3.4789e-08,4.5169e-08,7.2189e-09,-1.2129e-08
0,-0.04,-0.04,0.05236,0.10472,1.1259e-08,-2.5493e-08,-1.8664e-08,7.931e-09,4.4305e-08,3.2078e-08,3.9227e-08,1.2943e-08,-1.4245e-08
0.04,-0.04,-0.04,0.05236,0.10472,1.2762e-08,-2.3382e-08,-2.3294e-08,1.0812e-08,4.7151e-08,2.5463e-08,3.5075e-08,1.9633e-08,-1.3005e-08
-0.04,0,-0.04,0.05236,0.10472,1.3141e-08,-3.3279e-08,-1.538e-08,3.0116e-09,4.2742e-08,2.914e-08,4.7037e-08,6.5619e-09,-6.0076e-09
0,0,-0.04,0.05236,0.10472,1.5227e-08,-2.967e-08,-2.0108e-08,5.0933e-09,4.7254e-08,2.6295e-08,4.1452e-08,1.5186e-08,-6.2921e-09
0.04,0,-0.04,0.05236,0.10472,1.6146e-08,-2.8003e-08,-2.1507e-08,5.3859e-09,4.7885e-08,2.4836e-08,3.3789e-08,1.8771e-08,-9.9295e-09
-0.04,0.04,-0.04,0.05236,0.10472,1.4584e-08,-3.8495e-08,-1.6138e-08,9.331e-10,4.6656e-08,2.6503e-08,4.8427e-08,6.8504e-09,5.1973e-10
0,0.04,-0.04,0.05236,0.10472,1.5683e-08,-3.6386e-08,-1.7852e-08,1.0589e-09,4.8763e-08,2.2803e-08,4.0019e-08,1.6586e-08,-3.2127e-09
0.04,0.04,-0.04,0.05236,0.10472,1.9567e-08,-2.9918e-08,-2.1845e-08,2.2291e-09,5.2009e-08,2.0037e-08,3.4699e-08,2.9965e-08,-1.5923e-09
0,-0.08,0,0.05236,0.10472,1.4006e-08,-2.274e-08,-2.4295e-08,1.2451e-08,4.3321e-08,3.6753e-08,2.9606e-08,1.1109e-08,-2.3579e-08
-0.04,-0.04,0,0.05236,0.10472,1.5221e-08,-2.7092e-08,-1.9494e-08,2.4946e-09,4.1002e-08,3.6344e-08,3.5584e-08,6.0908e-09,-1.3801e-08
0,-0.04,0,0.05236,0.10472,1.6737e-08,-2.7404e-08,-2.4175e-08,8.0462e-09,5.3343e-08,3.1599e-08,3.5093e-08,1.3617e-08,-1.5837e-08
0.04,-0.04,0,0.05236,0.10472,1.6951e-08,-2.3727e-08,-2.6847e-08,4.7636e-09,5.2774e-08,2.6194e-08,3.1289e-08,1.9634e-08,-1.7722e-08
-0.08,0,0,0.05236,0.10472,1.504e-08,-3.5407e-08,-1.7173e-08,-1.3101e-09,4.1091e-08,3.3745e-08,4.6264e-08,4.3709e-09,-8.0906e-09
-0.04,0,0,0.05236,0.10472,1.7405e-08,-3.4459e-08,-1.6939e-08,-1.6288e-10,5.2706e-08,2.7825e-08,4.0711e-08,1.2156e-08,-6.3157e-09
0,0,0,0.05236,0.10472,1.8572e-08,-3.0658e-08,-2.2082e-08,9.3203e-10,5.3965e-08,2.6267e-08,3.3962e-08,1.3072e-08,-1.1151e-08
0.04,0,0,0.05236,0.10472,2.0124e-08,-2.7483e-08,-2.7326e-08,1.0756e-09,5.6754e-08,2.2225e-08,3.2179e-08,2.0237e-08,-1.0721e-08
0.08,0,0,0.05236,0.10472,2.3039e-08,-2.5658e-08,-3.4302e-08,6.746e-10,5.8222e-08,1.9932e-08,2.7583e-08,2.7494e-08,-1.0637e-08
-0.04,0.04,0,0.05236,0.10472,2.0619e-08,-4.0277e-08,-1.7526e-08,-3.1023e-09,5.1099e-08,2.443e-08,3.9423e-08,9.6641e-09,-4.2119e-09
0,0.04,0,0.05236,0.10472,2.1087e-08,-3.2322e-08,-2.3512e-08,-3.204e-09,5.9824e-08,2.3188e-08,3.3984e-08,1.7932e-08,-5.7324e-09
0.04,0.04,0,0.05236,0.10472,2.5663e-08,-3.0742e-08,-2.4858e-08,-7.4614e-10,5.7027e-08,1.9251e-08,3.0988e-08,2.2379e-08,-6.569e-09
0,0.08,0,0.05236,0.10472,2.7271e-08,-4.2079e-08,-2.0793e-08,-3.9052e-09,6.6988e-08,2.0036e-08,3.3878e-08,1.8319e-08,-1.0184e-09
-0.04,-0.04,0.04,0.05236,0.10472,1.6969e-08,-2.8274e-08,-2.2487e-08,-7.7876e-10,4.7848e-08,3.3633e-08,3.2727e-08,7.836e-09,-1.6542e-08
0,-0.04,0.04,0.05236,0.10472,1.9044e-08,-2.6686e-08,-2.6425e-08,-2.9415e-09,5.6475e-08,2.7534e-08,2.8645e-08,1.1748e-08,-1.7379e-08
0.04,-0.04,0.04,0.05236,0.10472,1.8761e-08,-2.4322e-08,-3.4927e-08,-3.41e-09,5.8233e-08,2.5301e-08,2.7052e-08,1.6342e-08,-2.4159e-08
-0.04,0,0.04,0.05236,0.10472,1.7648e-08,-3.5321e-08,-2.0965e-08,-4.2251e-09,5.7864e-08,2.7586e-08,3.5171e-08,8.2867e-09,-1.1082e-08
0,0,0.04,0.05236,0.10472,2.0267e-08,-3.0368e-08,-2.6926e-08,-7.7254e-09,6.0673e-08,2.3611e-08,3.0236e-08,1.4916e-08,-1.5664e-08
0.04,0,0.04,0.05236,0.10472,2.4706e-08,-2.8755e-08,-3.129e-08,-4.9989e-09,6.7236e-08,2.0906e-08,2.8252e-08,1.7793e-08,-1.2467e-08
-0.04,0.04,0.04,0.05236,0.10472,2.3728e-08,-4.0608e-08,-2.0207e-08,-6.1573e-09,6.248e-08,2.2426e-08,3.199e-08,9.142e-09,-6.3963e-09
0,0.04,0.04,0.05236,0.10472,2.6356e-08,-3.8096e-08,-2.4475e-08,-8.7165e-09,6.8296e-08,2.0285e-08,3.0747e-08,1.6036e-08,-9.5767e-09
0.04,0.04,0.04,0.05236,0.10472,2.9097e-08,-3.3659e-08,-3.0166e-08,-6.0141e-09,7.3217e-08,1.7986e-08,2.6231e-08,2.0998e-08,-9.3837e-09
0,0,0.08,0.05236,0.10472,2.5639e-08,-2.943e-08,-2.9363e-08,-8.9663e-09,6.9034e-08,2.2614e-08,2.4445e-08,1.196e-08,-1.3468e-08
0,0,-0.08,0.10472,0.10472,1.0369e-08,-2.9639e-08,-1.3105e-08,9.0721e-09,3.9512e-08,2.4765e-08,4.6297e-08,1.5402e-08,9.4698e-10
-0.04,-0.04,-0.04,0.10472,0.10472,1.2415e-08,-2.8584e-08,-1.6375e-08,7.7081e-09,3.6912e-08,3.9253e-08,4.4559e-08,9.3311e-09,-1.008e-08
0,-0.04,-0.04,0.10472,0.10472,1.4224e-08,-2.4947e-08,-1.9732e-08,1.3048e-08,4.3269e-08,3.1663e-08,4.1256e-08,1.6457e-08,-7.2792e-09
0.04,-0.04,-0.04,0.10472,0.10472,1.5906e-08,-2.2967e-08,-2.5376e-08,1.0988e-08,4.3048e-08,2.895e-08,3.4284e-08,1.8016e-08,-8.1227e-09
-0.04,0,-0.04,0.10472,0.10472,1.4249e-08,-3.4781e-08,-1.4896e-08,4.3707e-09,4.0285e-08,3.0339e-08,4.6875e-08,8.407e-09,-2.3508e-09
0,0,-0.04,0.10472,0.10472,1.5685e-08,-3.047e-08,-1.7483e-08,7.5817e-09,4.6113e-08,2.6931e-08,3.9944e-08,1.5143e-08,-3.5153e-09
0.04,0,-0.04,0.10472,0.10472,1.8632e-08,-2.928e-08,-2.2059e-08,8.8769e-09,4.811e-08,2.4021e-08,3.6532e-08,2.2757e-08,-3.6608e-09
-0.04,0.04,-0.04,0.10472,0.10472,1.5243e-08,-3.9738e-08,-1.5036e-08,1.7261e-09,4.5668e-08,2.4781e-08,4.5552e-08,6.3745e-09,5.3143e-10
0,0.04,-0.04,0.10472,0.10472,1.8105e-08,-3.5018e-08,-1.7863e-08,3.6485e-09,4.9755e-08,2.3325e-08,4.0471e-08,1.5593e-08,2.6761e-09
0.04,0.04,-0.04,0.10472,0.10472,2.1337e-08,-3.2894e-08,-2.0417e-08,3.0242e-09,5.3983e-08,1.9486e-08,3.394e-08,2.6157e-08,-1.4427e-09
0,-0.08,0,0.10472,0.10472,1.549e-08,-2.1662e-08,-2.4785e-08,1.2135e-08,3.9602e-08,3.5159e-08,3.1435e-08,1.0857e-08,-2.2822e-08
-0.04,-0.04,0,0.10472,0.10472,1.47e-08,-2.926e-08,-2.1013e-08,6.026e-09,4.3026e-08,3.5494e-08,4.1096e-08,7.5258e-09,-1.0575e-08
0,-0.04,0,0.10472,0.10472,1.7275e-08,-2.6521e-08,-2.5055e-08,7.4911e-09,4.8391e-08,3.0336e-08,3.3976e-08,1.2608e-08,-1.2329e-08
0.04,-0.04,0,0.10472,0.10472,1.9546e-08,-2.4079e-08,-2.8471e-08,9.5254e-09,5.2356e-08,2.7184e-08,3.2347e-08,1.7888e-08,-1.7381e-08
-0.08,0,0,0.10472,0.10472,1.488e-08,-3.5991e-08,-1.4933e-08,6.929e-10,4.1781e-08,3.2774e-08,3.8684e-08,3.987e-09,-5.3877e-09
-0.04,0,0,0.10472,0.10472,1.6255e-08,-3.5906e-08,-1.9514e-08,2.6079e-09,4.6098e-08,2.8194e-08,3.9286e-08,1.119e-08,-6.7422e-09
0,0,0,0.10472,0.10472,2.0412e-08,-3.1545e-08,-2.3397e-08,3.6446e-09,5.2868e-08,2.5848e-08,3.6077e-08,1.498e-08,-8.9866e-09
0.04,0,0,0.10472,0.10472,2.3338e-08,-2.7264e-08,-2.6507e-08,5.1744e-09,5.8289e-08,2.2437e-08,2.9134e-08,2.4019e-08,-7.0314e-09
0.08,0,0,0.10472,0.10472,2.5588e-08,-2.5218e-08,-3.4673e-08,2.7628e-09,6.443e-08,2.0064e-08,2.6042e-08,2.7734e-08,-1.2297e-08
-0.04,0.04,0,0.10472,0.10472,2.0029e-08,-4.2599e-08,-1.9543e-08,-3.3878e-10,5.0773e-08,2.4576e-08,4.0387e-08,8.7104e-09,-3.2574e-09
0,0.04,0,0.10472,0.10472,2.065e-08,-3.5833e-08,-2.3557e-08,-3.0713e-09,5.9056e-08,2.1737e-08,3.554e-08,1.7427e-08,-3.2847e-09
0.04,0.04,0,0.10472,0.10472,2.3837e-08,-3.4582e-08,-2.4997e-08,1.8617e-09,6.819e-08,1.9368e-08,3.4048e-08,2.4754e-08,-3.2686e-09
0,0.08,0,0.10472,0.10472,2.4348e-08,-4.4685e-08,-1.8598e-08,-2.3708e-09,5.9007e-08,2.0393e-08,3.8689e-08,1.5975e-08,-1.6627e-09
-0.04,-0.04,0.04,0.10472,0.10472,1.6382e-08,-2.8009e-08,-2.3383e-08,-1.6131e-09,4.6705e-08,3.1985e-08,3.1184e-08,8.1391e-09,-1.3583e-08
0,-0.04,0.04,0.10472,0.10472,1.8134e-08,-2.5996e-08,-2.6024e-08,2.3334e-09,5.2023e-08,2.6999e-08,2.9428e-08,1.2435e-08,-1.5275e-08
0.04,-0.04,0.04,0.10472,0.10472,2.2759e-08,-2.5628e-08,-3.1755e-08,2.9187e-09,5.9715e-08,2.516e-08,2.609e-08,1.7068e-08,-1.761e-08
-0.04,0,0.04,0.10472,0.10472,1.9738e-08,-3.3834e-08,-1.8968e-08,-2.0659e-09,5.1522e-08,2.5813e-08,3.0811e-08,7.8809e-09,-9.0455e-09
0,0,0.04,0.10472,0.10472,2.1912e-08,-3.1176e-08,-2.7651e-08,-1.3345e-09,5.8735e-08,2.4674e-08,3.2874e-08,1.4625e-08,-1.0041e-08
0.04,0,0.04,0.10472,0.10472,2.5894e-08,-2.6915e-08,-2.9305e-08,-2.1038e-09,6.5174e-08,2.3588e-08,2.6989e-08,1.7947e-08,-1.1672e-08
-0.04,0.04,0.04,0.10472,0.10472,2.2769e-08,-3.9653e-08,-2.1847e-08,-6.5638e-09,5.8089e-08,2.4304e-08,3.2693e-08,9.8288e-09,-4.2122e-09
0,0.04,0.04,0.10472,0.10472,2.4832e-08,-3.5011e-08,-2.4865e-08,-4.1201e-09,6.7904e-08,2.0963e-08,3.0565e-08,1.5012e-08,-5.7464e-09
0.04,0.04,0.04,0.10472,0.10472,3.0925e-08,-3.2064e-08,-3.0472e-08,-4.9994e-09,7.3974e-08,1.8073e-08,2.6459e-08,2.0567e-08,-6.9466e-09
0,0,0.08,0.10472,0.10472,2.5581e-08,-2.8959e-08,-2.591e-08,-8.365e-09,6.7984e-08,2.2375e-08,2.3752e-08,1.3497e-08,-1.304e-08
0,0,-0.08,0.15708,0.10472,1.0183e-08,-2.825e-08,-1.1453e-08,1.0618e-08,3.6777e-08,2.5223e-08,4.5862e-08,1.9528e-08,5.2321e-09
-0.04,-0.04,-0.04,0.15708,0.10472,1.2003e-08,-2.7137e-08,-1.643e-08,1.0563e-08,3.6242e-08,3.6021e-08,4.8041e-08,7.0772e-09,-8.0125e-09
0,-0.04,-0.04,0.15708,0.10472,1.432e-08,-2.4848e-08,-2.0028e-08,1.4127e-08,4.0663e-08,3.0944e-08,4.2622e-08,1.2345e-08,-2.5195e-09
0.04,-0.04,-0.04,0.15708,0.10472,1.6668e-08,-2.4161e-08,-2.177e-08,1.3332e-08,4.0246e-08,2.4748e-08,3.2511e-08,1.9633e-08,-6.6886e-09
-0.04,0,-0.04,0.15708,0.10472,1.4183e-08,-3.531e-08,-1.5612e-08,7.6888e-09,4.1387e-08,2.8097e-08,4.7357e-08,7.169e-09,-5.286e-10
0,0,-0.04,0.15708,0.10472,1.6435e-08,-3.3912e-08,-1.7022e-08,8.0695e-09,4.6925e-08,2.4837e-08,4.2119e-08,1.3366e-08,-1.906e-09
0.04,0,-0.04,0.15708,0.10472,1.8173e-08,-2.6672e-08,-2.0924e-08,9.7718e-09,4.5385e-08,2.2811e-08,3.684e-08,2.6209e-08,-3.0758e-09
-0.04,0.04,-0.04,0.15708,0.10472,1.7153e-08,-3.9625e-08,-1.3515e-08,5.1349e-09,4.4395e-08,2.5229e-08,4.8906e-08,1.1036e-08,1.5776e-09
0,0.04,-0.04,0.15708,0.10472,2.0275e-08,-3.3672e-08,-1.5838e-08,5.5753e-09,4.9506e-08,2.1716e-08,4.0721e-08,2.1882e-08,4.7443e-09
0.04,0.04,-0.04,0.15708,0.10472,2.3317e-08,-3.221e-08,-2.045e-08,6.1639e-09,5.3516e-08,1.9911e-08,3.2679e-08,2.9576e-08,1.2256e-09
0,-0.08,0,0.15708,0.10472,1.5268e-08,-2.308e-08,-2.3024e-08,1.634e-08,3.9732e-08,3.3832e-08,3.2022e-08,1.0273e-08,-1.8858e-08
-0.04,-0.04,0,0.15708,0.10472,1.6423e-08,-2.4796e-08,-1.9582e-08,7.4253e-09,4.128e-08,3.4947e-08,4.2657e-08,7.893e-09,-8.0742e-09
0,-0.04,0,0.15708,0.10472,1.7358e-08,-2.5411e-08,-2.3073e-08,8.876e-09,4.2841e-08,3.129e-08,3.7437e-08,1.1302e-08,-9.1989e-09
0.04,-0.04,0,0.15708,0.10472,1.914e-08,-2.3194e-08,-3.0504e-08,8.9533e-09,4.768e-08,2.7176e-08,2.9985e-08,1.9625e-08,-1.3282e-08
-0.08,0,0,0.15708,0.10472,1.5145e-08,-3.8415e-08,-1.5489e-08,2.0318e-09,4.1903e-08,3.3514e-08,4.2507e-08,4.635e-09,-3.0345e-09
-0.04,0,0,0.15708,0.10472,1.8527e-08,-3.3551e-08,-1.8051e-08,2.5505e-09,4.1401e-08,2.9351e-08,3.8985e-08,7.1268e-09,-4.1042e-09
0,0,0,0.15708,0.10472,1.8016e-08,-3.1037e-08,-2.3461e-08,3.8654e-09,5.7264e-08,2.5234e-08,3.4178e-08,1.3173e-08,-3.7956e-09
0.04,0,0,0.15708,0.10472,2.2363e-08,-2.637e-08,-2.6394e-08,5.1244e-09,5.6568e-08,2.3002e-08,3.0754e-08,1.9699e-08,-7.8067e-09
0.08,0,0,0.15708,0.10472,2.7669e-08,-2.5415e-08,-3.5744e-08,8.1672e-09,5.8469e-08,2.0694e-08,2.8739e-08,3.0823e-08,-6.4122e-09
-0.04,0.04,0,0.15708,0.10472,1.8309e-08,-4.2084e-08,-1.7832e-08,1.7091e-09,5.1307e-08,2.4289e-08,3.5937e-08,1.0674e-08,-1.0781e-09
0,0.04,0,0.15708,0.10472,2.4162e-08,-3.6416e-08,-2.0263e-08,4.3147e-10,5.6192e-08,2.233e-08,3.6917e-08,1.6094e-08,8.3187e-10
0.04,0.04,0,0.15708,0.10472,2.5629e-08,-3.2779e-08,-2.2924e-08,1.3871e-09,6.0429e-08,1.9399e-08,2.8083e-08,2.4565e-08,-6.0613e-10
0,0.08,0,0.15708,0.10472,2.4401e-08,-4.8067e-08,-1.6768e-08,-5.9693e-10,6.0516e-08,2.1024e-08,3.2262e-08,1.7024e-08,1.1059e-09
-0.04,-0.04,0.04,0.15708,0.10472,1.8018e-08,-2.9388e-08,-2.2199e-08,4.2902e-09,4.6751e-08,2.9908e-08,3.2318e-08,8.5888e-09,-1.1219e-08
0,-0.04,0.04,0.15708,0.10472,2.0126e-08,-2.3482e-08,-2.4072e-08,5.3423e-09,5.3012e-08,2.7034e-08,2.979e-08,1.232e-08,-1.2307e-08
0.04,-0.04,0.04,0.15708,0.10472,2.2858e-08,-2.2746e-08,-3.4509e-08,5.6019e-09,5.4325e-08,2.3871e-08,2.7964e-08,1.7778e-08,-1.0964e-08
-0.04,0,0.04,0.15708,0.10472,1.9185e-08,-3.4957e-08,-2.0225e-08,-2.2554e-09,5.5479e-08,2.6755e-08,3.4494e-08,9.2462e-09,-6.6631e-09
0,0,0.04,0.15708,0.10472,2.303e-08,-3.1305e-08,-2.4294e-08,3.3882e-11,5.5824e-08,2.332e-08,2.682e-08,1.3688e-08,-8.5822e-09
0.04,0,0.04,0.15708,0.10472,2.5494e-08,-2.8542e-08,-3.121e-08,7.2532e-10,6.7184e-08,2.1874e-08,2.5898e-08,1.8462e-08,-8.3754e-09
-0.04,0.04,0.04,0.15708,0.10472,2.2666e-08,-4.0173e-08,-2.0595e-08,-3.0141e-09,6.0623e-08,2.6866e-08,3.0696e-08,9.6434e-09,-3.124e-09
0,0.04,0.04,0.15708,0.10472,2.6179e-08,-3.3873e-08,-2.4297e-08,-2.6659e-09,6.7004e-08,2.1663e-08,3.4976e-08,1.364e-08,-4.3258e-09
0.04,0.04,0.04,0.15708,0.10472,3.1745e-08,-3.2713e-08,-2.6863e-08,-4.1396e-09,6.8895e-08,1.8496e-08,2.6032e-08,2.2534e-08,-5.2936e-09
0,0,0.08,0.15708,0.10472,2.4282e-08,-2.8792e-08,-2.6313e-08,-4.9315e-09,6.3808e-08,2.2695e-08,2.4539e-08,1.4063e-08,-9.1582e-09
0,0,-0.08,0.05236,0.15708,9.9884e-09,-2.8181e-08,-1.3354e-08,5.708e-09,4.2748e-08,2.6078e-08,4.6111e-08,1.7346e-08,-1.5958e-09
-0.04,-0.04,-0.04,0.05236,0.15708,1.2316e-08,-2.7736e-08,-1.6262e-08,5.7996e-09,4.1123e-08,3.7233e-08,4.5319e-08,7.309e-09,-1.2118e-08
0,-0.04,-0.04,0.05236,0.15708,1.2587e-08,-2.5702e-08,-1.899e-08,9.7882e-09,4.28e-08,3.0266e-08,3.9992e-08,1.3629e-08,-1.2615e-08
0.04,-0.04,-0.04,0.05236,0.15708,1.4213e-08,-2.3369e-08,-2.7688e-08,1.0734e-08,4.2028e-08,2.8115e-08,3.6132e-08,1.8848e-08,-1.3621e-08
-0.04,0,-0.04,0.05236,0.15708,1.2717e-08,-3.1858e-08,-1.4625e-08,3.4741e-09,4.125e-08,2.881e-08,4.6394e-08,5.7201e-09,-5.2544e-09
0,0,-0.04,0.05236,0.15708,1.4746e-08,-2.8669e-08,-1.8724e-08,6.1371e-09,4.9151e-08,2.6798e-08,4.4224e-08,1.4972e-08,-7.7602e-09
0.04,0,-0.04,0.05236,0.15708,1.703e-08,-2.8895e-08,-2.2649e-08,5.1417e-09,4.9809e-08,2.422e-08,3.5485e-08,2.5338e-08,-7.3303e-09
-0.04,0.04,-0.04,0.05236,0.15708,1.6582e-08,-3.9699e-08,-1.4878e-08,2.0209e-09,4.4687e-08,2.6006e-08,4.6489e-08,1.0685e-08,-1.1047e-09
0,0.04,-0.04,0.05236,0.15708,1.743e-08,-3.2735e-08,-1.693e-08,2.2493e-09,5.1579e-08,2.3094e-08,4.4016e-08,1.8569e-08,-1.8271e-09
0.04,0.04,-0.04,0.05236,0.15708,2.0256e-08,-3.0287e-08,-2.2688e-08,3.0138e-09,5.5059e-08,2.0282e-08,3.8897e-08,2.6116e-08,1.301e-10
0,-0.08,0,0.05236,0.15708,1.443e-08,-2.327e-08,-2.5954e-08,1.0265e-08,4.1853e-08,3.4619e-08,3.4902e-08,1.1416e-08,-2.4421e-08
-0.04,-0.04,0,0.05236,0.15708,1.2706e-08,-2.9267e-08,-2.0631e-08,3.6532e-09,4.4354e-08,3.3385e-08,3.9e-08,7.3656e-09,-1.6151e-08
0,-0.04,0,0.05236,0.15708,1.5959e-08,-2.6631e-08,-2.4549e-08,5.978e-09,5.062e-08,3.1164e-08,3.6584e-08,9.8105e-09,-1.7463e-08
0.04,-0.04,0,0.05236,0.15708,1.8124e-08,-2.4539e-08,-3.0245e-08,6.1366e-09,5.4797e-08,2.7259e-08,2.8713e-08,2.0377e-08,-1.5674e-08
-0.08,0,0,0.05236,0.15708,1.4874e-08,-3.5699e-08,-1.6403e-08,-2.6315e-09,4.323e-08,3.1858e-08,4.1993e-08,2.256e-09,-6.2056e-09
-0.04,0,0,0.05236,0.15708,1.5943e-08,-3.2658e-08,-1.9038e-08,2.4741e-09,5.0029e-08,2.6792e-08,3.904e-08,8.7922e-09,-7.3157e-09
0,0,0,0.05236,0.15708,1.9632e-08,-3.0643e-08,-2.2117e-08,1.0466e-09,5.1591e-08,2.588e-08,3.5071e-08,1.2305e-08,-1.0844e-08
0.04,0,0,0.05236,0.15708,2.288e-08,-2.9367e-08,-2.7187e-08,3.142e-09,5.7711e-08,2.2611e-08,3.0285e-08,2.0162e-08,-1.0123e-08
0.08,0,0,0.05236,0.15708,2.3328e-08,-2.5645e-08,-3.5989e-08,1.715e-09,6.1096e-08,1.9825e-08,2.725e-08,2.9448e-08,-1.2469e-08
-0.04,0.04,0,0.05236,0.15708,1.9136e-08,-4.3811e-08,-1.8039e-08,-3.1834e-09,5.0413e-08,2.5633e-08,4.0264e-08,1.0617e-08,-4.4491e-09
0,0.04,0,0.05236,0.15708,1.9976e-08,-3.4611e-08,-2.2553e-08,-3.3285e-09,6.055e-08,2.26e-08,3.6559e-08,1.4697e-08,-5.0401e-09
0.04,0.04,0,0.05236,0.15708,2.4681e-08,-3.3526e-08,-2.6555e-08,5.1792e-10,6.0695e-08,1.8797e-08,2.9942e-08,2.5114e-08,-5.4303e-09
0,0.08,0,0.05236,0.15708,2.6683e-08,-4.6976e-08,-2.1698e-08,-3.2069e-09,6.3003e-08,1.8754e-08,3.4203e-08,2.2141e-08,-3.0522e-09
-0.04,-0.04,0.04,0.05236,0.15708,1.5595e-08,-2.9059e-08,-2.2823e-08,-1.4787e-09,4.8185e-08,2.9416e-08,3.1872e-08,8.9668e-09,-1.6904e-08
0,-0.04,0.04,0.05236,0.15708,1.734e-08,-2.7465e-08,-2.6857e-08,-1.0477e-09,5.5997e-08,2.7564e-08,3.0032e-08,1.2067e-08,-1.8844e-08
0.04,-0.04,0.04,0.05236,0.15708,1.9484e-08,-2.5291e-08,-3.2111e-08,-6.4696e-10,6.2476e-08,2.3483e-08,2.7637e-08,1.6844e-08,-2.0445e-08
-0.04,0,0.04,0.05236,0.15708,1.8329e-08,-3.4585e-08,-2.3061e-08,-8.0472e-09,5.4433e-08,2.762e-08,3.1643e-08,8.7325e-09,-1.0437e-08
0,0,0.04,0.05236,0.15708,2.1455e-08,-3.0442e-08,-2.6571e-08,-3.5528e-09,6.0498e-08,2.3808e-08,3.0719e-08,1.1719e-08,-1.415e-08
0.04,0,0.04,0.05236,0.15708,2.7096e-08,-2.7523e-08,-3.1327e-08,-2.6796e-09,7.0286e-08,2.0753e-08,2.7616e-08,1.9781e-08,-1.2679e-08
-0.04,0.04,0.04,0.05236,0.15708,2.0648e-08,-4.1134e-08,-2.0153e-08,-5.9916e-09,6.0203e-08,2.4379e-08,3.17e-08,1.0967e-08,-9.2542e-09
0,0.04,0.04,0.05236,0.15708,2.484e-08,-3.6319e-08,-2.2811e-08,-8.4119e-09,7.2557e-08,1.9892e-08,3.0321e-08,1.3694e-08,-7.1857e-09
0.04,0.04,0.04,0.05236,0.15708,2.7351e-08,-3.2388e-08,-3.0472e-08,-5.9618e-09,7.1722e-08,1.8472e-08,2.6376e-08,1.8871e-08,-7.2799e-09
0,0,0.08,0.05236,0.15708,2.4782e-08,-3.1522e-08,-2.9011e-08,-1.3171e-08,7.5635e-08,2.1437e-08,2.551e-08,1.1898e-08,-1.4861e-08
0,0,-0.08,0.10472,0.15708,9.9785e-09,-2.9319e-08,-1.3722e-08,9.0585e-09,3.7196e-08,2.711e-08,4.508e-08,1.6584e-08,2.1151e-09
-0.04,-0.04,-0.04,0.10472,0.15708,1.1107e-08,-2.7344e-08,-1.4613e-08,9.4139e-09,3.636e-08,3.5532e-08,4.7924e-08,8.258e-09,-4.842e-09
0,-0.04,-0.04,0.10472,0.15708,1.3699e-08,-2.5999e-08,-1.9029e-08,8.2073e-09,4.1149e-08,3.0208e-08,3.8736e-08,1.268e-08,-7.3378e-09
0.04,-0.04,-0.04,0.10472,0.15708,1.4839e-08,-2.3756e-08,-2.3303e-08,1.3041e-08,4.4027e-08,2.8075e-08,3.406e-08,2.0747e-08,-1.0405e-08
-0.04,0,-0.04,0.10472,0.15708,1.4088e-08,-3.433e-08,-1.6264e-08,4.8037e-09,4.1959e-08,2.8895e-08,4.7924e-08,7.3344e-09,-1.8066e-09
0,0,-0.04,0.10472,0.15708,1.5323e-08,-2.7998e-08,-1.8051e-08,6.7074e-09,4.5732e-08,2.8001e-08,4.3787e-08,1.4897e-08,-4.9679e-09
0.04,0,-0.04,0.10472,0.15708,1.6443e-08,-2.6434e-08,-2.1196e-08,6.601e-09,4.8883e-08,2.1985e-08,3.5659e-08,2.2684e-08,-3.9602e-09
-0.04,0.04,-0.04,0.10472,0.15708,1.7303e-08,-3.8515e-08,-1.4579e-08,2.5462e-09,4.8283e-08,2.7514e-08,4.6049e-08,1.1855e-08,2.8985e-09
0,0.04,-0.04,0.10472,0.15708,1.8402e-08,-3.5396e-08,-1.5765e-08,3.0361e-09,5.4432e-08,2.2215e-08,4.2056e-08,1.7439e-08,2.2661e-09
0.04,0.04,-0.04,0.10472,0.15708,2.1022e-08,-3.3797e-08,-1.8316e-08,5.1296e-09,5.0243e-08,1.9856e-08,3.3513e-08,2.8747e-08,-7.0053e-11
0,-0.08,0,0.10472,0.15708,1.289e-08,-2.1919e-08,-2.3468e-08,1.4664e-08,4.0757e-08,3.406e-08,3.2514e-08,1.1164e-08,-2.2059e-08
-0.04,-0.04,0,0.10472,0.15708,1.5693e-08,-2.8952e-08,-1.6775e-08,4.0204e-09,3.8808e-08,3.2396e-08,4.0163e-08,5.6289e-09,-1.3176e-08
0,-0.04,0,0.10472,0.15708,1.753e-08,-2.6235e-08,-2.3768e-08,6.8675e-09,4.7639e-08,2.9288e-08,3.3565e-08,1.3805e-08,-1.468e-08
0.04,-0.04,0,0.10472,0.15708,1.8787e-08,-2.441e-08,-2.7089e-08,7.3692e-09,5.067e-08,2.6022e-08,3.1987e-08,1.8197e-08,-1.6104e-08
-0.08,0,0,0.10472,0.15708,1.4156e-08,-3.5504e-08,-1.5631e-08,2.4216e-09,3.7718e-08,3.335e-08,4.0545e-08,4.4103e-09,-3.7287e-09
-0.04,0,0,0.10472,0.15708,1.6489e-08,-3.5523e-08,-1.8713e-08,1.3571e-09,4.7356e-08,2.6732e-08,3.9035e-08,8.7581e-09,-7.1577e-09
0,0,0,0.10472,0.15708,1.8152e-08,-3.0211e-08,-2.1353e-08,3.5705e-09,5.2978e-08,2.6642e-08,3.5092e-08,1.3124e-08,-7.8272e-09
0.04,0,0,0.10472,0.15708,2.1896e-08,-2.788e-08,-2.6336e-08,3.7082e-09,5.3215e-08,2.2409e-08,3.0818e-08,2.1586e-08,-8.3613e-09
0.08,0,0,0.10472,0.15708,2.5096e-08,-2.4419e-08,-3.6621e-08,4.4472e-09,6.1117e-08,1.8032e-08,2.6904e-08,2.8502e-08,-1.2659e-08
-0.04,0.04,0,0.10472,0.15708,1.7565e-08,-3.76e-08,-1.7339e-08,-9.2854e-10,5.3593e-08,2.417e-08,3.7424e-08,8.6372e-09,-1.8894e-09
0,0.04,0,0.10472,0.15708,2.2971e-08,-3.8508e-08,-2.1941e-08,-5.2416e-10,5.9474e-08,2.3384e-08,3.599e-08,1.3669e-08,-2.9458e-09
0.04,0.04,0,0.10472,0.15708,2.5093e-08,-3.3197e-08,-2.5446e-08,-1.1974e-09,6.6663e-08,2.0959e-08,2.9603e-08,2.3852e-08,-3.598e-09
0,0.08,0,0.10472,0.15708,2.4155e-08,-4.4944e-08,-1.9695e-08,-3.1487e-09,6.0417e-08,1.9886e-08,3.3949e-08,2.0794e-08,-4.0788e-10
-0.04,-0.04,0.04,0.10472,0.15708,1.7183e-08,-2.8312e-08,-2.3133e-08,-2.6371e-10,5.1415e-08,3.2924e-08,3.2272e-08,9.2588e-09,-1.5318e-08
0,-0.04,0.04,0.10472,0.15708,1.8228e-08,-2.5765e-08,-2.5694e-08,3.1009e-11,4.9413e-08,2.7839e-08,2.7995e-08,1.2422e-08,-1.6722e-08
0.04,-0.04,0.04,0.10472,0.15708,1.9421e-08,-2.4279e-08,-3.3147e-08,4.7332e-09,5.8629e-08,2.5528e-08,2.6561e-08,1.7398e-08,-1.8532e-08
-0.04,0,0.04,0.10472,0.15708,1.9487e-08,-3.504e-08,-2.1484e-08,-8.4922e-10,5.4579e-08,2.7072e-08,3.2314e-08,6.5854e-09,-8.1587e-09
0,0,0.04,0.10472,0.15708,2.0933e-08,-3.0354e-08,-2.6745e-08,-2.0184e-09,5.905e-08,2.5792e-08,2.8408e-08,1.4162e-08,-1.0581e-08
0.04,0,0.04,0.10472,0.15708,2.4862e-08,-2.706e-08,-3.2104e-08,-2.3723e-09,6.5949e-08,2.2094e-08,2.7273e-08,1.9118e-08,-1.3017e-08
-0.04,0.04,0.04,0.10472,0.15708,2.2395e-08,-3.732e-08,-1.9709e-08,-3.8379e-09,5.8732e-08,2.1953e-08,3.3724e-08,1.0848e-08,-6.838e-09
0,0.04,0.04,0.10472,0.15708,2.7144e-08,-3.6149e-08,-2.6199e-08,-3.5752e-09,6.6424e-08,2.2538e-08,2.9878e-08,1.4112e-08,-4.8153e-09
0.04,0.04,0.04,0.10472,0.15708,3.0047e-08,-3.196e-08,-3.0642e-08,-5.0997e-09,6.9149e-08,2.0385e-08,2.8302e-08,2.2261e-08,-7.124e-09
0,0,0.08,0.10472,0.15708,2.5157e-08,-2.9612e-08,-2.5811e-08,-9.2426e-09,7.1283e-08,2.1554e-08,2.5266e-08,1.2341e-08,-1.3407e-08
0,0,-0.08,0.15708,0.15708,1.1324e-08,-2.9348e-08,-1.1342e-08,1.1774e-08,3.8141e-08,2.4643e-08,5.2553e-08,1.7162e-08,5.3051e-09
-0.04,-0.04,-0.04,0.15708,0.15708,1.2592e-08,-2.696e-08,-1.5495e-08,1.118e-08,3.7217e-08,3.3326e-08,4.6943e-08,6.3396e-09,-4.1631e-09
0,-0.04,-0.04,0.15708,0.15708,1.5333e-08,-2.605e-08,-1.6164e-08,1.2078e-08,4.0007e-08,2.8571e-08,3.8816e-08,1.4425e-08,-4.1963e-09
0.04,-0.04,-0.04,0.15708,0.15708,1.5512e-08,-2.3728e-08,-2.0083e-08,1.4648e-08,4.3539e-08,2.6595e-08,3.2911e-08,1.9439e-08,-8.9961e-09
-0.04,0,-0.04,0.15708,0.15708,1.3843e-08,-3.2898e-08,-1.3698e-08,7.322e-09,4.1453e-08,2.6656e-08,4.4055e-08,9.1399e-09,-1.4632e-09
0,0,-0.04,0.15708,0.15708,1.6697e-08,-3.0649e-08,-1.6922e-08,7.1423e-09,4.3033e-08,2.6013e-08,4.095e-08,1.5228e-08,-1.7248e-09
0.04,0,-0.04,0.15708,0.15708,1.9987e-08,-2.7906e-08,-2.0142e-08,9.9055e-09,5.2522e-08,2.2035e-08,3.2842e-08,2.7694e-08,-8.4929e-10
-0.04,0.04,-0.04,0.15708,0.15708,1.5493e-08,-3.9408e-08,-1.416e-08,4.4843e-09,4.2633e-08,2.5999e-08,4.8635e-08,9.2683e-09,4.1308e-09
0,0.04,-0.04,0.15708,0.15708,1.8483e-08,-3.55e-08,-1.6353e-08,6.5902e-09,4.8333e-08,2.179e-08,3.9707e-08,1.2691e-08,5.2431e-09
0.04,0.04,-0.04,0.15708,0.15708,2.1286e-08,-3.2191e-08,-1.7658e-08,5.1075e-09,5.6752e-08,2.0757e-08,3.388e-08,2.4417e-08,2.9769e-09
0,-0.08,0,0.15708,0.15708,1.5865e-08,-2.1254e-08,-2.544e-08,1.6747e-08,4.0417e-08,3.5496e-08,3.553e-08,1.0151e-08,-2.1947e-08
-0.04,-0.04,0,0.15708,0.15708,1.5541e-08,-2.9471e-08,-1.9456e-08,8.5151e-09,3.8808e-08,3.3537e-08,4.1075e-08,6.7544e-09,-9.7562e-09
0,-0.04,0,0.15708,0.15708,1.7036e-08,-2.6403e-08,-2.34e-08,1.0231e-08,4.8153e-08,3.0031e-08,3.4323e-08,1.2527e-08,-9.0474e-09
0.04,-0.04,0,0.15708,0.15708,2.0916e-08,-2.3763e-08,-2.8049e-08,1.1583e-08,5.1844e-08,2.6114e-08,3.1182e-08,2.0507e-08,-1.0634e-08
-0.08,0,0,0.15708,0.15708,1.5425e-08,-3.533e-08,-1.2449e-08,3.332e-09,4.2309e-08,3.1243e-08,4.2089e-08,2.2073e-09,-3.4062e-09
-0.04,0,0,0.15708,0.15708,1.7442e-08,-3.3601e-08,-1.8003e-08,4.4303e-09,5.0401e-08,2.8938e-08,4.0881e-08,8.5066e-09,-5.5212e-09
0,0,0,0.15708,0.15708,2.1871e-08,-3.2234e-08,-2.1966e-08,5.1985e-09,5.2091e-08,2.5807e-08,3.6136e-08,1.4713e-08,-4.764e-09
0.04,0,0,0.15708,0.15708,2.239e-08,-2.9278e-08,-2.3491e-08,7.1873e-09,5.4183e-08,2.0435e-08,3.0922e-08,2.2298e-08,-8.8394e-09
0.08,0,0,0.15708,0.15708,2.3223e-08,-2.5774e-08,-3.3307e-08,5.7716e-09,6.3523e-08,1.913e-08,2.7495e-08,2.6378e-08,-6.2177e-09
-0.04,0.04,0,0.15708,0.15708,2.051e-08,-4.44e-08,-1.9618e-08,1.751e-09,5.176e-08,2.3754e-08,4.2926e-08,7.4171e-09,5.2808e-10
0,0.04,0,0.15708,0.15708,2.2862e-08,-3.6873e-08,-1.8326e-08,7.1499e-10,5.6377e-08,2.1987e-08,3.4201e-08,1.5668e-08,-1.6097e-09
0.04,0.04,0,0.15708,0.15708,2.3623e-08,-3.1462e-08,-2.4042e-08,3.4369e-09,6.688e-08,1.9315e-08,2.9934e-08,2.4921e-08,-2.2829e-09
0,0.08,0,0.15708,0.15708,2.5792e-08,-4.5458e-08,-1.8058e-08,-9.8599e-10,6.3141e-08,1.9415e-08,3.4711e-08,1.6499e-08,1.1362e-09
-0.04,-0.04,0.04,0.15708,0.15708,1.8624e-08,-2.8182e-08,-2.174e-08,1.6321e-09,4.6017e-08,3.2117e-08,3.0972e-08,6.7824e-09,-1.1218e-08
0,-0.04,0.04,0.15708,0.15708,1.9219e-08,-2.4696e-08,-2.5556e-08,3.9009e-09,5.3368e-08,2.9431e-08,2.9442e-08,1.189e-08,-1.5267e-08
0.04,-0.04,0.04,0.15708,0.15708,2.2815e-08,-2.5266e-08,-3.2032e-08,7.6275e-09,6.0858e-08,2.3306e-08,2.796e-08,1.6466e-08,-1.4553e-08
-0.04,0,0.04,0.15708,0.15708,1.9898e-08,-3.1413e-08,-1.8957e-08,2.9512e-10,5.4938e-08,2.9194e-08,3.3953e-08,1.0048e-08,-6.3553e-09
0,0,0.04,0.15708,0.15708,2.1855e-08,-2.9779e-08,-2.376e-08,1.7583e-09,5.9284e-08,2.463e-08,2.9357e-08,1.1698e-08,-5.2803e-09
0.04,0,0.04,0.15708,0.15708,2.704e-08,-2.524e-08,-3.0867e-08,3.5982e-09,6.8353e-08,2.1301e-08,2.695e-08,1.931e-08,-1.0073e-08
-0.04,0.04,0.04,0.15708,0.15708,2.1822e-08,-4.206e-08,-1.9567e-08,-2.7583e-09,6.005e-08,2.2594e-08,3.2347e-08,9.0307e-09,-5.5099e-09
0,0.04,0.04,0.15708,0.15708,2.749e-08,-3.4971e-08,-2.3777e-08,-1.793e-09,6.5642e-08,2.1676e-08,3.0905e-08,1.4178e-08,-4.1246e-09
0.04,0.04,0.04,0.15708,0.15708,2.8939e-08,-3.115e-08,-2.7364e-08,-2.294e-09,7.8456e-08,1.9004e-08,2.6683e-08,1.8563e-08,-5.0295e-09
0,0,0.08,0.15708,0.15708,2.5858e-08,-2.7361e-08,-2.6897e-08,-4.6086e-09,6.6595e-08,2.2755e-08,2.5561e-08,1.1456e-08,-9.2781e-09
