0,0,-0.08,0.05236,0.05236,1.0805e-08,-2.7406e-08,-1.4755e-08,7.2692e-09,3.9663e-08,2.6724e-08,4.6963e-08,1.6979e-08,-5.0793e-10
-0.04,-0.04,-0.04,0.05236,0.05236,1.2047e-08,-2.7034e-08,-1.5902e-08,6.5075e-09,3.8436e-08,3.604e-08,4.6608e-08,7.4729e-09,-9.6904e-09
0,-0.04,-0.04,0.05236,0.05236,1.2967e-08,-2.6275e-08,-1.9595e-08,1.0071e-08,4.285e-08,3.1106e-08,4.094e-08,1.311e-08,-1.4043e-08
0.04,-0.04,-0.04,0.05236,0.05236,1.381e-08,-2.3363e-08,-2.3975e-08,1.2581e-08,4.6084e-08,2.7643e-08,3.3212e-08,1.9725e-08,-1.2924e-08
-0.04,0,-0.04,0.05236,0.05236,1.316e-08,-3.2318e-08,-1.6649e-08,3.3532e-09,4.2487e-08,2.9932e-08,4.6979e-08,9.47e-09,-5.8572e-09
0,0,-0.04,0.05236,0.05236,1.4904e-08,-3.1299e-08,-1.9188e-08,4.8214e-09,4.5737e-08,2.6368e-08,4.1437e-08,1.6406e-08,-6.0479e-09
0.04,0,-0.04,0.05236,0.05236,1.6412e-08,-2.8037e-08,-2.1638e-08,5.0303e-09,5.0275e-08,2.3516e-08,3.5209e-08,2.385e-08,-6.9704e-09
-0.04,0.04,-0.04,0.05236,0.05236,1.5142e-08,-3.8365e-08,-1.5583e-08,3.6025e-10,4.318e-08,2.6107e-08,4.9335e-08,8.6578e-09,-1.7071e-09
0,0.04,-0.04,0.05236,0.05236,1.6857e-08,-3.6207e-08,-1.7749e-08,1.7062e-09,5.0846e-08,2.3179e-08,4.2084e-08,1.7727e-08,-2.69e-09
0.04,0.04,-0.04,0.05236,0.05236,1.814e-08,-3.1669e-08,-2.2705e-08,1.5028e-09,5.394e-08,2.0858e-08,3.6385e-08,2.5603e-08,-2.1716e-09
0,-0.08,0,0.05236,0.05236,1.3864e-08,-2.2256e-08,-2.5971e-08,8.0864e-09,4.2914e-08,3.6513e-08,3.4282e-08,1.0694e-08,-2.379e-08
-0.04,-0.04,0,0.05236,0.05236,1.4134e-08,-2.8753e-08,-1.9981e-08,2.8875e-09,4.5485e-08,3.4858e-08,3.9204e-08,7.6119e-09,-1.4983e-08
0,-0.04,0,0.05236,0.05236,1.5699e-08,-2.5796e-08,-2.3645e-08,4.2367e-09,4.8423e-08,3.1112e-08,3.4954e-08,1.3383e-08,-1.6539e-08
0.04,-0.04,0,0.05236,0.05236,1.7355e-08,-2.4382e-08,-2.9903e-08,5.936e-09,5.3818e-08,2.6968e-08,3.1342e-08,1.7576e-08,-1.9095e-08
-0.08,0,0,0.05236,0.05236,1.4404e-08,-3.5132e-08,-1.6038e-08,-1.1119e-09,4.2383e-08,3.1045e-08,4.4908e-08,4.4771e-09,-7.9407e-09
-0.04,0,0,0.05236,0.05236,1.5848e-08,-3.3195e-08,-1.8134e-08,1.5536e-10,4.8819e-08,2.8647e-08,4.1219e-08,9.1813e-09,-9.4945e-09
0,0,0,0.05236,0.05236,1.8651e-08,-3.0015e-08,-2.313e-08,2.7543e-10,5.5187e-08,2.5307e-08,3.5312e-08,1.5654e-08,-1.0132e-08
0.04,0,0,0.05236,0.05236,2.0596e-08,-2.8904e-08,-2.7258e-08,1.4151e-09,5.666e-08,2.359e-08,3.0597e-08,2.1474e-08,-1.094e-08
0.08,0,0,0.05236,0.05236,2.2978e-08,-2.451e-08,-3.5329e-08,2.6757e-09,6.4128e-08,2.0693e-08,2.7399e-08,2.6535e-08,-1.148e-08
-0.04,0.04,0,0.05236,0.05236,1.9368e-08,-3.9898e-08,-1.8062e-08,-2.7531e-09,5.2691e-08,2.5386e-08,3.9404e-08,9.9861e-09,-3.7189e-09
0,0.04,0,0.05236,0.05236,2.2578e-08,-3.6691e-08,-2.2148e-08,-2.2373e-09,6.1087e-08,2.3089e-08,3.4984e-08,1.6098e-08,-6.9887e-09
0.04,0.04,0,0.05236,0.05236,2.344e-08,-3.2841e-08,-2.5736e-08,-2.4224e-09,6.2837e-08,1.9799e-08,3.2843e-08,2.5195e-08,-5.9925e-09
0,0.08,0,0.05236,0.05236,2.522e-08,-4.3136e-08,-1.9981e-08,-3.5679e-09,6.1982e-08,1.9227e-08,3.5992e-08,1.8832e-08,-3.0703e-09
-0.04,-0.04,0.04,0.05236,0.05236,1.683e-08,-2.8549e-08,-2.2657e-08,-3.1723e-09,4.9475e-08,3.1763e-08,3.1781e-08,7.8305e-09,-1.622e-08
0,-0.04,0.04,0.05236,0.05236,1.8332e-08,-2.5838e-08,-2.7019e-08,-1.0367e-09,5.4762e-08,2.872e-08,2.9197e-08,1.1765e-08,-1.7475e-08
0.04,-0.04,0.04,0.05236,0.05236,2.134e-08,-2.4033e-08,-3.4718e-08,9.5289e-10,6.0188e-08,2.6654e-08,2.6326e-08,1.6444e-08,-1.8805e-08
-0.04,0,0.04,0.05236,0.05236,1.9642e-08,-3.6071e-08,-2.1646e-08,-4.6662e-09,5.4152e-08,2.6648e-08,3.1587e-08,8.0872e-09,-1.1626e-08
0,0,0.04,0.05236,0.05236,2.2051e-08,-3.0609e-08,-2.7039e-08,-5.094e-09,6.0551e-08,2.455e-08,2.8845e-08,1.4585e-08,-1.2774e-08
0.04,0,0.04,0.05236,0.05236,2.3736e-08,-2.8228e-08,-3.2548e-08,-4.6334e-09,6.9269e-08,2.2155e-08,2.6241e-08,1.8644e-08,-1.4953e-08
-0.04,0.04,0.04,0.05236,0.05236,2.2533e-08,-4.0086e-08,-2.0155e-08,-6.4855e-09,6.3074e-08,2.3349e-08,3.1437e-08,9.3794e-09,-7.5208e-09
0,0.04,0.04,0.05236,0.05236,2.5166e-08,-3.6933e-08,-2.6505e-08,-7.1589e-09,6.7606e-08,2.1336e-08,3.0544e-08,1.5659e-08,-7.5905e-09
0.04,0.04,0.04,0.05236,0.05236,2.8467e-08,-3.2976e-08,-3.0661e-08,-7.064e-09,7.4764e-08,1.8474e-08,2.6711e-08,2.0579e-08,-9.4524e-09
0,0,0.08,0.05236,0.05236,2.4805e-08,-3.0269e-08,-2.8219e-08,-1.2534e-08,7.2174e-08,2.1869e-08,2.4942e-08,1.2424e-08,-1.2907e-08
0,0,-0.08,0.10472,0.05236,1.2311e-08,-2.76e-08,-1.2239e-08,9.6559e-09,3.9203e-08,2.5358e-08,4.6769e-08,1.7092e-08,2.4969e-09
-0.04,-0.04,-0.04,0.10472,0.05236,1.2479e-08,-2.8705e-08,-1.6152e-08,8.9105e-09,3.6989e-08,3.6581e-08,4.5622e-08,7.4409e-09,-8.4078e-09
0,-0.04,-0.04,0.10472,0.05236,1.4119e-08,-2.5933e-08,-1.8978e-08,1.2374e-08,4.0431e-08,3.0715e-08,3.943e-08,1.3686e-08,-1.1317e-08
0.04,-0.04,-0.04,0.10472,0.05236,1.5523e-08,-2.4614e-08,-2.4126e-08,1.2765e-08,4.3013e-08,2.6668e-08,3.3814e-08,2.1745e-08,-1.1694e-08
-0.04,0,-0.04,0.10472,0.05236,1.4005e-08,-3.2815e-08,-1.5023e-08,5.2316e-09,4.1571e-08,2.8926e-08,4.8231e-08,7.0706e-09,-2.8135e-09
0,0,-0.04,0.10472,0.05236,1.6206e-08,-2.986e-08,-1.7697e-08,6.1477e-09,4.5535e-08,2.58e-08,4.1149e-08,1.6135e-08,-3.4442e-09
0.04,0,-0.04,0.10472,0.05236,1.7674e-08,-2.6995e-08,-2.2976e-08,7.5163e-09,4.9865e-08,2.2312e-08,3.5316e-08,2.4946e-08,-4.9716e-09
-0.04,0.04,-0.04,0.10472,0.05236,1.6727e-08,-4.0356e-08,-1.5139e-08,2.8865e-09,4.4236e-08,2.6376e-08,4.7115e-08,9.8869e-09,-1.5823e-10
0,0.04,-0.04,0.10472,0.05236,1.8037e-08,-3.5606e-08,-1.6286e-08,3.6894e-09,5.0988e-08,2.3011e-08,4.0572e-08,1.8966e-08,8.3489e-10
0.04,0.04,-0.04,0.10472,0.05236,2.0871e-08,-3.2157e-08,-1.9916e-08,3.1192e-09,5.1212e-08,2.0498e-08,3.6051e-08,2.8544e-08,6.2088e-10
0,-0.08,0,0.10472,0.05236,1.5048e-08,-2.2884e-08,-2.4691e-08,1.3017e-08,4.0227e-08,3.4138e-08,3.3436e-08,1.0857e-08,-2.2124e-08
-0.04,-0.04,0,0.10472,0.05236,1.5122e-08,-2.8152e-08,-1.9844e-08,5.5201e-09,4.1309e-08,3.4283e-08,3.9152e-08,7.9419e-09,-1.0971e-08
0,-0.04,0,0.10472,0.05236,1.7233e-08,-2.6551e-08,-2.3684e-08,5.3646e-09,4.7764e-08,3.0059e-08,3.5693e-08,1.3889e-08,-1.4131e-08
0.04,-0.04,0,0.10472,0.05236,1.8176e-08,-2.4389e-08,-2.8435e-08,1.0486e-08,5.0552e-08,2.5873e-08,3.1375e-08,1.7836e-08,-1.5034e-08
-0.08,0,0,0.10472,0.05236,1.494e-08,-3.598e-08,-1.6021e-08,3.9925e-10,4.0575e-08,3.2681e-08,4.1663e-08,3.8557e-09,-4.8776e-09
-0.04,0,0,0.10472,0.05236,1.6922e-08,-3.296e-08,-1.8976e-08,2.062e-09,4.7458e-08,2.9276e-08,4.0475e-08,8.6835e-09,-6.6993e-09
0,0,0,0.10472,0.05236,1.961e-08,-3.1344e-08,-2.2653e-08,2.3295e-09,5.4166e-08,2.6494e-08,3.4113e-08,1.5856e-08,-6.2288e-09
0.04,0,0,0.10472,0.05236,2.3099e-08,-2.7452e-08,-2.7055e-08,3.3495e-09,5.7037e-08,2.3077e-08,3.221e-08,1.9911e-08,-8.0276e-09
0.08,0,0,0.10472,0.05236,2.4307e-08,-2.4967e-08,-3.4825e-08,4.4595e-09,6.0704e-08,1.987e-08,2.6814e-08,2.7941e-08,-1.0169e-08
-0.04,0.04,0,0.10472,0.05236,1.9106e-08,-3.9654e-08,-1.7765e-08,-9.6473e-10,5.0756e-08,2.5853e-08,4.0743e-08,1.0817e-08,-3.194e-09
0,0.04,0,0.10472,0.05236,2.2397e-08,-3.6742e-08,-2.1362e-08,-1.1479e-09,5.7221e-08,2.2293e-08,3.4173e-08,1.6917e-08,-3.8665e-09
0.04,0.04,0,0.10472,0.05236,2.6012e-08,-3.2829e-08,-2.5901e-08,-5.7715e-10,6.4543e-08,2.0346e-08,3.0679e-08,2.415e-08,-3.5232e-09
0,0.08,0,0.10472,0.05236,2.6085e-08,-4.4354e-08,-1.9207e-08,-2.7302e-09,6.2537e-08,1.9309e-08,3.3844e-08,1.8426e-08,-7.4178e-10
-0.04,-0.04,0.04,0.10472,0.05236,1.6669e-08,-2.7625e-08,-2.2661e-08,-5.2225e-10,4.9402e-08,3.3767e-08,3.1866e-08,8.8767e-09,-1.4631e-08
0,-0.04,0.04,0.10472,0.05236,1.9758e-08,-2.5937e-08,-2.7444e-08,2.4041e-09,5.4447e-08,2.8642e-08,2.9887e-08,1.1859e-08,-1.6154e-08
0.04,-0.04,0.04,0.10472,0.05236,2.2282e-08,-2.3454e-08,-3.4086e-08,1.9116e-09,5.7651e-08,2.55e-08,2.6606e-08,1.6695e-08,-1.7104e-08
-0.04,0,0.04,0.10472,0.05236,1.9033e-08,-3.4656e-08,-2.1472e-08,-3.0232e-09,5.4171e-08,2.6857e-08,3.2799e-08,8.812e-09,-8.8586e-09
0,0,0.04,0.10472,0.05236,2.2385e-08,-2.8961e-08,-2.5923e-08,-4.6263e-09,6.046e-08,2.541e-08,3.0327e-08,1.3846e-08,-1.0885e-08
0.04,0,0.04,0.10472,0.05236,2.4448e-08,-2.7943e-08,-3.0769e-08,-1.586e-09,6.663e-08,2.2026e-08,2.6461e-08,1.9448e-08,-1.0853e-08
-0.04,0.04,0.04,0.10472,0.05236,2.186e-08,-4.0541e-08,-1.9912e-08,-5.1951e-09,5.8894e-08,2.3698e-08,3.292e-08,9.613e-09,-5.592e-09
0,0.04,0.04,0.10472,0.05236,2.6749e-08,-3.5798e-08,-2.4214e-08,-4.4717e-09,6.993e-08,2.1039e-08,3.0169e-08,1.5856e-08,-6.4239e-09
0.04,0.04,0.04,0.10472,0.05236,2.9529e-08,-3.229e-08,-3.0463e-08,-4.4296e-09,7.4138e-08,1.8604e-08,2.7623e-08,2.1852e-08,-6.9507e-09
0,0,0.08,0.10472,0.05236,2.4832e-08,-2.8118e-08,-2.75e-08,-9.4534e-09,6.9726e-08,2.264e-08,2.4804e-08,1.2493e-08,-1.2083e-08
0,0,-0.08,0.15708,0.05236,1.2697e-08,-2.86e-08,-1.2138e-08,1.1569e-08,3.8761e-08,2.4955e-08,4.7216e-08,1.786e-08,5.6056e-09
-0.04,-0.04,-0.04,0.15708,0.05236,1.3218e-08,-2.8693e-08,-1.6938e-08,1.1468e-08,3.678e-08,3.3698e-08,4.6011e-08,8.27e-09,-5.1472e-09
0,-0.04,-0.04,0.15708,0.05236,1.4657e-08,-2.5693e-08,-1.9281e-08,1.3081e-08,3.7897e-08,3.0238e-08,4.0432e-08,1.4622e-08,-9.0747e-09
0.04,-0.04,-0.04,0.15708,0.05236,1.7903e-08,-2.3587e-08,-2.3399e-08,1.6007e-08,4.2651e-08,2.594e-08,3.6681e-08,2.1521e-08,-1.0208e-08
-0.04,0,-0.04,0.15708,0.05236,1.5054e-08,-3.2093e-08,-1.6007e-08,6.6251e-09,3.9345e-08,2.9768e-08,4.5856e-08,1.0333e-08,-4.9689e-10
0,0,-0.04,0.15708,0.05236,1.6831e-08,-3.0873e-08,-1.8337e-08,8.0964e-09,4.4534e-08,2.6547e-08,4.0315e-08,1.5958e-08,-1.7144e-10
0.04,0,-0.04,0.15708,0.05236,1.9541e-08,-2.7337e-08,-2.2145e-08,9.7977e-09,4.6178e-08,2.3344e-08,3.4954e-08,2.3426e-08,-1.7937e-09
-0.04,0.04,-0.04,0.15708,0.05236,1.6309e-08,-4.0309e-08,-1.4292e-08,3.0871e-09,4.3159e-08,2.5394e-08,4.7468e-08,9.794e-09,2.9904e-09
0,0.04,-0.04,0.15708,0.05236,1.9544e-08,-3.6691e-08,-1.6799e-08,5.006e-09,4.7944e-08,2.2794e-08,4.0546e-08,1.7758e-08,2.4287e-09
0.04,0.04,-0.04,0.15708,0.05236,2.1475e-08,-3.1781e-08,-1.9928e-08,5.7671e-09,5.3648e-08,2.0024e-08,3.5013e-08,2.7896e-08,2.378e-09
0,-0.08,0,0.15708,0.05236,1.5196e-08,-2.2316e-08,-2.4398e-08,1.6359e-08,3.9065e-08,3.4843e-08,3.3819e-08,1.2572e-08,-1.7336e-08
-0.04,-0.04,0,0.15708,0.05236,1.5144e-08,-2.7609e-08,-1.9527e-08,8.5754e-09,4.0794e-08,3.4217e-08,3.8057e-08,8.3491e-09,-9.164e-09
0,-0.04,0,0.15708,0.05236,1.8377e-08,-2.6637e-08,-2.3278e-08,8.9053e-09,4.4497e-08,3.0203e-08,3.4596e-08,1.367e-08,-1.1431e-08
0.04,-0.04,0,0.15708,0.05236,1.9907e-08,-2.3146e-08,-2.8182e-08,1.0923e-08,4.9295e-08,2.6626e-08,2.9773e-08,1.9933e-08,-1.1831e-08
-0.08,0,0,0.15708,0.05236,1.5014e-08,-3.6751e-08,-1.5563e-08,2.2886e-09,3.945e-08,3.3506e-08,4.5044e-08,3.577e-09,-3.5951e-09
-0.04,0,0,0.15708,0.05236,1.7046e-08,-3.2823e-08,-1.8122e-08,3.0317e-09,4.5539e-08,2.9527e-08,3.9983e-08,8.57e-09,-4.5466e-09
0,0,0,0.15708,0.05236,2.108e-08,-3.159e-08,-2.2654e-08,4.4246e-09,5.2479e-08,2.6242e-08,3.415e-08,1.424e-08,-4.7069e-09
0.04,0,0,0.15708,0.05236,2.3075e-08,-2.7946e-08,-2.6089e-08,5.7633e-09,5.5767e-08,2.2763e-08,3.0642e-08,2.1914e-08,-5.1721e-09
0.08,0,0,0.15708,0.05236,2.5354e-08,-2.4989e-08,-3.4064e-08,5.8401e-09,5.8985e-08,1.9849e-08,2.6993e-08,2.7411e-08,-6.3705e-09
-0.04,0.04,0,0.15708,0.05236,1.9761e-08,-4.2331e-08,-1.6974e-08,3.3838e-10,4.9232e-08,2.4723e-08,4.0536e-08,1.0398e-08,-7.0765e-10
0,0.04,0,0.15708,0.05236,2.2553e-08,-3.6412e-08,-2.1511e-08,2.0629e-09,5.6536e-08,2.1665e-08,3.4423e-08,1.6663e-08,-7.149e-10
0.04,0.04,0,0.15708,0.05236,2.7134e-08,-3.2126e-08,-2.4132e-08,2.4428e-09,6.054e-08,1.9941e-08,3.222e-08,2.4185e-08,-2.1627e-09
0,0.08,0,0.15708,0.05236,2.6185e-08,-4.4432e-08,-1.9516e-08,-1.0792e-09,6.2868e-08,1.9233e-08,3.529e-08,1.905e-08,7.888e-10
-0.04,-0.04,0.04,0.15708,0.05236,1.8411e-08,-2.8235e-08,-2.1892e-08,2.2477e-09,4.8115e-08,3.1904e-08,3.1865e-08,8.9172e-09,-1.0946e-08
0,-0.04,0.04,0.15708,0.05236,1.9646e-08,-2.5521e-08,-2.7627e-08,4.0264e-09,5.1917e-08,2.838e-08,2.9468e-08,1.2469e-08,-1.3597e-08
0.04,-0.04,0.04,0.15708,0.05236,2.2104e-08,-2.4252e-08,-3.6003e-08,7.8645e-09,5.4765e-08,2.509e-08,2.6827e-08,1.6697e-08,-1.4955e-08
-0.04,0,0.04,0.15708,0.05236,2.0324e-08,-3.3014e-08,-2.1804e-08,-2.0246e-09,5.1655e-08,2.8926e-08,3.3115e-08,8.6173e-09,-7.7607e-09
0,0,0.04,0.15708,0.05236,2.3137e-08,-3.0178e-08,-2.5735e-08,8.0659e-10,6.0425e-08,2.4475e-08,3.0052e-08,1.4806e-08,-8.0228e-09
0.04,0,0.04,0.15708,0.05236,2.6468e-08,-2.6939e-08,-3.2084e-08,1.3468e-09,6.5071e-08,2.1592e-08,2.7542e-08,1.9243e-08,-8.8638e-09
-0.04,0.04,0.04,0.15708,0.05236,2.1709e-08,-3.9066e-08,-2.0226e-08,-3.5122e-09,5.9461e-08,2.3919e-08,3.1914e-08,1.0483e-08,-3.6858e-09
0,0.04,0.04,0.15708,0.05236,2.7351e-08,-3.4944e-08,-2.4819e-08,-2.0154e-09,6.6756e-08,2.129e-08,3.0337e-08,1.529e-08,-3.799e-09
0.04,0.04,0.04,0.15708,0.05236,3.0923e-08,-3.1837e-08,-2.9539e-08,-2.4025e-09,7.3139e-08,1.8911e-08,2.5674e-08,2.1292e-08,-4.6071e-09
0,0,0.08,0.15708,0.05236,2.516e-08,-2.9498e-08,-2.7731e-08,-5.3903e-09,6.975e-08,2.3222e-08,2.3812e-08,1.212e-08,-9.7302e-09
0,0,-0.08,0.05236,0.10472,9.6584e-09,-2.8077e-08,-1.4259e-08,6.7784e-09,4.0237e-08,2.5669e-08,4.6423e-08,1.6154e-08,-1.9035e-09
-0.04,-0.04,-0.04,0.05236,0.10472,1.1793e-08,-2.7221e-08,-1.6931e-08,7.0806e-09,3.7518e-08,3.5134e-08,4.5821e-08,7.0945e-09,-1.1532e-08
0,-0.04,-0.04,0.05236,0.10472,1.2012e-08,-2.5494e-08,-1.9056e-08,8.3657e-09,4.3296e-08,3.1605e-08,3.9828e-08,1.3056e-08,-1.3664e-08
0.04,-0.04,-0.04,0.05236,0.10472,1.3353e-08,-2.3417e-08,-2.3447e-08,1.0569e-08,4.626e-08,2.6312e-08,3.5032e-08,1.9706e-08,-1.3905e-08
-0.04,0,-0.04,0.05236,0.10472,1.3221e-08,-3.2916e-08,-1.5489e-08,3.2214e-09,4.257e-08,2.9654e-08,4.7315e-08,7.3984e-09,-5.6725e-09
0,0,-0.04,0.05236,0.10472,1.4939e-08,-2.979e-08,-1.9369e-08,4.8083e-09,4.6886e-08,2.6507e-08,4.1389e-08,1.5319e-08,-6.4503e-09
0.04,0,-0.04,0.05236,0.10472,1.6129e-08,-2.7641e-08,-2.1975e-08,5.3996e-09,4.8955e-08,2.4238e-08,3.4708e-08,2.0969e-08,-8.7127e-09
-0.04,0.04,-0.04,0.05236,0.10472,1.4835e-08,-3.8652e-08,-1.549e-08,8.4136e-10,4.6116e-08,2.6118e-08,4.8106e-08,8.1065e-09,-3.9542e-10
0,0.04,-0.04,0.05236,0.10472,1.6249e-08,-3.5821e-08,-1.776e-08,1.2251e-09,4.9482e-08,2.2945e-08,4.076e-08,1.7132e-08,-2.6006e-09
0.04,0.04,-0.04,0.05236,0.10472,1.912e-08,-3.086e-08,-2.1488e-08,2.0782e-09,5.3066e-08,2.0351e-08,3.5236e-08,2.8244e-08,-2.0545e-09
0,-0.08,0,0.05236,0.10472,1.3966e-08,-2.2617e-08,-2.4401e-08,1.1463e-08,4.2956e-08,3.6154e-08,3.1568e-08,1.1002e-08,-2.4165e-08
-0.04,-0.04,0,0.05236,0.10472,1.4792e-08,-2.7773e-08,-1.9583e-08,2.809e-09,4.2333e-08,3.5392e-08,3.7231e-08,6.9108e-09,-1.409e-08
0,-0.04,0,0.05236,0.10472,1.6372e-08,-2.6842e-08,-2.4011e-08,6.367e-09,5.0774e-08,3.0982e-08,3.4956e-08,1.3203e-08,-1.6139e-08
0.04,-0.04,0,0.05236,0.10472,1.7372e-08,-2.3954e-08,-2.8067e-08,5.383e-09,5.2609e-08,2.6455e-08,3.1054e-08,1.8878e-08,-1.7937e-08
-0.08,0,0,0.05236,0.10472,1.4794e-08,-3.6051e-08,-1.6521e-08,-1.2486e-09,4.1961e-08,3.3112e-08,4.5193e-08,3.9536e-09,-7.7022e-09
-0.04,0,0,0.05236,0.10472,1.6919e-08,-3.4157e-08,-1.7916e-08,-2.2934e-10,5.0557e-08,2.8498e-08,4.0284e-08,1.0421e-08,-7.5691e-09
0,0,0,0.05236,0.10472,1.8536e-08,-3.0832e-08,-2.249e-08,7.5388e-10,5.3959e-08,2.6157e-08,3.4734e-08,1.3847e-08,-1.0674e-08
0.04,0,0,0.05236,0.10472,2.0456e-08,-2.7869e-08,-2.7674e-08,1.2034e-09,5.7696e-08,2.2706e-08,3.1802e-08,2.0541e-08,-1.0982e-08
0.08,0,0,0.05236,0.10472,2.3134e-08,-2.5576e-08,-3.4488e-08,1.2692e-09,6.0249e-08,2.0259e-08,2.7571e-08,2.7235e-08,-1.1224e-08
-0.04,0.04,0,0.05236,0.10472,1.9712e-08,-4.0433e-08,-1.7828e-08,-2.8567e-09,5.1901e-08,2.464e-08,3.9717e-08,9.7319e-09,-4.4577e-09
0,0.04,0,0.05236,0.10472,2.1277e-08,-3.4459e-08,-2.2626e-08,-2.673e-09,5.9288e-08,2.281e-08,3.4795e-08,1.7187e-08,-5.6528e-09
0.04,0.04,0,0.05236,0.10472,2.5013e-08,-3.1853e-08,-2.5623e-08,-1.2796e-09,6.0429e-08,1.971e-08,3.1218e-08,2.2906e-08,-6.362e-09
0,0.08,0,0.05236,0.10472,2.6071e-08,-4.2924e-08,-2.0606e-08,-3.9222e-09,6.4773e-08,1.9705e-08,3.4503e-08,1.8134e-08,-1.5875e-09
-0.04,-0.04,0.04,0.05236,0.10472,1.6801e-08,-2.8387e-08,-2.2453e-08,-1.5465e-09,4.8601e-08,3.2761e-08,3.2504e-08,7.8608e-09,-1.6432e-08
0,-0.04,0.04,0.05236,0.10472,1.8904e-08,-2.6482e-08,-2.6851e-08,-2.0498e-09,5.593e-08,2.7986e-08,2.9095e-08,1.1929e-08,-1.7824e-08
0.04,-0.04,0.04,0.05236,0.10472,1.9891e-08,-2.4205e-08,-3.4286e-08,-1.7213e-09,5.9471e-08,2.5288e-08,2.6882e-08,1.6411e-08,-2.1882e-08
-0.04,0,0.04,0.05236,0.10472,1.8345e-08,-3.4614e-08,-2.1317e-08,-4.6589e-09,5.671e-08,2.7362e-08,3.4002e-08,8.5729e-09,-1.1138e-08
0,0,0.04,0.05236,0.10472,2.1031e-08,-3.0671e-08,-2.6619e-08,-6.1095e-09,6.167e-08,2.4012e-08,3.0145e-08,1.4263e-08,-1.4055e-08
0.04,0,0.04,0.05236,0.10472,2.4688e-08,-2.8442e-08,-3.1806e-08,-4.5284e-09,6.8084e-08,2.1406e-08,2.7675e-08,1.8183e-08,-1.2992e-08
-0.04,0.04,0.04,0.05236,0.10472,2.2805e-08,-4.0631e-08,-2.0464e-08,-6.4655e-09,6.1759e-08,2.2749e-08,3.2481e-08,9.4378e-09,-6.795e-09
0,0.04,0.04,0.05236,0.10472,2.5799e-08,-3.7427e-08,-2.4746e-08,-7.6548e-09,6.8832e-08,2.0671e-08,3.0447e-08,1.5533e-08,-8.8409e-09
0.04,0.04,0.04,0.05236,0.10472,2.9093e-08,-3.3332e-08,-3.0341e-08,-6.2557e-09,7.4829e-08,1.8541e-08,2.6717e-08,2.0786e-08,-9.0554e-09
0,0,0.08,0.05236,0.10472,2.487e-08,-2.9628e-08,-2.9002e-08,-9.9086e-09,7.0944e-08,2.2288e-08,2.4782e-08,1.2244e-08,-1.3665e-08
0,0,-0.08,0.10472,0.10472,1.091e-08,-2.897e-08,-1.3082e-08,9.1187e-09,3.9498e-08,2.5348e-08,4.6712e-08,1.5832e-08,1.2743e-09
-0.04,-0.04,-0.04,0.10472,0.10472,1.2388e-08,-2.8168e-08,-1.6162e-08,8.4558e-09,3.73e-08,3.7089e-08,4.5522e-08,8.2807e-09,-9.0579e-09
0,-0.04,-0.04,0.10472,0.10472,1.3969e-08,-2.531e-08,-1.9407e-08,1.2078e-08,4.2223e-08,3.1124e-08,4.0862e-08,1.5008e-08,-8.5634e-09
0.04,-0.04,-0.04,0.10472,0.10472,1.554e-08,-2.329e-08,-2.4257e-08,1.1845e-08,4.365e-08,2.777e-08,3.4681e-08,1.9177e-08,-9.7578e-09
-0.04,0,-0.04,0.10472,0.10472,1.4083e-08,-3.378e-08,-1.5027e-08,4.8392e-09,4.0929e-08,3.0134e-08,4.718e-08,8.4066e-09,-2.5866e-09
0,0,-0.04,0.10472,0.10472,1.5641e-08,-3.0306e-08,-1.7753e-08,7.0611e-09,4.584e-08,2.6678e-08,4.0607e-08,1.5454e-08,-3.688e-09
0.04,0,-0.04,0.10472,0.10472,1.7996e-08,-2.8341e-08,-2.1863e-08,8.2248e-09,4.8588e-08,2.364e-08,3.6075e-08,2.3231e-08,-4.191e-09
-0.04,0.04,-0.04,0.10472,0.10472,1.5476e-08,-3.9434e-08,-1.4643e-08,2.0484e-09,4.5335e-08,2.5169e-08,4.655e-08,7.8648e-09,7.0327e-10
0,0.04,-0.04,0.10472,0.10472,1.7927e-08,-3.5296e-08,-1.7383e-08,3.4027e-09,4.9577e-08,2.3097e-08,4.0857e-08,1.6706e-08,1.5098e-09
0.04,0.04,-0.04,0.10472,0.10472,2.069e-08,-3.2457e-08,-2.0263e-08,3.3891e-09,5.3669e-08,1.9937e-08,3.4757e-08,2.6564e-08,-7.5424e-10
0,-0.08,0,0.10472,0.10472,1.5108e-08,-2.2032e-08,-2.4585e-08,1.284e-08,4.0359e-08,3.5152e-08,3.255e-08,1.1059e-08,-2.213e-08
-0.04,-0.04,0,0.10472,0.10472,1.4825e-08,-2.8874e-08,-2.0196e-08,5.7424e-09,4.278e-08,3.4901e-08,4.0026e-08,7.6988e-09,-1.1168e-08
0,-0.04,0,0.10472,0.10472,1.706e-08,-2.6395e-08,-2.4276e-08,7.3541e-09,4.7726e-08,3.0229e-08,3.4385e-08,1.2852e-08,-1.3e-08
0.04,-0.04,0,0.10472,0.10472,1.922e-08,-2.4087e-08,-2.866e-08,9.1551e-09,5.1659e-08,2.6764e-08,3.1577e-08,1.8228e-08,-1.6341e-08
-0.08,0,0,0.10472,0.10472,1.4898e-08,-3.6365e-08,-1.524e-08,6.6983e-10,4.1847e-08,3.2733e-08,4.1205e-08,3.7771e-09,-5.2981e-09
-0.04,0,0,0.10472,0.10472,1.6611e-08,-3.4844e-08,-1.9034e-08,2.177e-09,4.6778e-08,2.8671e-08,3.9499e-08,1.0053e-08,-6.6539e-09
0,0,0,0.10472,0.10472,1.9863e-08,-3.1246e-08,-2.2872e-08,3.1855e-09,5.2813e-08,2.5895e-08,3.5737e-08,1.4957e-08,-8.3702e-09
0.04,0,0,0.10472,0.10472,2.2613e-08,-2.7679e-08,-2.689e-08,4.4279e-09,5.7814e-08,2.269e-08,3.0193e-08,2.2558e-08,-7.8417e-09
0.08,0,0,0.10472,0.10472,2.5159e-08,-2.5301e-08,-3.4233e-08,3.5497e-09,6.2606e-08,2.0181e-08,2.6768e-08,2.7609e-08,-1.066e-08
-0.04,0.04,0,0.10472,0.10472,1.9674e-08,-4.1577e-08,-1.8506e-08,-6.116e-10,5.1347e-08,2.4733e-08,4.0074e-08,9.2625e-09,-2.9994e-09
0,0.04,0,0.10472,0.10472,2.1413e-08,-3.6275e-08,-2.2265e-08,-1.6664e-09,5.8475e-08,2.2055e-08,3.5474e-08,1.6995e-08,-3.3719e-09
0.04,0.04,0,0.10472,0.10472,2.467e-08,-3.3731e-08,-2.5237e-08,9.9002e-10,6.5536e-08,1.9699e-08,3.2627e-08,2.4212e-08,-3.6227e-09
0,0.08,0,0.10472,0.10472,2.4946e-08,-4.4203e-08,-1.9055e-08,-2.3743e-09,6.0473e-08,1.9887e-08,3.6721e-08,1.6962e-08,-1.0092e-09
-0.04,-0.04,0.04,0.10472,0.10472,1.6746e-08,-2.8097e-08,-2.2783e-08,-6.6552e-10,4.7292e-08,3.2022e-08,3.1673e-08,8.1045e-09,-1.3819e-08
0,-0.04,0.04,0.10472,0.10472,1.8759e-08,-2.5997e-08,-2.651e-08,2.0082e-09,5.2839e-08,2.7708e-08,2.9473e-08,1.2397e-08,-1.5552e-08
0.04,-0.04,0.04,0.10472,0.10472,2.2364e-08,-2.471e-08,-3.252e-08,2.9363e-09,5.926e-08,2.5133e-08,2.639e-08,1.6939e-08,-1.7429e-08
-0.04,0,0.04,0.10472,0.10472,1.9627e-08,-3.3722e-08,-2.0093e-08,-2.5134e-09,5.2873e-08,2.6543e-08,3.1761e-08,8.4469e-09,-9.0994e-09
0,0,0.04,0.10472,0.10472,2.2145e-08,-3.09e-08,-2.6742e-08,-1.7702e-09,5.9917e-08,2.4571e-08,3.1378e-08,1.4255e-08,-1.0195e-08
0.04,0,0.04,0.10472,0.10472,2.5805e-08,-2.7361e-08,-3.045e-08,-1.852e-09,6.6184e-08,2.2711e-08,2.703e-08,1.8416e-08,-1.1473e-08
-0.04,0.04,0.04,0.10472,0.10472,2.2476e-08,-3.9938e-08,-2.1029e-08,-5.7359e-09,5.9057e-08,2.3835e-08,3.2724e-08,9.8064e-09,-4.7864e-09
0,0.04,0.04,0.10472,0.10472,2.5337e-08,-3.5669e-08,-2.463e-08,-4.3749e-09,6.793e-08,2.1062e-08,3.0288e-08,1.5094e-08,-5.9498e-09
0.04,0.04,0.04,0.10472,0.10472,3.048e-08,-3.2351e-08,-3.0093e-08,-4.7016e-09,7.4519e-08,1.8556e-08,2.6745e-08,2.0671e-08,-6.8425e-09
0,0,0.08,0.10472,0.10472,2.5115e-08,-2.9094e-08,-2.7074e-08,-8.4303e-09,6.9462e-08,2.2275e-08,2.4354e-08,1.3087e-08,-1.2483e-08
0,0,-0.08,0.15708,0.10472,1.1255e-08,-2.846e-08,-1.1925e-08,1.0801e-08,3.7687e-08,2.5283e-08,4.6407e-08,1.8059e-08,4.9286e-09
-0.04,-0.04,-0.04,0.15708,0.10472,1.2491e-08,-2.7504e-08,-1.6023e-08,1.0964e-08,3.6417e-08,3.5295e-08,4.7215e-08,7.2624e-09,-6.5211e-09
0,-0.04,-0.04,0.15708,0.10472,1.4474e-08,-2.53e-08,-1.9346e-08,1.3779e-08,4.0317e-08,3.0474e-08,4.1507e-08,1.3143e-08,-4.5873e-09
0.04,-0.04,-0.04,0.15708,0.10472,1.6508e-08,-2.3911e-08,-2.2145e-08,1.4264e-08,4.151e-08,2.5382e-08,3.3749e-08,2.0276e-08,-7.3367e-09
-0.04,0,-0.04,0.15708,0.10472,1.4363e-08,-3.4151e-08,-1.5122e-08,7.4207e-09,4.0979e-08,2.8838e-08,4.7322e-08,7.8441e-09,-3.8527e-10
0,0,-0.04,0.15708,0.10472,1.646e-08,-3.1996e-08,-1.72e-08,8.2835e-09,4.5688e-08,2.5408e-08,4.1596e-08,1.4662e-08,-1.5224e-09
0.04,0,-0.04,0.15708,0.10472,1.8403e-08,-2.709e-08,-2.0899e-08,9.715e-09,4.6587e-08,2.2829e-08,3.6189e-08,2.5161e-08,-2.4017e-09
-0.04,0.04,-0.04,0.15708,0.10472,1.6692e-08,-3.9512e-08,-1.3556e-08,4.5507e-09,4.4266e-08,2.531e-08,4.8029e-08,1.0247e-08,2.2903e-09
0,0.04,-0.04,0.15708,0.10472,1.9477e-08,-3.4681e-08,-1.5929e-08,5.2024e-09,4.903e-08,2.2158e-08,4.0852e-08,1.9935e-08,3.6853e-09
0.04,0.04,-0.04,0.15708,0.10472,2.2317e-08,-3.2184e-08,-1.9774e-08,5.8641e-09,5.2914e-08,1.9982e-08,3.3998e-08,2.8444e-08,1.7605e-09
0,-0.08,0,0.15708,0.10472,1.5367e-08,-2.2701e-08,-2.362e-08,1.6417e-08,3.9637e-08,3.4189e-08,3.2848e-08,1.0927e-08,-1.8563e-08
-0.04,-0.04,0,0.15708,0.10472,1.596e-08,-2.65e-08,-1.9345e-08,7.6262e-09,4.126e-08,3.4511e-08,4.071e-08,7.9747e-09,-8.6161e-09
0,-0.04,0,0.15708,0.10472,1.7477e-08,-2.5778e-08,-2.3098e-08,9.3255e-09,4.4162e-08,3.0513e-08,3.6043e-08,1.2327e-08,-9.9839e-09
0.04,-0.04,0,0.15708,0.10472,1.9525e-08,-2.3585e-08,-2.9472e-08,1.023e-08,4.8476e-08,2.6537e-08,3.0372e-08,1.9301e-08,-1.271e-08
-0.08,0,0,0.15708,0.10472,1.5175e-08,-3.753e-08,-1.5338e-08,2.2632e-09,4.1398e-08,3.3129e-08,4.3067e-08,4.1215e-09,-3.0637e-09
-0.04,0,0,0.15708,0.10472,1.801e-08,-3.3644e-08,-1.8063e-08,3.1333e-09,4.376e-08,2.9209e-08,3.9221e-08,8.1166e-09,-4.1856e-09
0,0,0,0.15708,0.10472,1.9012e-08,-3.0915e-08,-2.2595e-08,4.3856e-09,5.4235e-08,2.5462e-08,3.4704e-08,1.4152e-08,-4.5723e-09
0.04,0,0,0.15708,0.10472,2.2666e-08,-2.7151e-08,-2.6452e-08,5.5781e-09,5.6209e-08,2.2829e-08,3.0935e-08,2.0602e-08,-6.972e-09
0.08,0,0,0.15708,0.10472,2.692e-08,-2.5338e-08,-3.4155e-08,7.5025e-09,5.8909e-08,2.0333e-08,2.8058e-08,2.936e-08,-6.4961e-09
-0.04,0.04,0,0.15708,0.10472,1.9004e-08,-4.1266e-08,-1.7374e-08,1.284e-09,5.113e-08,2.4603e-08,3.7713e-08,1.0275e-08,-9.0091e-10
0,0.04,0,0.15708,0.10472,2.3536e-08,-3.6466e-08,-2.026e-08,9.7096e-10,5.647e-08,2.2303e-08,3.5991e-08,1.6385e-08,-2.6065e-10
0.04,0.04,0,0.15708,0.10472,2.6127e-08,-3.2765e-08,-2.3678e-08,1.7621e-09,6.1116e-08,1.9624e-08,2.9515e-08,2.4236e-08,-1.2086e-09
0,0.08,0,0.15708,0.10472,2.5295e-08,-4.5763e-08,-1.7663e-08,-6.9999e-10,6.0838e-08,2.017e-08,3.3339e-08,1.7475e-08,1.2794e-09
-0.04,-0.04,0.04,0.15708,0.10472,1.778e-08,-2.86e-08,-2.2056e-08,3.535e-09,4.6514e-08,3.0997e-08,3.2163e-08,8.4026e-09,-1.1476e-08
0,-0.04,0.04,0.15708,0.10472,2.0099e-08,-2.4538e-08,-2.5342e-08,4.907e-09,5.241e-08,2.7658e-08,2.9568e-08,1.2456e-08,-1.2821e-08
0.04,-0.04,0.04,0.15708,0.10472,2.2847e-08,-2.3114e-08,-3.3667e-08,5.8e-09,5.555e-08,2.4354e-08,2.7276e-08,1.7451e-08,-1.2823e-08
-0.04,0,0.04,0.15708,0.10472,1.9529e-08,-3.4025e-08,-2.0561e-08,-1.5287e-09,5.4121e-08,2.7095e-08,3.346e-08,9.161e-09,-6.8779e-09
0,0,0.04,0.15708,0.10472,2.3031e-08,-3.0755e-08,-2.4774e-08,8.3735e-11,5.7649e-08,2.3876e-08,2.8235e-08,1.3841e-08,-8.3754e-09
0.04,0,0.04,0.15708,0.10472,2.5999e-08,-2.7968e-08,-3.1098e-08,8.2936e-10,6.629e-08,2.1788e-08,2.6393e-08,1.8792e-08,-8.6917e-09
-0.04,0.04,0.04,0.15708,0.10472,2.2567e-08,-3.9953e-08,-2.0111e-08,-3.0746e-09,5.9754e-08,2.5159e-08,3.1539e-08,9.7135e-09,-3.342e-09
0,0.04,0.04,0.15708,0.10472,2.6273e-08,-3.4849e-08,-2.3978e-08,-2.6803e-09,6.6786e-08,2.144e-08,3.2192e-08,1.4427e-08,-4.2838e-09
0.04,0.04,0.04,0.15708,0.10472,3.13e-08,-3.2424e-08,-2.7798e-08,-3.2263e-09,7.1223e-08,1.8753e-08,2.6455e-08,2.1731e-08,-5.015e-09
0,0,0.08,0.15708,0.10472,2.4664e-08,-2.8688e-08,-2.7016e-08,-5.519e-09,6.6227e-08,2.2527e-08,2.4664e-08,1.3447e-08,-9.5829e-09
0,0,-0.08,0.05236,0.15708,1.0136e-08,-2.8013e-08,-1.3446e-08,6.5188e-09,4.1503e-08,2.6259e-08,4.6631e-08,1.6513e-08,-1.477e-09
-0.04,-0.04,-0.04,0.05236,0.15708,1.196e-08,-2.7647e-08,-1.6192e-08,6.4754e-09,3.9888e-08,3.6328e-08,4.5866e-08,7.0977e-09,-1.152e-08
0,-0.04,-0.04,0.05236,0.15708,1.2656e-08,-2.5619e-08,-1.9156e-08,9.3002e-09,4.2556e-08,3.069e-08,4.0214e-08,1.3346e-08,-1.2857e-08
0.04,-0.04,-0.04,0.05236,0.15708,1.4045e-08,-2.3426e-08,-2.5502e-08,1.0524e-08,4.3692e-08,2.7629e-08,3.5553e-08,1.9251e-08,-1.4228e-08
-0.04,0,-0.04,0.05236,0.15708,1.294e-08,-3.2236e-08,-1.507e-08,3.4674e-09,4.1867e-08,2.9442e-08,4.6956e-08,6.9372e-09,-5.2727e-09
0,0,-0.04,0.05236,0.15708,1.4646e-08,-2.9281e-08,-1.8617e-08,5.3396e-09,4.7855e-08,2.6756e-08,4.2722e-08,1.5156e-08,-7.1799e-09
0.04,0,-0.04,0.05236,0.15708,1.6501e-08,-2.8077e-08,-2.2475e-08,5.2808e-09,4.9975e-08,2.3935e-08,3.5595e-08,2.4184e-08,-7.4499e-09
-0.04,0.04,-0.04,0.05236,0.15708,1.576e-08,-3.9253e-08,-1.4821e-08,1.3963e-09,4.516e-08,2.5833e-08,4.7142e-08,9.9472e-09,-1.1932e-09
0,0.04,-0.04,0.05236,0.15708,1.7065e-08,-3.3965e-08,-1.7226e-08,1.8038e-09,5.0918e-08,2.3064e-08,4.2738e-08,1.8049e-08,-1.9122e-09
0.04,0.04,-0.04,0.05236,0.15708,1.9369e-08,-3.1042e-08,-2.1807e-08,2.4596e-09,5.4612e-08,2.0444e-08,3.7312e-08,2.6289e-08,-1.1564e-09
0,-0.08,0,0.05236,0.15708,1.4139e-08,-2.2867e-08,-2.5146e-08,1.0387e-08,4.2261e-08,3.5037e-08,3.4242e-08,1.1111e-08,-2.4541e-08
-0.04,-0.04,0,0.05236,0.15708,1.3479e-08,-2.8891e-08,-2.0086e-08,3.4033e-09,4.4079e-08,3.3896e-08,3.8999e-08,7.4745e-09,-1.5222e-08
0,-0.04,0,0.05236,0.15708,1.5963e-08,-2.6475e-08,-2.414e-08,5.306e-09,4.9532e-08,3.0739e-08,3.5667e-08,1.127e-08,-1.6941e-08
0.04,-0.04,0,0.05236,0.15708,1.7913e-08,-2.4354e-08,-2.9726e-08,6.0851e-09,5.3639e-08,2.698e-08,2.9751e-08,1.9177e-08,-1.6896e-08
-0.08,0,0,0.05236,0.15708,1.467e-08,-3.6218e-08,-1.6096e-08,-1.9077e-09,4.308e-08,3.2146e-08,4.3099e-08,2.8421e-09,-6.7385e-09
-0.04,0,0,0.05236,0.15708,1.6143e-08,-3.3269e-08,-1.8954e-08,1.0757e-09,4.932e-08,2.7924e-08,3.9455e-08,8.752e-09,-8.0717e-09
0,0,0,0.05236,0.15708,1.9005e-08,-3.0835e-08,-2.2441e-08,8.2264e-10,5.2769e-08,2.5942e-08,3.5279e-08,1.3425e-08,-1.0533e-08
0.04,0,0,0.05236,0.15708,2.1733e-08,-2.8767e-08,-2.753e-08,2.2472e-09,5.8171e-08,2.2883e-08,3.0809e-08,2.0439e-08,-1.0684e-08
0.08,0,0,0.05236,0.15708,2.3203e-08,-2.5566e-08,-3.5317e-08,1.8027e-09,6.1717e-08,2.0189e-08,2.742e-08,2.8144e-08,-1.2164e-08
-0.04,0.04,0,0.05236,0.15708,1.8942e-08,-4.2164e-08,-1.8034e-08,-2.8867e-09,5.1617e-08,2.5197e-08,4.0132e-08,1.0164e-08,-4.5925e-09
0,0.04,0,0.05236,0.15708,2.0688e-08,-3.567e-08,-2.2093e-08,-2.7276e-09,5.9671e-08,2.2494e-08,3.6109e-08,1.5494e-08,-5.2943e-09
0.04,0.04,0,0.05236,0.15708,2.4459e-08,-3.3294e-08,-2.6409e-08,-6.7343e-10,6.2402e-08,1.9446e-08,3.0681e-08,2.419e-08,-5.7903e-09
0,0.08,0,0.05236,0.15708,2.5716e-08,-4.5378e-08,-2.1013e-08,-3.558e-09,6.2892e-08,1.9039e-08,3.4699e-08,1.9949e-08,-2.6154e-09
-0.04,-0.04,0.04,0.05236,0.15708,1.6078e-08,-2.8804e-08,-2.2579e-08,-1.8764e-09,4.883e-08,3.0597e-08,3.2047e-08,8.3862e-09,-1.6603e-08
0,-0.04,0.04,0.05236,0.15708,1.7988e-08,-2.687e-08,-2.7017e-08,-1.0892e-09,5.5781e-08,2.7987e-08,2.9778e-08,1.2065e-08,-1.8542e-08
0.04,-0.04,0.04,0.05236,0.15708,2.0197e-08,-2.4697e-08,-3.2812e-08,-3.5939e-10,6.163e-08,2.4334e-08,2.7163e-08,1.6616e-08,-2.0121e-08
-0.04,0,0.04,0.05236,0.15708,1.8666e-08,-3.4242e-08,-2.2323e-08,-6.5444e-09,5.5052e-08,2.7313e-08,3.2239e-08,8.7642e-09,-1.0803e-08
0,0,0.04,0.05236,0.15708,2.1543e-08,-3.0704e-08,-2.641e-08,-4.0455e-09,6.1644e-08,2.4095e-08,3.0406e-08,1.2616e-08,-1.3325e-08
0.04,0,0.04,0.05236,0.15708,2.5802e-08,-2.7826e-08,-3.1751e-08,-3.3982e-09,6.9622e-08,2.1302e-08,2.7369e-08,1.913e-08,-1.3115e-08
-0.04,0.04,0.04,0.05236,0.15708,2.1206e-08,-4.0916e-08,-2.0409e-08,-6.3672e-09,6.0674e-08,2.369e-08,3.2331e-08,1.0303e-08,-8.1767e-09
0,0.04,0.04,0.05236,0.15708,2.501e-08,-3.6564e-08,-2.3833e-08,-7.5321e-09,7.0896e-08,2.044e-08,3.0219e-08,1.433e-08,-7.6407e-09
0.04,0.04,0.04,0.05236,0.15708,2.8154e-08,-3.2686e-08,-3.0443e-08,-6.21e-09,7.4095e-08,1.8739e-08,2.6788e-08,1.9657e-08,-8.0042e-09
0,0,0.08,0.05236,0.15708,2.4422e-08,-3.0669e-08,-2.8833e-08,-1.2006e-08,7.4318e-08,2.1664e-08,2.5303e-08,1.2183e-08,-1.4362e-08
0,0,-0.08,0.10472,0.15708,1.0594e-08,-2.8814e-08,-1.3248e-08,9.1402e-09,3.8369e-08,2.6489e-08,4.6102e-08,1.6271e-08,1.8808e-09
-0.04,-0.04,-0.04,0.10472,0.15708,1.1646e-08,-2.7552e-08,-1.517e-08,9.3791e-09,3.7064e-08,3.5239e-08,4.7203e-08,7.6342e-09,-6.3292e-09
0,-0.04,-0.04,0.10472,0.15708,1.3627e-08,-2.5846e-08,-1.893e-08,9.6714e-09,4.1204e-08,3.0365e-08,3.9611e-08,1.3025e-08,-8.6149e-09
0.04,-0.04,-0.04,0.10472,0.15708,1.4908e-08,-2.369e-08,-2.3042e-08,1.2933e-08,4.4147e-08,2.7303e-08,3.457e-08,2.0438e-08,-1.0901e-08
-0.04,0,-0.04,0.10472,0.15708,1.3898e-08,-3.3584e-08,-1.5608e-08,5.0725e-09,4.1802e-08,2.9345e-08,4.7714e-08,7.758e-09,-2.2646e-09
0,0,-0.04,0.10472,0.15708,1.5349e-08,-2.9036e-08,-1.7918e-08,6.6206e-09,4.5728e-08,2.7149e-08,4.2484e-08,1.5222e-08,-4.4185e-09
0.04,0,-0.04,0.10472,0.15708,1.6793e-08,-2.6946e-08,-2.1299e-08,7.0898e-09,4.8986e-08,2.2586e-08,3.5675e-08,2.3083e-08,-4.3125e-09
-0.04,0.04,-0.04,0.10472,0.15708,1.6359e-08,-3.8844e-08,-1.4316e-08,2.4754e-09,4.6652e-08,2.6489e-08,4.6787e-08,1.0481e-08,1.8775e-09
0,0.04,-0.04,0.10472,0.15708,1.7937e-08,-3.5478e-08,-1.6182e-08,3.0885e-09,5.1906e-08,2.2498e-08,4.1654e-08,1.7544e-08,1.3183e-09
0.04,0.04,-0.04,0.10472,0.15708,2.0401e-08,-3.2927e-08,-1.9054e-08,4.4175e-09,5.1761e-08,2.0072e-08,3.4577e-08,2.7733e-08,-8.6052e-11
0,-0.08,0,0.10472,0.15708,1.3702e-08,-2.2174e-08,-2.3805e-08,1.4129e-08,4.1014e-08,3.451e-08,3.3092e-08,1.1137e-08,-2.1728e-08
-0.04,-0.04,0,0.10472,0.15708,1.5241e-08,-2.8718e-08,-1.798e-08,4.7786e-09,4.0697e-08,3.3268e-08,3.9544e-08,6.6595e-09,-1.2411e-08
0,-0.04,0,0.10472,0.15708,1.7084e-08,-2.6271e-08,-2.3521e-08,7.0675e-09,4.7421e-08,2.9651e-08,3.4199e-08,1.3364e-08,-1.4151e-08
0.04,-0.04,0,0.10472,0.15708,1.8743e-08,-2.4249e-08,-2.7836e-08,8.0719e-09,5.0869e-08,2.6137e-08,3.1405e-08,1.8302e-08,-1.5621e-08
-0.08,0,0,0.10472,0.15708,1.4454e-08,-3.6128e-08,-1.5513e-08,1.5493e-09,3.9822e-08,3.2946e-08,4.2158e-08,3.927e-09,-4.4335e-09
-0.04,0,0,0.10472,0.15708,1.6643e-08,-3.4669e-08,-1.8537e-08,1.5584e-09,4.7499e-08,2.7852e-08,3.934e-08,8.7577e-09,-6.8319e-09
0,0,0,0.10472,0.15708,1.8632e-08,-3.0586e-08,-2.1744e-08,3.1828e-09,5.2972e-08,2.6223e-08,3.5234e-08,1.3936e-08,-7.7777e-09
0.04,0,0,0.10472,0.15708,2.1794e-08,-2.7987e-08,-2.6661e-08,3.7026e-09,5.526e-08,2.2641e-08,3.1066e-08,2.1298e-08,-8.5269e-09
0.08,0,0,0.10472,0.15708,2.4789e-08,-2.4913e-08,-3.4959e-08,4.3901e-09,6.1074e-08,1.9094e-08,2.723e-08,2.7887e-08,-1.095e-08
-0.04,0.04,0,0.10472,0.15708,1.831e-08,-3.9042e-08,-1.735e-08,-8.9438e-10,5.2828e-08,2.4479e-08,3.8554e-08,9.1361e-09,-2.3002e-09
0,0.04,0,0.10472,0.15708,2.2468e-08,-3.7568e-08,-2.1383e-08,-4.0855e-10,5.8715e-08,2.2831e-08,3.5704e-08,1.495e-08,-3.1901e-09
0.04,0.04,0,0.10472,0.15708,2.5178e-08,-3.3077e-08,-2.5325e-08,-5.0766e-10,6.4896e-08,2.0444e-08,3.0434e-08,2.368e-08,-3.7947e-09
0,0.08,0,0.10472,0.15708,2.4744e-08,-4.4353e-08,-1.9518e-08,-2.7426e-09,6.1242e-08,1.9591e-08,3.4395e-08,1.9206e-08,-3.802e-10
-0.04,-0.04,0.04,0.10472,0.15708,1.709e-08,-2.8255e-08,-2.2565e-08,1.1915e-11,4.9694e-08,3.241e-08,3.219e-08,8.5872e-09,-1.4638e-08
0,-0.04,0.04,0.10472,0.15708,1.8748e-08,-2.5887e-08,-2.6237e-08,8.6635e-10,5.1555e-08,2.8047e-08,2.8716e-08,1.2319e-08,-1.6249e-08
0.04,-0.04,0.04,0.10472,0.15708,2.0594e-08,-2.4044e-08,-3.3092e-08,3.8256e-09,5.8791e-08,2.5252e-08,2.6625e-08,1.7035e-08,-1.7891e-08
-0.04,0,0.04,0.10472,0.15708,1.9404e-08,-3.4293e-08,-2.1318e-08,-1.8521e-09,5.4525e-08,2.7109e-08,3.2506e-08,7.6992e-09,-8.6374e-09
0,0,0.04,0.10472,0.15708,2.1559e-08,-3.0503e-08,-2.6208e-08,-2.097e-09,6.0156e-08,2.5055e-08,2.9154e-08,1.393e-08,-1.046e-08
0.04,0,0.04,0.10472,0.15708,2.5138e-08,-2.743e-08,-3.1758e-08,-1.9622e-09,6.671e-08,2.1914e-08,2.7161e-08,1.8924e-08,-1.213e-08
-0.04,0.04,0.04,0.10472,0.15708,2.2197e-08,-3.8735e-08,-1.9883e-08,-4.3647e-09,5.9503e-08,2.2586e-08,3.3214e-08,1.0225e-08,-6.0714e-09
0,0.04,0.04,0.10472,0.15708,2.6368e-08,-3.6244e-08,-2.5176e-08,-4.0815e-09,6.7289e-08,2.1776e-08,2.9891e-08,1.453e-08,-5.4825e-09
0.04,0.04,0.04,0.10472,0.15708,2.9926e-08,-3.2302e-08,-3.0041e-08,-4.7697e-09,7.2078e-08,1.966e-08,2.766e-08,2.1408e-08,-6.9303e-09
0,0,0.08,0.10472,0.15708,2.4832e-08,-2.9398e-08,-2.6938e-08,-8.8441e-09,7.1205e-08,2.1796e-08,2.5116e-08,1.2444e-08,-1.2674e-08
0,0,-0.08,0.15708,0.15708,1.1716e-08,-2.905e-08,-1.1663e-08,1.138e-08,3.8442e-08,2.4944e-08,4.9714e-08,1.6707e-08,4.9946e-09
-0.04,-0.04,-0.04,0.15708,0.15708,1.2666e-08,-2.7459e-08,-1.5401e-08,1.1335e-08,3.698e-08,3.3866e-08,4.6689e-08,6.7295e-09,-4.547e-09
0,-0.04,-0.04,0.15708,0.15708,1.4821e-08,-2.5909e-08,-1.7186e-08,1.2796e-08,4.0058e-08,2.9207e-08,3.9625e-08,1.4015e-08,-5.4201e-09
0.04,-0.04,-0.04,0.15708,0.15708,1.5779e-08,-2.3716e-08,-2.1109e-08,1.4974e-08,4.3267e-08,2.6249e-08,3.3987e-08,2.0048e-08,-8.5163e-09
-0.04,0,-0.04,0.15708,0.15708,1.404e-08,-3.3e-08,-1.4014e-08,7.2731e-09,4.1108e-08,2.8022e-08,4.5646e-08,8.6784e-09,-8.2315e-10
0,0,-0.04,0.15708,0.15708,1.6438e-08,-3.0474e-08,-1.6979e-08,7.8297e-09,4.3847e-08,2.5936e-08,4.1004e-08,1.5485e-08,-1.4054e-09
0.04,0,-0.04,0.15708,0.15708,1.9109e-08,-2.7721e-08,-2.0269e-08,9.7937e-09,5.0172e-08,2.2383e-08,3.4161e-08,2.5713e-08,-1.3205e-09
-0.04,0.04,-0.04,0.15708,0.15708,1.5704e-08,-3.9449e-08,-1.3723e-08,4.2503e-09,4.3487e-08,2.5617e-08,4.7869e-08,9.2044e-09,3.627e-09
0,0.04,-0.04,0.15708,0.15708,1.8356e-08,-3.562e-08,-1.6037e-08,5.7175e-09,4.8532e-08,2.2138e-08,4.0335e-08,1.5065e-08,3.9113e-09
0.04,0.04,-0.04,0.15708,0.15708,2.1065e-08,-3.2192e-08,-1.8132e-08,5.3472e-09,5.4537e-08,2.0349e-08,3.4649e-08,2.5631e-08,2.6381e-09
0,-0.08,0,0.15708,0.15708,1.5551e-08,-2.1788e-08,-2.4652e-08,1.6668e-08,4.0057e-08,3.4906e-08,3.4596e-08,1.0758e-08,-2.0042e-08
-0.04,-0.04,0,0.15708,0.15708,1.5395e-08,-2.8924e-08,-1.9147e-08,8.2053e-09,4.0098e-08,3.375e-08,3.9908e-08,7.2738e-09,-9.3877e-09
0,-0.04,0,0.15708,0.15708,1.7184e-08,-2.6279e-08,-2.3081e-08,1.0039e-08,4.6976e-08,2.9832e-08,3.4509e-08,1.2823e-08,-9.8588e-09
0.04,-0.04,0,0.15708,0.15708,2.0267e-08,-2.3859e-08,-2.7981e-08,1.1578e-08,5.0618e-08,2.5943e-08,3.0995e-08,1.9605e-08,-1.1443e-08
-0.08,0,0,0.15708,0.15708,1.5178e-08,-3.6021e-08,-1.3637e-08,2.9526e-09,4.1737e-08,3.1895e-08,4.2812e-08,2.7786e-09,-3.2079e-09
-0.04,0,0,0.15708,0.15708,1.7323e-08,-3.3677e-08,-1.7899e-08,4.1177e-09,4.8427e-08,2.8919e-08,4.0129e-08,8.6399e-09,-4.8389e-09
0,0,0,0.15708,0.15708,2.0785e-08,-3.1501e-08,-2.1709e-08,5.0972e-09,5.1836e-08,2.5672e-08,3.5675e-08,1.4776e-08,-5.0219e-09
0.04,0,0,0.15708,0.15708,2.2533e-08,-2.8604e-08,-2.4785e-08,6.5957e-09,5.5107e-08,2.1462e-08,3.1035e-08,2.1803e-08,-7.4737e-09
0.08,0,0,0.15708,0.15708,2.4499e-08,-2.5499e-08,-3.2746e-08,6.2705e-09,6.1385e-08,1.9477e-08,2.7472e-08,2.7012e-08,-6.4179e-09
-0.04,0.04,0,0.15708,0.15708,1.9942e-08,-4.2398e-08,-1.8071e-08,1.3132e-09,5.1482e-08,2.424e-08,4.1093e-08,8.4987e-09,-4.9389e-11
0,0.04,0,0.15708,0.15708,2.2719e-08,-3.6705e-08,-1.9125e-08,1.1393e-09,5.6682e-08,2.2066e-08,3.4667e-08,1.6032e-08,-1.4534e-09
0.04,0.04,0,0.15708,0.15708,2.4876e-08,-3.2125e-08,-2.4068e-08,2.8102e-09,6.4384e-08,1.9509e-08,3.0497e-08,2.4244e-08,-2.031e-09
0,0.08,0,0.15708,0.15708,2.577e-08,-4.4536e-08,-1.8191e-08,-8.8256e-10,6.2233e-08,1.9324e-08,3.4599e-08,1.7033e-08,1.2958e-09
-0.04,-0.04,0.04,0.15708,0.15708,1.7955e-08,-2.8024e-08,-2.1687e-08,2.2303e-09,4.6278e-08,3.2017e-08,3.1442e-08,7.3771e-09,-1.144e-08
0,-0.04,0.04,0.15708,0.15708,1.9509e-08,-2.5175e-08,-2.5943e-08,4.2281e-09,5.2716e-08,2.876e-08,2.9384e-08,1.2122e-08,-1.4315e-08
0.04,-0.04,0.04,0.15708,0.15708,2.2692e-08,-2.4375e-08,-3.2241e-08,6.8418e-09,5.8864e-08,2.3981e-08,2.7277e-08,1.6687e-08,-1.46e-08
-0.04,0,0.04,0.15708,0.15708,1.9748e-08,-3.2246e-08,-1.9765e-08,-2.0278e-10,5.4023e-08,2.818e-08,3.3174e-08,9.4221e-09,-6.7037e-09
0,0,0.04,0.15708,0.15708,2.2272e-08,-3.001e-08,-2.4352e-08,9.9338e-10,5.9526e-08,2.4447e-08,2.9517e-08,1.273e-08,-6.6886e-09
0.04,0,0.04,0.15708,0.15708,2.6619e-08,-2.6316e-08,-3.073e-08,2.2595e-09,6.6974e-08,2.1481e-08,2.6917e-08,1.9089e-08,-9.5483e-09
-0.04,0.04,0.04,0.15708,0.15708,2.2001e-08,-4.0854e-08,-1.9482e-08,-2.9231e-09,5.9631e-08,2.2977e-08,3.2347e-08,9.2796e-09,-4.4811e-09
0,0.04,0.04,0.15708,0.15708,2.6755e-08,-3.5437e-08,-2.3564e-08,-2.2319e-09,6.6227e-08,2.1357e-08,3.0246e-08,1.4563e-08,-4.171e-09
0.04,0.04,0.04,0.15708,0.15708,2.9718e-08,-3.1645e-08,-2.7892e-08,-2.304e-09,7.6016e-08,1.8936e-08,2.6743e-08,1.9577e-08,-4.8845e-09
0,0,0.08,0.15708,0.15708,2.5295e-08,-2.7939e-08,-2.7189e-08,-5.2891e-09,6.7859e-08,2.2457e-08,2.515e-08,1.2015e-08,-9.6227e-09
