0,0,-0.08,0.05236,0.05236,-1.0639e-08,-4.2575e-08,-4.2229e-08,-2.6892e-08,-3.811e-09,2.5907e-08,4.5351e-08,-3.252e-08,2.7801e-09,-2.8203e-08,-2.8985e-08,-1.4435e-08
-0.04,-0.04,-0.04,0.05236,0.05236,-5.439e-09,-4.8599e-08,-4.4763e-08,-2.2908e-08,-1.6833e-10,2.1639e-08,5.1046e-08,-3.4364e-08,-1.7784e-09,-1.7253e-08,-2.7462e-08,-1.9962e-08
0,-0.04,-0.04,0.05236,0.05236,-1.0839e-08,-4.5221e-08,-3.5058e-08,-2.131e-08,2.1303e-09,3.0831e-08,4.0399e-08,-3.7394e-08,-2.4774e-09,-1.979e-08,-3.2587e-08,-1.6761e-08
0.04,-0.04,-0.04,0.05236,0.05236,-1.5649e-08,-4.4823e-08,-2.7244e-08,-2.0901e-08,2.6735e-09,3.9396e-08,3.7084e-08,-3.8373e-08,-2.9553e-09,-1.9802e-08,-3.8357e-08,-1.2833e-08
-0.04,0,-0.04,0.05236,0.05236,-5.2001e-09,-5.0699e-08,-4.6523e-08,-2.7369e-08,-4.0604e-10,1.7734e-08,4.3893e-08,-2.9245e-08,1.703e-09,-2.0532e-08,-2.5807e-08,-1.4187e-08
0,0,-0.04,0.05236,0.05236,-8.7696e-09,-4.9223e-08,-3.8804e-08,-2.7384e-08,9.1636e-10,2.6674e-08,3.9272e-08,-3.0768e-08,1.3225e-09,-2.233e-08,-2.966e-08,-1.3254e-08
0.04,0,-0.04,0.05236,0.05236,-1.4416e-08,-4.5785e-08,-3.2488e-08,-2.5722e-08,1.3345e-09,3.3717e-08,3.4914e-08,-3.0642e-08,9.7756e-10,-2.3208e-08,-3.6045e-08,-9.0851e-09
-0.04,0.04,-0.04,0.05236,0.05236,-5.4726e-09,-5.3987e-08,-5.7012e-08,-3.3847e-08,-1.0159e-10,1.6034e-08,4.001e-08,-2.3604e-08,4.2984e-09,-2.148e-08,-2.3849e-08,-1.1956e-08
0,0.04,-0.04,0.05236,0.05236,-9.1211e-09,-5.068e-08,-4.662e-08,-3.5306e-08,3.3816e-10,2.3382e-08,3.5998e-08,-2.622e-08,4.9747e-09,-2.3586e-08,-2.8351e-08,-9.4616e-09
0.04,0.04,-0.04,0.05236,0.05236,-1.2861e-08,-4.6315e-08,-3.689e-08,-3.1049e-08,2.3208e-09,2.7857e-08,3.1253e-08,-2.5368e-08,6.447e-09,-2.492e-08,-3.438e-08,-6.3641e-09
0,-0.08,0,0.05236,0.05236,-8.9503e-09,-5.2114e-08,-2.9638e-08,-1.6099e-08,7.4256e-09,3.1064e-08,3.577e-08,-3.807e-08,-6.177e-09,-1.3168e-08,-3.4243e-08,-1.707e-08
-0.04,-0.04,0,0.05236,0.05236,-3.2072e-09,-5.7852e-08,-3.9955e-08,-2.0517e-08,6.4835e-09,2.069e-08,4.025e-08,-3.0703e-08,-4.5784e-09,-1.5e-08,-2.648e-08,-1.5295e-08
0,-0.04,0,0.05236,0.05236,-9.382e-09,-5.4543e-08,-3.5229e-08,-1.8293e-08,7.681e-09,2.632e-08,3.4189e-08,-3.1843e-08,-4.0071e-09,-1.5783e-08,-3.3553e-08,-1.1449e-08
0.04,-0.04,0,0.05236,0.05236,-1.6798e-08,-5.2113e-08,-2.7794e-08,-1.8319e-08,4.149e-09,3.5235e-08,3.238e-08,-3.1604e-08,-5.8145e-09,-1.5348e-08,-3.974e-08,-9.8426e-09
-0.08,0,0,0.05236,0.05236,-7.2294e-10,-6.3184e-08,-5.0272e-08,-2.427e-08,7.4976e-09,1.351e-08,4.0454e-08,-2.4207e-08,-1.2412e-09,-1.4709e-08,-2.2177e-08,-1.2087e-08
-0.04,0,0,0.05236,0.05236,-3.8912e-09,-6.2469e-08,-4.4604e-08,-2.4473e-08,6.8858e-09,1.7754e-08,3.7811e-08,-2.6085e-08,-2.0862e-09,-1.5879e-08,-2.5657e-08,-1.0842e-08
0,0,0,0.05236,0.05236,-8.9171e-09,-5.7905e-08,-3.8512e-08,-2.3616e-08,6.5264e-09,2.4083e-08,3.4436e-08,-2.6343e-08,-9.8545e-10,-1.6006e-08,-3.2046e-08,-8.2711e-09
0.04,0,0,0.05236,0.05236,-1.6457e-08,-5.3462e-08,-3.1829e-08,-2.2024e-08,5.5834e-09,3.0255e-08,3.038e-08,-2.6664e-08,-1.0731e-09,-1.7135e-08,-3.7778e-08,-6.0132e-09
0.08,0,0,0.05236,0.05236,-2.0008e-08,-4.7295e-08,-2.6028e-08,-2.2234e-08,5.2077e-09,3.7361e-08,2.7126e-08,-2.835e-08,-1.7237e-09,-1.5028e-08,-4.7012e-08,-4.527e-09
-0.04,0.04,0,0.05236,0.05236,-3.6903e-09,-6.5712e-08,-5.0053e-08,-3.0039e-08,6.5279e-09,1.5801e-08,3.4921e-08,-2.2174e-08,1.69e-09,-1.5789e-08,-2.4794e-08,-5.5282e-09
0,0.04,0,0.05236,0.05236,-8.8795e-09,-5.9368e-08,-4.1275e-08,-3.0542e-08,6.6104e-09,1.9916e-08,3.1374e-08,-2.3051e-08,3.2635e-09,-1.6882e-08,-2.9193e-08,-5.1776e-09
0.04,0.04,0,0.05236,0.05236,-1.3506e-08,-5.4865e-08,-3.4602e-08,-2.9628e-08,6.2604e-09,2.6704e-08,2.93e-08,-2.2656e-08,2.9664e-09,-1.7771e-08,-3.5991e-08,-3.488e-09
0,0.08,0,0.05236,0.05236,-7.2591e-09,-6.0427e-08,-4.7246e-08,-3.6932e-08,7.8968e-09,1.6616e-08,2.8174e-08,-1.9181e-08,7.0352e-09,-1.7779e-08,-2.7343e-08,-2.6504e-09
-0.04,-0.04,0.04,0.05236,0.05236,-2.1689e-09,-6.9926e-08,-3.695e-08,-1.7406e-08,1.4701e-08,2.039e-08,3.1123e-08,-2.7064e-08,-6.4807e-09,-1.0804e-08,-2.6734e-08,-7.765e-09
0,-0.04,0.04,0.05236,0.05236,-9.0412e-09,-6.7189e-08,-3.1146e-08,-1.509e-08,1.2473e-08,2.5321e-08,3.0555e-08,-2.5827e-08,-8.1199e-09,-1.0055e-08,-3.178e-08,-4.797e-09
0.04,-0.04,0.04,0.05236,0.05236,-1.4702e-08,-6.0333e-08,-2.6234e-08,-1.5346e-08,1.0339e-08,2.9438e-08,2.6511e-08,-2.7531e-08,-9.3141e-09,-1.0403e-08,-3.817e-08,-3.0818e-09
-0.04,0,0.04,0.05236,0.05236,-2.4275e-09,-7.3858e-08,-4.027e-08,-2.066e-08,1.3401e-08,1.781e-08,3.0563e-08,-2.2398e-08,-5.6201e-09,-1.1271e-08,-2.5969e-08,-4.7222e-09
0,0,0.04,0.05236,0.05236,-8.0983e-09,-7.0349e-08,-3.4402e-08,-1.9276e-08,1.2602e-08,2.2031e-08,2.8086e-08,-2.2905e-08,-4.5549e-09,-1.1419e-08,-3.1988e-08,-1.8345e-09
0.04,0,0.04,0.05236,0.05236,-1.4661e-08,-6.5529e-08,-2.8327e-08,-2.0814e-08,1.0597e-08,2.6823e-08,2.6532e-08,-2.3522e-08,-4.8706e-09,-9.1588e-09,-3.9118e-08,-1.9192e-09
-0.04,0.04,0.04,0.05236,0.05236,-2.681e-09,-7.8019e-08,-4.3817e-08,-2.5169e-08,1.6243e-08,1.5422e-08,2.8821e-08,-1.9555e-08,-1.1805e-09,-1.2482e-08,-2.5251e-08,-2.1271e-09
0,0.04,0.04,0.05236,0.05236,-7.3478e-09,-7.4616e-08,-3.9622e-08,-2.4533e-08,1.3092e-08,2.0187e-08,2.7625e-08,-1.9746e-08,-1.8671e-09,-1.0513e-08,-2.9374e-08,-3.5168e-11
0.04,0.04,0.04,0.05236,0.05236,-1.1488e-08,-6.9268e-08,-3.2221e-08,-2.3944e-08,1.0613e-08,2.3918e-08,2.4871e-08,-2.0567e-08,-5.1659e-10,-9.7052e-09,-3.5622e-08,4.6918e-10
0,0,0.08,0.05236,0.05236,-6.1834e-09,-8.0947e-08,-3.1273e-08,-1.4395e-08,1.724e-08,1.9278e-08,2.3966e-08,-1.8442e-08,-8.9044e-09,-6.7779e-09,-3.0012e-08,2.7737e-09
0,0,-0.08,0.10472,0.05236,-9.9053e-09,-4.1619e-08,-4.4206e-08,-2.8575e-08,-3.7032e-09,2.6542e-08,4.513e-08,-3.2156e-08,2.3229e-09,-2.4907e-08,-2.7918e-08,-1.7221e-08
-0.04,-0.04,-0.04,0.10472,0.05236,-4.1212e-09,-4.8897e-08,-4.4388e-08,-2.173e-08,2.2168e-09,2.1488e-08,4.4891e-08,-3.5757e-08,-2.5428e-09,-1.7336e-08,-2.5887e-08,-2.2689e-08
0,-0.04,-0.04,0.10472,0.05236,-1.0195e-08,-4.5947e-08,-3.6659e-08,-2.1105e-08,2.2658e-09,2.9238e-08,4.3156e-08,-3.7135e-08,-3.4194e-09,-1.8459e-08,-3.1597e-08,-1.6573e-08
0.04,-0.04,-0.04,0.10472,0.05236,-1.7294e-08,-4.1878e-08,-2.9747e-08,-1.9864e-08,1.9534e-09,3.8704e-08,3.7282e-08,-3.7854e-08,-3.3392e-09,-2.0094e-08,-3.84e-08,-1.5074e-08
-0.04,0,-0.04,0.10472,0.05236,-5.6737e-09,-5.0588e-08,-4.8695e-08,-2.6778e-08,1.3792e-09,1.7783e-08,4.3575e-08,-2.9712e-08,-1.2801e-09,-1.8897e-08,-2.4981e-08,-1.6784e-08
0,0,-0.04,0.10472,0.05236,-1.0035e-08,-4.7944e-08,-4.1866e-08,-2.4959e-08,1.8427e-09,2.2917e-08,3.9447e-08,-3.1133e-08,-3.5669e-10,-2.1033e-08,-3.037e-08,-1.3201e-08
0.04,0,-0.04,0.10472,0.05236,-1.4877e-08,-4.3722e-08,-3.3343e-08,-2.3066e-08,2.5981e-09,3.5264e-08,3.3286e-08,-3.2549e-08,-6.0958e-10,-2.1823e-08,-3.5559e-08,-1.1494e-08
-0.04,0.04,-0.04,0.10472,0.05236,-5.29e-09,-5.4414e-08,-5.8898e-08,-3.2476e-08,-9.1216e-10,1.3259e-08,4.0255e-08,-2.4699e-08,2.4819e-09,-2.0397e-08,-2.4559e-08,-1.2706e-08
0,0.04,-0.04,0.10472,0.05236,-1.0297e-08,-4.9335e-08,-4.7777e-08,-2.9547e-08,8.3824e-10,2.1063e-08,3.5473e-08,-2.5582e-08,3.1552e-09,-2.2315e-08,-2.8926e-08,-9.9766e-09
0.04,0.04,-0.04,0.10472,0.05236,-1.3976e-08,-4.7312e-08,-3.8007e-08,-3.048e-08,2.2758e-09,2.8506e-08,3.2943e-08,-2.6793e-08,3.0809e-09,-2.1009e-08,-3.3025e-08,-8.412e-09
0,-0.08,0,0.10472,0.05236,-9.2066e-09,-4.9736e-08,-2.9397e-08,-1.3942e-08,8.5503e-09,2.9355e-08,3.8835e-08,-3.9864e-08,-7.6335e-09,-1.2949e-08,-3.3687e-08,-1.8447e-08
-0.04,-0.04,0,0.10472,0.05236,-4.3481e-09,-5.8698e-08,-4.0232e-08,-1.8444e-08,8.6732e-09,1.8963e-08,3.8096e-08,-3.1522e-08,-5.1322e-09,-1.3228e-08,-2.7346e-08,-1.8111e-08
0,-0.04,0,0.10472,0.05236,-9.6262e-09,-5.6315e-08,-3.3948e-08,-1.7362e-08,6.7999e-09,2.7619e-08,3.5527e-08,-3.3829e-08,-5.8916e-09,-1.4088e-08,-3.1677e-08,-1.3713e-08
0.04,-0.04,0,0.10472,0.05236,-1.6063e-08,-4.8528e-08,-2.8796e-08,-1.6047e-08,7.1437e-09,3.3453e-08,3.2679e-08,-3.5063e-08,-6.8151e-09,-1.3466e-08,-3.8556e-08,-1.1769e-08
-0.08,0,0,0.10472,0.05236,-5.6281e-10,-6.283e-08,-5.4335e-08,-2.3075e-08,1.3369e-08,1.2322e-08,4.3661e-08,-2.5419e-08,-3.1835e-09,-1.348e-08,-2.2559e-08,-1.587e-08
-0.04,0,0,0.10472,0.05236,-5.206e-09,-5.9833e-08,-4.4545e-08,-2.2339e-08,9.0357e-09,1.7543e-08,3.6976e-08,-2.78e-08,-2.9481e-09,-1.3984e-08,-2.6132e-08,-1.1e-08
0,0,0,0.10472,0.05236,-9.793e-09,-5.6726e-08,-3.7631e-08,-2.1249e-08,6.3323e-09,2.2438e-08,3.3634e-08,-2.7717e-08,-3.6006e-09,-1.3676e-08,-3.0376e-08,-8.4591e-09
0.04,0,0,0.10472,0.05236,-1.4681e-08,-5.366e-08,-3.2759e-08,-2.0996e-08,6.5457e-09,2.9351e-08,3.0857e-08,-2.9145e-08,-4.5114e-09,-1.417e-08,-3.7498e-08,-7.0258e-09
0.08,0,0,0.10472,0.05236,-2.1419e-08,-4.7354e-08,-2.6925e-08,-1.7669e-08,5.4931e-09,3.8847e-08,2.7551e-08,-3.036e-08,-3.4224e-09,-1.5121e-08,-4.5682e-08,-6.5937e-09
-0.04,0.04,0,0.10472,0.05236,-4.2191e-09,-6.4211e-08,-5.2742e-08,-2.8717e-08,7.8107e-09,1.4709e-08,3.5969e-08,-2.2677e-08,-2.6507e-10,-1.5603e-08,-2.4154e-08,-9.1159e-09
0,0.04,0,0.10472,0.05236,-7.7557e-09,-6.0364e-08,-4.0647e-08,-2.5806e-08,6.2818e-09,1.89e-08,3.1533e-08,-2.3419e-08,9.5432e-10,-1.6622e-08,-2.9772e-08,-7.0636e-09
0.04,0.04,0,0.10472,0.05236,-1.3345e-08,-5.4415e-08,-3.4658e-08,-2.5856e-08,6.1417e-09,2.4412e-08,2.8744e-08,-2.397e-08,1.7019e-09,-1.4758e-08,-3.6295e-08,-5.0357e-09
0,0.08,0,0.10472,0.05236,-8.3359e-09,-6.4296e-08,-5.2391e-08,-3.4408e-08,7.6002e-09,1.5153e-08,2.9485e-08,-1.9934e-08,3.5668e-09,-1.6532e-08,-2.7471e-08,-4.5464e-09
-0.04,-0.04,0.04,0.10472,0.05236,-1.491e-09,-6.6751e-08,-3.7147e-08,-1.4571e-08,1.4618e-08,1.911e-08,3.2976e-08,-2.7669e-08,-7.6378e-09,-1.0428e-08,-2.7091e-08,-1.1358e-08
0,-0.04,0.04,0.10472,0.05236,-8.8231e-09,-6.5274e-08,-3.2058e-08,-1.3768e-08,1.3587e-08,2.3928e-08,3.0936e-08,-2.8085e-08,-9.1883e-09,-9.4878e-09,-3.1259e-08,-8.6955e-09
0.04,-0.04,0.04,0.10472,0.05236,-1.4347e-08,-5.9903e-08,-2.578e-08,-1.4134e-08,1.1276e-08,2.9276e-08,2.7855e-08,-2.8032e-08,-1.154e-08,-7.8644e-09,-3.7882e-08,-6.9575e-09
-0.04,0,0.04,0.10472,0.05236,-3.1401e-09,-7.4539e-08,-4.0891e-08,-1.8336e-08,1.5038e-08,1.6576e-08,3.152e-08,-2.4524e-08,-6.775e-09,-1.0545e-08,-2.5141e-08,-7.3387e-09
0,0,0.04,0.10472,0.05236,-8.8229e-09,-6.743e-08,-3.6279e-08,-1.7261e-08,1.3738e-08,2.1073e-08,2.926e-08,-2.4557e-08,-7.5126e-09,-9.6919e-09,-2.9804e-08,-6.2e-09
0.04,0,0.04,0.10472,0.05236,-1.4008e-08,-6.4223e-08,-3.0411e-08,-1.5054e-08,1.1759e-08,2.6628e-08,2.7238e-08,-2.5051e-08,-7.6444e-09,-8.9003e-09,-3.6426e-08,-4.1051e-09
-0.04,0.04,0.04,0.10472,0.05236,-4.4022e-09,-7.4014e-08,-4.4536e-08,-2.3103e-08,1.6045e-08,1.3958e-08,2.9703e-08,-2.0002e-08,-3.2848e-09,-1.0079e-08,-2.4891e-08,-4.1461e-09
0,0.04,0.04,0.10472,0.05236,-7.2422e-09,-6.9902e-08,-4.0222e-08,-2.0727e-08,1.3172e-08,1.7756e-08,2.7627e-08,-2.0466e-08,-4.3958e-09,-1.0378e-08,-2.9367e-08,-3.1057e-09
0.04,0.04,0.04,0.10472,0.05236,-1.3242e-08,-6.1647e-08,-3.4943e-08,-2.0293e-08,1.1207e-08,2.3433e-08,2.5233e-08,-2.1102e-08,-3.6555e-09,-7.3079e-09,-3.4567e-08,-1.4876e-09
0,0,0.08,0.10472,0.05236,-7.5221e-09,-8.4708e-08,-3.3006e-08,-1.2595e-08,1.8063e-08,1.9311e-08,2.4562e-08,-2.0281e-08,-1.0706e-08,-4.6068e-09,-2.8667e-08,1.6582e-09
0,0,-0.08,0.15708,0.05236,-9.4256e-09,-4.2251e-08,-4.4116e-08,-2.3553e-08,-3.1793e-09,2.4968e-08,4.5382e-08,-3.3158e-08,9.2111e-11,-2.47e-08,-2.8232e-08,-1.8211e-08
-0.04,-0.04,-0.04,0.15708,0.05236,-4.5436e-09,-4.8411e-08,-4.7066e-08,-1.8839e-08,4.9303e-09,1.916e-08,4.8785e-08,-3.6101e-08,-4.4324e-09,-1.7096e-08,-2.6471e-08,-2.462e-08
0,-0.04,-0.04,0.15708,0.05236,-1.0839e-08,-4.6318e-08,-3.4765e-08,-1.7547e-08,3.6584e-09,2.8004e-08,4.3604e-08,-3.8774e-08,-5.2303e-09,-1.9042e-08,-3.042e-08,-2.0776e-08
0.04,-0.04,-0.04,0.15708,0.05236,-1.5649e-08,-4.0562e-08,-3.1125e-08,-1.6705e-08,2.7312e-09,3.5274e-08,3.7652e-08,-3.9479e-08,-6.1476e-09,-1.9209e-08,-3.7367e-08,-1.6518e-08
-0.04,0,-0.04,0.15708,0.05236,-4.6143e-09,-5.2211e-08,-5.2777e-08,-2.3379e-08,1.5687e-09,1.7318e-08,4.5786e-08,-3.0083e-08,-2.262e-09,-1.986e-08,-2.4943e-08,-1.9467e-08
0,0,-0.04,0.15708,0.05236,-1.0944e-08,-4.8174e-08,-4.1041e-08,-2.2781e-08,3.5619e-09,2.3004e-08,4.0275e-08,-3.0719e-08,-1.8488e-09,-1.9429e-08,-3.0974e-08,-1.7191e-08
0.04,0,-0.04,0.15708,0.05236,-1.6145e-08,-4.2247e-08,-3.5801e-08,-2.1085e-08,3.42e-09,3.4502e-08,3.583e-08,-3.2683e-08,-1.6586e-09,-2.1068e-08,-3.4982e-08,-1.1709e-08
-0.04,0.04,-0.04,0.15708,0.05236,-5.9226e-09,-5.2963e-08,-5.8762e-08,-3.0258e-08,9.0096e-10,1.2419e-08,3.994e-08,-2.6367e-08,7.2267e-10,-2.0689e-08,-2.3013e-08,-1.589e-08
0,0.04,-0.04,0.15708,0.05236,-9.7207e-09,-4.8226e-08,-5.1631e-08,-2.6904e-08,1.6913e-09,1.8455e-08,3.5494e-08,-2.6883e-08,1.307e-09,-1.9723e-08,-2.7215e-08,-1.3781e-08
0.04,0.04,-0.04,0.15708,0.05236,-1.4693e-08,-4.7283e-08,-3.8248e-08,-2.6446e-08,2.6324e-09,2.4542e-08,3.303e-08,-2.7052e-08,2.3561e-09,-2.3302e-08,-3.4362e-08,-1.0016e-08
0,-0.08,0,0.15708,0.05236,-8.6426e-09,-4.8977e-08,-3.0134e-08,-1.2583e-08,8.5731e-09,2.9643e-08,3.8168e-08,-4.1027e-08,-8.9798e-09,-1.2242e-08,-3.2971e-08,-2.1126e-08
-0.04,-0.04,0,0.15708,0.05236,-4.6661e-09,-5.5567e-08,-4.1142e-08,-1.5078e-08,1.0287e-08,1.944e-08,3.867e-08,-3.1313e-08,-6.398e-09,-1.2776e-08,-2.7488e-08,-2.1815e-08
0,-0.04,0,0.15708,0.05236,-9.245e-09,-5.0607e-08,-3.8228e-08,-1.4691e-08,8.112e-09,2.5882e-08,3.5966e-08,-3.4664e-08,-7.3891e-09,-1.327e-08,-3.2376e-08,-1.6323e-08
0.04,-0.04,0,0.15708,0.05236,-1.5416e-08,-4.7842e-08,-3.0333e-08,-1.5336e-08,5.985e-09,3.064e-08,3.1651e-08,-3.4179e-08,-8.5961e-09,-1.2891e-08,-3.8853e-08,-1.3473e-08
-0.08,0,0,0.15708,0.05236,3.3377e-10,-6.2365e-08,-5.3975e-08,-1.9652e-08,9.9179e-09,1.1722e-08,4.1189e-08,-2.6689e-08,-4.6488e-09,-1.3624e-08,-2.154e-08,-1.8544e-08
-0.04,0,0,0.15708,0.05236,-4.5885e-09,-6.1252e-08,-4.7711e-08,-1.925e-08,1.0879e-08,1.5304e-08,3.8546e-08,-2.8629e-08,-4.7804e-09,-1.4289e-08,-2.4398e-08,-1.7165e-08
0,0,0,0.15708,0.05236,-9.0145e-09,-5.6532e-08,-4.0569e-08,-1.8721e-08,7.4566e-09,2.2943e-08,3.3849e-08,-2.846e-08,-5.1621e-09,-1.2963e-08,-3.0478e-08,-1.2104e-08
0.04,0,0,0.15708,0.05236,-1.4897e-08,-5.2073e-08,-3.1886e-08,-1.7657e-08,7.1174e-09,2.7824e-08,2.9369e-08,-2.9201e-08,-4.2758e-09,-1.2358e-08,-3.7722e-08,-1.0004e-08
0.08,0,0,0.15708,0.05236,-2.281e-08,-4.8009e-08,-2.6494e-08,-1.8271e-08,6.2797e-09,3.5315e-08,2.7013e-08,-3.0201e-08,-5.6571e-09,-1.1934e-08,-4.678e-08,-6.3379e-09
-0.04,0.04,0,0.15708,0.05236,-5.8346e-09,-6.255e-08,-5.3965e-08,-2.6948e-08,8.0326e-09,1.3038e-08,3.4778e-08,-2.4429e-08,-1.8011e-09,-1.3737e-08,-2.5451e-08,-1.1862e-08
0,0.04,0,0.15708,0.05236,-8.875e-09,-5.994e-08,-4.3408e-08,-2.3252e-08,7.0406e-09,1.8508e-08,3.011e-08,-2.497e-08,-2.1873e-09,-1.2733e-08,-2.8873e-08,-7.7439e-09
0.04,0.04,0,0.15708,0.05236,-1.4706e-08,-5.3683e-08,-3.6782e-08,-2.295e-08,7.4992e-09,2.3624e-08,2.8273e-08,-2.5219e-08,-3.1451e-09,-1.3652e-08,-3.5012e-08,-7.1877e-09
0,0.08,0,0.15708,0.05236,-9.3739e-09,-5.8382e-08,-4.5757e-08,-3.1648e-08,6.6167e-09,1.5339e-08,3.0737e-08,-2.0642e-08,3.5201e-09,-1.3373e-08,-2.7242e-08,-7.0919e-09
-0.04,-0.04,0.04,0.15708,0.05236,-1.0233e-09,-6.7747e-08,-3.6498e-08,-1.2253e-08,1.7442e-08,1.8975e-08,3.252e-08,-3.0053e-08,-9.9549e-09,-9.1679e-09,-2.7311e-08,-1.5094e-08
0,-0.04,0.04,0.15708,0.05236,-7.3643e-09,-6.2527e-08,-3.3044e-08,-1.2044e-08,1.4676e-08,2.2878e-08,2.9496e-08,-2.8317e-08,-1.0254e-08,-8.5507e-09,-3.21e-08,-1.1646e-08
0.04,-0.04,0.04,0.15708,0.05236,-1.6229e-08,-5.8529e-08,-2.7354e-08,-1.0683e-08,1.2408e-08,2.9169e-08,2.8004e-08,-2.8724e-08,-1.2569e-08,-8.0868e-09,-3.9638e-08,-7.7851e-09
-0.04,0,0.04,0.15708,0.05236,-3.1047e-09,-7.233e-08,-4.0288e-08,-1.587e-08,1.5913e-08,1.583e-08,3.1362e-08,-2.4841e-08,-8.2257e-09,-8.7084e-09,-2.609e-08,-9.7657e-09
0,0,0.04,0.15708,0.05236,-8.6264e-09,-6.4105e-08,-3.5547e-08,-1.4019e-08,1.4259e-08,1.9212e-08,2.881e-08,-2.5069e-08,-9.1267e-09,-8.8877e-09,-3.0005e-08,-8.1541e-09
0.04,0,0.04,0.15708,0.05236,-1.4269e-08,-5.9753e-08,-3.0265e-08,-1.3718e-08,1.1046e-08,2.5368e-08,2.6535e-08,-2.6034e-08,-9.8154e-09,-6.7795e-09,-3.7057e-08,-3.4309e-09
-0.04,0.04,0.04,0.15708,0.05236,-3.0396e-09,-7.7669e-08,-4.677e-08,-1.9665e-08,1.4339e-08,1.2406e-08,3.0412e-08,-2.137e-08,-5.4578e-09,-1.0098e-08,-2.4744e-08,-4.9011e-09
0,0.04,0.04,0.15708,0.05236,-9.0937e-09,-6.7664e-08,-4.0604e-08,-1.7119e-08,1.281e-08,1.5863e-08,2.807e-08,-2.2284e-08,-5.8755e-09,-8.1896e-09,-2.8132e-08,-4.2293e-09
0.04,0.04,0.04,0.15708,0.05236,-1.3892e-08,-6.5891e-08,-3.2889e-08,-1.767e-08,1.1247e-08,2.2462e-08,2.4701e-08,-2.197e-08,-4.0519e-09,-6.3722e-09,-3.4348e-08,-3.5587e-09
0,0,0.08,0.15708,0.05236,-4.909e-09,-8.2965e-08,-3.2154e-08,-7.5196e-09,1.9089e-08,1.8314e-08,2.4225e-08,-2.1606e-08,-1.2902e-08,-3.7165e-09,-3.0689e-08,-1.2349e-09
0,0,-0.08,0.05236,0.10472,-9.4718e-09,-4.1246e-08,-4.4232e-08,-2.8101e-08,-3.3573e-09,2.7661e-08,4.5476e-08,-3.2993e-08,3.2914e-09,-2.7002e-08,-2.7453e-08,-1.5597e-08
-0.04,-0.04,-0.04,0.05236,0.10472,-5.0567e-09,-4.736e-08,-4.1511e-08,-2.2971e-08,7.6676e-10,2.4066e-08,4.5709e-08,-3.4693e-08,-1.3824e-09,-1.8295e-08,-2.6666e-08,-2.0723e-08
0,-0.04,-0.04,0.05236,0.10472,-1.0443e-08,-4.9451e-08,-3.6041e-08,-2.1499e-08,1.9842e-09,3.0074e-08,4.2095e-08,-3.7412e-08,-1.7623e-09,-1.9685e-08,-3.205e-08,-1.7518e-08
0.04,-0.04,-0.04,0.05236,0.10472,-1.6475e-08,-4.2913e-08,-2.7734e-08,-2.155e-08,2.0605e-09,4.0689e-08,3.6169e-08,-3.7869e-08,-1.1353e-09,-2.1458e-08,-3.7727e-08,-1.2851e-08
-0.04,0,-0.04,0.05236,0.10472,-4.9614e-09,-5.163e-08,-4.8577e-08,-2.7069e-08,-6.3093e-10,1.848e-08,4.4622e-08,-2.7704e-08,1.2012e-09,-2.0558e-08,-2.5188e-08,-1.4605e-08
0,0,-0.04,0.05236,0.10472,-1.027e-08,-4.9051e-08,-4.1968e-08,-2.7372e-08,4.4916e-10,2.6221e-08,4.096e-08,-3.1321e-08,1.1216e-09,-1.9438e-08,-3.0414e-08,-1.1294e-08
0.04,0,-0.04,0.05236,0.10472,-1.3626e-08,-4.4407e-08,-3.5e-08,-2.4237e-08,1.5509e-09,3.4544e-08,3.526e-08,-3.0719e-08,1.6866e-09,-2.2488e-08,-3.6409e-08,-8.7528e-09
-0.04,0.04,-0.04,0.05236,0.10472,-5.4396e-09,-5.2438e-08,-5.511e-08,-3.5458e-08,-9.5711e-10,1.529e-08,4.0591e-08,-2.4717e-08,3.646e-09,-2.2059e-08,-2.5218e-08,-9.3567e-09
0,0.04,-0.04,0.05236,0.10472,-8.9429e-09,-4.8855e-08,-4.7089e-08,-3.3247e-08,1.0135e-09,2.1175e-08,3.7717e-08,-2.4216e-08,4.0724e-09,-2.1782e-08,-2.874e-08,-1.0036e-08
0.04,0.04,-0.04,0.05236,0.10472,-1.3321e-08,-4.7217e-08,-3.6639e-08,-3.0954e-08,1.0781e-09,2.782e-08,3.1803e-08,-2.5229e-08,5.2228e-09,-2.7303e-08,-3.5662e-08,-6.8066e-09
0,-0.08,0,0.05236,0.10472,-9.6926e-09,-5.2257e-08,-2.9099e-08,-1.5855e-08,6.0183e-09,3.0321e-08,3.5949e-08,-3.871e-08,-6.8786e-09,-1.3892e-08,-3.307e-08,-1.7312e-08
-0.04,-0.04,0,0.05236,0.10472,-3.4745e-09,-5.7238e-08,-3.7934e-08,-1.9154e-08,7.802e-09,2.0535e-08,4.0569e-08,-2.9747e-08,-3.9461e-09,-1.4485e-08,-2.7528e-08,-1.5224e-08
0,-0.04,0,0.05236,0.10472,-1.0009e-08,-5.8456e-08,-3.454e-08,-1.9912e-08,5.4286e-09,2.767e-08,3.6461e-08,-3.1655e-08,-4.8197e-09,-1.5623e-08,-3.237e-08,-1.2732e-08
0.04,-0.04,0,0.05236,0.10472,-1.6908e-08,-5.2691e-08,-2.8327e-08,-1.9162e-08,6.1892e-09,3.3561e-08,3.2361e-08,-3.1624e-08,-6.2109e-09,-1.6208e-08,-4.0277e-08,-8.2722e-09
-0.08,0,0,0.05236,0.10472,-8.8267e-10,-6.3231e-08,-5.2564e-08,-2.6254e-08,8.9615e-09,1.2758e-08,4.2599e-08,-2.4827e-08,-1.7181e-09,-1.4997e-08,-2.1723e-08,-1.1169e-08
-0.04,0,0,0.05236,0.10472,-3.8652e-09,-5.8542e-08,-4.3015e-08,-2.5555e-08,8.3062e-09,1.9423e-08,3.6821e-08,-2.55e-08,-8.8945e-10,-1.5294e-08,-2.5349e-08,-8.8318e-09
0,0,0,0.05236,0.10472,-9.8537e-09,-5.7271e-08,-3.7518e-08,-2.4318e-08,6.0563e-09,2.4638e-08,3.4007e-08,-2.777e-08,-1.6364e-09,-1.5136e-08,-3.0484e-08,-7.116e-09
0.04,0,0,0.05236,0.10472,-1.4687e-08,-5.2066e-08,-3.2123e-08,-2.2792e-08,6.6646e-09,2.9608e-08,3.1748e-08,-2.7279e-08,-2.6475e-09,-1.5329e-08,-3.7787e-08,-6.4069e-09
0.08,0,0,0.05236,0.10472,-2.1373e-08,-4.8857e-08,-2.6631e-08,-2.19e-08,5.1479e-09,3.5554e-08,2.7056e-08,-2.803e-08,8.1399e-11,-1.4455e-08,-4.8065e-08,-4.522e-09
-0.04,0.04,0,0.05236,0.10472,-3.9542e-09,-6.4705e-08,-5.0001e-08,-3.2278e-08,6.2328e-09,1.5267e-08,3.4486e-08,-2.1967e-08,2.0127e-09,-1.5504e-08,-2.4951e-08,-6.3772e-09
0,0.04,0,0.05236,0.10472,-7.9585e-09,-5.9071e-08,-4.3508e-08,-2.9884e-08,6.9408e-09,1.9386e-08,3.1744e-08,-2.2994e-08,2.6928e-09,-1.6329e-08,-2.8968e-08,-5.4345e-09
0.04,0.04,0,0.05236,0.10472,-1.4276e-08,-5.4718e-08,-3.5443e-08,-2.7086e-08,4.8799e-09,2.5691e-08,2.7897e-08,-2.3371e-08,3.2458e-09,-1.6412e-08,-3.6734e-08,-3.701e-09
0,0.08,0,0.05236,0.10472,-8.5745e-09,-5.9512e-08,-4.6233e-08,-3.8205e-08,7.2531e-09,1.7189e-08,2.9608e-08,-1.9551e-08,7.4535e-09,-1.5654e-08,-2.7223e-08,-2.8995e-09
-0.04,-0.04,0.04,0.05236,0.10472,-7.8812e-10,-6.8334e-08,-3.5039e-08,-1.5846e-08,1.3665e-08,1.9407e-08,3.3258e-08,-2.7092e-08,-6.2907e-09,-1.0745e-08,-2.7346e-08,-8.0706e-09
0,-0.04,0.04,0.05236,0.10472,-8.9653e-09,-6.7399e-08,-3.1763e-08,-1.7598e-08,1.212e-08,2.4353e-08,2.9709e-08,-2.6564e-08,-7.8838e-09,-1.127e-08,-3.2913e-08,-5.3837e-09
0.04,-0.04,0.04,0.05236,0.10472,-1.6785e-08,-5.9481e-08,-2.6389e-08,-1.5593e-08,1.0397e-08,3.1015e-08,2.7781e-08,-2.7599e-08,-9.1307e-09,-9.8365e-09,-3.9055e-08,-3.366e-09
-0.04,0,0.04,0.05236,0.10472,-7.6555e-10,-7.3183e-08,-4.1735e-08,-1.9418e-08,1.4503e-08,1.7169e-08,3.0967e-08,-2.247e-08,-4.1126e-09,-1.1577e-08,-2.5832e-08,-4.2568e-09
0,0,0.04,0.05236,0.10472,-8.1193e-09,-7.382e-08,-3.58e-08,-1.9425e-08,1.2562e-08,2.3416e-08,2.9316e-08,-2.3346e-08,-4.4248e-09,-1.1696e-08,-3.1356e-08,-1.785e-09
0.04,0,0.04,0.05236,0.10472,-1.5781e-08,-5.9681e-08,-3.0369e-08,-1.841e-08,1.0909e-08,2.9389e-08,2.5718e-08,-2.3701e-08,-5.6355e-09,-9.7411e-09,-3.6986e-08,-1.5937e-09
-0.04,0.04,0.04,0.05236,0.10472,-2.3891e-09,-7.3806e-08,-4.3242e-08,-2.7681e-08,1.4559e-08,1.5073e-08,2.9186e-08,-1.8559e-08,-1.5181e-09,-1.2644e-08,-2.5918e-08,-3.8193e-10
0,0.04,0.04,0.05236,0.10472,-7.9732e-09,-7.2843e-08,-3.6331e-08,-2.7098e-08,1.3601e-08,1.9021e-08,2.727e-08,-2.0377e-08,-1.4085e-09,-1.1109e-08,-3.0095e-08,-5.312e-10
0.04,0.04,0.04,0.05236,0.10472,-1.3194e-08,-6.7139e-08,-3.2191e-08,-2.3833e-08,1.0613e-08,2.477e-08,2.4989e-08,-1.9748e-08,-7.7824e-10,-1.0286e-08,-3.6697e-08,-1.1603e-10
0,0,0.08,0.05236,0.10472,-6.029e-09,-8.1692e-08,-3.2502e-08,-1.4878e-08,1.5969e-08,1.9967e-08,2.3438e-08,-1.8761e-08,-9.2671e-09,-6.1886e-09,-2.8774e-08,2.4129e-09
0,0,-0.08,0.10472,0.10472,-1.0722e-08,-3.9807e-08,-4.3312e-08,-2.6607e-08,-3.3666e-09,2.5225e-08,4.3714e-08,-3.2799e-08,2.1051e-09,-2.5539e-08,-2.8351e-08,-1.6937e-08
-0.04,-0.04,-0.04,0.10472,0.10472,-5.0104e-09,-4.6288e-08,-4.2785e-08,-1.9478e-08,1.1803e-09,1.9954e-08,4.8671e-08,-3.5593e-08,-3.3627e-09,-1.6592e-08,-2.7203e-08,-2.2786e-08
0,-0.04,-0.04,0.10472,0.10472,-1.0394e-08,-4.6237e-08,-3.6004e-08,-2.0141e-08,2.5754e-09,2.9826e-08,4.2849e-08,-3.9059e-08,-3.0574e-09,-1.8763e-08,-3.2053e-08,-1.7441e-08
0.04,-0.04,-0.04,0.10472,0.10472,-1.4682e-08,-4.2742e-08,-3.0458e-08,-1.8511e-08,2.8989e-09,3.8531e-08,3.7976e-08,-3.9918e-08,-2.484e-09,-1.9553e-08,-4.0007e-08,-1.3891e-08
-0.04,0,-0.04,0.10472,0.10472,-6.2564e-09,-5.1567e-08,-5.0172e-08,-2.6465e-08,2.0203e-09,1.7143e-08,4.6379e-08,-2.9133e-08,-7.0183e-10,-2.0767e-08,-2.4906e-08,-1.6779e-08
0,0,-0.04,0.10472,0.10472,-1.0622e-08,-4.6159e-08,-4.3852e-08,-2.4276e-08,2.2917e-09,2.5213e-08,4.0366e-08,-3.0391e-08,6.2192e-10,-2.0137e-08,-3.1047e-08,-1.4156e-08
0.04,0,-0.04,0.10472,0.10472,-1.5638e-08,-4.4621e-08,-3.2774e-08,-2.2926e-08,2.9962e-09,3.0861e-08,3.5313e-08,-3.0756e-08,-8.7397e-10,-2.1044e-08,-3.846e-08,-1.09e-08
-0.04,0.04,-0.04,0.10472,0.10472,-5.5028e-09,-4.9944e-08,-5.9977e-08,-3.14e-08,1.9262e-09,1.3665e-08,4.1039e-08,-2.4701e-08,2.6074e-09,-2.122e-08,-2.3833e-08,-1.1576e-08
0,0.04,-0.04,0.10472,0.10472,-9.8571e-09,-5.2474e-08,-4.7376e-08,-3.2049e-08,1.5817e-09,2.1275e-08,3.796e-08,-2.5759e-08,1.9714e-09,-2.207e-08,-2.8965e-08,-1.0836e-08
0.04,0.04,-0.04,0.10472,0.10472,-1.389e-08,-4.7396e-08,-3.8345e-08,-3.0123e-08,2.3138e-09,2.6019e-08,3.313e-08,-2.7317e-08,3.582e-09,-2.2657e-08,-3.5383e-08,-8.7647e-09
0,-0.08,0,0.10472,0.10472,-9.1297e-09,-4.9241e-08,-2.9041e-08,-1.4278e-08,9.0368e-09,2.7661e-08,3.777e-08,-3.8778e-08,-7.3997e-09,-1.3752e-08,-3.6233e-08,-1.8107e-08
-0.04,-0.04,0,0.10472,0.10472,-4.9562e-09,-5.4734e-08,-3.9552e-08,-1.7383e-08,8.7903e-09,1.9789e-08,3.9986e-08,-3.356e-08,-4.9306e-09,-1.3546e-08,-2.724e-08,-1.8915e-08
0,-0.04,0,0.10472,0.10472,-9.7377e-09,-5.3395e-08,-3.3817e-08,-1.6631e-08,8.2725e-09,2.509e-08,3.5316e-08,-3.3909e-08,-6.2465e-09,-1.3285e-08,-3.156e-08,-1.4916e-08
0.04,-0.04,0,0.10472,0.10472,-1.6239e-08,-5.1121e-08,-2.9325e-08,-1.6685e-08,6.9166e-09,3.416e-08,3.1181e-08,-3.3371e-08,-7.5063e-09,-1.3973e-08,-3.8874e-08,-9.8125e-09
-0.08,0,0,0.10472,0.10472,-4.822e-10,-6.2155e-08,-5.4304e-08,-2.2917e-08,8.9152e-09,1.0944e-08,4.2901e-08,-2.633e-08,-3.3074e-09,-1.3949e-08,-2.2149e-08,-1.451e-08
-0.04,0,0,0.10472,0.10472,-4.4464e-09,-5.8638e-08,-4.658e-08,-2.3058e-08,8.1452e-09,1.6094e-08,3.7636e-08,-2.5892e-08,-2.9559e-09,-1.3694e-08,-2.5544e-08,-1.3284e-08
0,0,0,0.10472,0.10472,-9.2442e-09,-5.8534e-08,-3.7483e-08,-1.9923e-08,7.4976e-09,2.3349e-08,3.5135e-08,-2.8355e-08,-3.6944e-09,-1.6091e-08,-3.0527e-08,-1.0913e-08
0.04,0,0,0.10472,0.10472,-1.5003e-08,-5.1474e-08,-3.2129e-08,-2.0318e-08,6.9025e-09,2.8128e-08,3.0473e-08,-2.8612e-08,-3.9907e-09,-1.5629e-08,-3.8219e-08,-8.0094e-09
0.08,0,0,0.10472,0.10472,-2.4037e-08,-4.807e-08,-2.6225e-08,-1.9104e-08,5.7976e-09,3.7188e-08,2.7388e-08,-2.8978e-08,-3.4508e-09,-1.2492e-08,-4.6051e-08,-5.2213e-09
-0.04,0.04,0,0.10472,0.10472,-4.0579e-09,-6.3686e-08,-5.0141e-08,-2.9524e-08,9.6894e-09,1.3766e-08,3.5131e-08,-2.2738e-08,4.2849e-10,-1.5063e-08,-2.4585e-08,-9.8894e-09
0,0.04,0,0.10472,0.10472,-8.7873e-09,-5.9222e-08,-4.4993e-08,-2.896e-08,7.0465e-09,1.9137e-08,3.1317e-08,-2.3812e-08,1.4389e-09,-1.4919e-08,-2.8497e-08,-6.2218e-09
0.04,0.04,0,0.10472,0.10472,-1.2931e-08,-5.3023e-08,-3.5686e-08,-2.3436e-08,6.8804e-09,2.5181e-08,2.8856e-08,-2.4067e-08,2.0964e-09,-1.5756e-08,-3.632e-08,-5.4552e-09
0,0.08,0,0.10472,0.10472,-8.1039e-09,-5.864e-08,-4.7574e-08,-3.3849e-08,6.7881e-09,1.6035e-08,2.9248e-08,-2.1143e-08,5.3311e-09,-1.6616e-08,-2.7045e-08,-4.7364e-09
-0.04,-0.04,0.04,0.10472,0.10472,-1.7343e-09,-6.8087e-08,-3.701e-08,-1.5549e-08,1.4916e-08,1.8096e-08,3.4195e-08,-2.7369e-08,-7.7384e-09,-1.0117e-08,-2.7953e-08,-9.8226e-09
0,-0.04,0.04,0.10472,0.10472,-8.1834e-09,-6.4169e-08,-3.254e-08,-1.3422e-08,1.3405e-08,2.302e-08,2.9723e-08,-2.7166e-08,-9.8489e-09,-9.4654e-09,-3.0954e-08,-7.1531e-09
0.04,-0.04,0.04,0.10472,0.10472,-1.5008e-08,-5.8971e-08,-2.729e-08,-1.2528e-08,1.1434e-08,2.7953e-08,2.7547e-08,-2.905e-08,-1.056e-08,-8.6281e-09,-3.8292e-08,-5.7054e-09
-0.04,0,0.04,0.10472,0.10472,-1.767e-09,-7.4469e-08,-4.2278e-08,-1.8205e-08,1.8051e-08,1.6774e-08,3.0695e-08,-2.3365e-08,-6.7134e-09,-1.0272e-08,-2.487e-08,-8.4531e-09
0,0,0.04,0.10472,0.10472,-8.2891e-09,-6.8843e-08,-3.6826e-08,-1.6091e-08,1.4774e-08,2.096e-08,2.9241e-08,-2.2922e-08,-6.1969e-09,-1.0121e-08,-2.9941e-08,-5.5067e-09
0.04,0,0.04,0.10472,0.10472,-1.467e-08,-6.2902e-08,-2.8728e-08,-1.5891e-08,1.1597e-08,2.4523e-08,2.567e-08,-2.4532e-08,-9.6715e-09,-7.4664e-09,-3.6286e-08,-4.4657e-09
-0.04,0.04,0.04,0.10472,0.10472,-3.3088e-09,-8.149e-08,-4.6787e-08,-2.3134e-08,1.5468e-08,1.4021e-08,2.9764e-08,-2.0125e-08,-3.2662e-09,-1.1056e-08,-2.3923e-08,-4.8692e-09
0,0.04,0.04,0.10472,0.10472,-7.8884e-09,-7.0987e-08,-4.0316e-08,-2.1276e-08,1.4416e-08,1.8791e-08,2.7855e-08,-2.0942e-08,-4.5959e-09,-9.8835e-09,-2.9085e-08,-1.1563e-09
0.04,0.04,0.04,0.10472,0.10472,-1.4141e-08,-6.2702e-08,-3.4297e-08,-1.8665e-08,1.2112e-08,2.3934e-08,2.5161e-08,-2.1618e-08,-3.4431e-09,-7.1066e-09,-3.4105e-08,-1.8963e-09
0,0,0.08,0.10472,0.10472,-6.0799e-09,-8.2182e-08,-3.2385e-08,-1.0347e-08,1.8603e-08,1.9663e-08,2.4667e-08,-2.0253e-08,-1.1055e-08,-4.5054e-09,-2.9675e-08,2.0289e-09
0,0,-0.08,0.15708,0.10472,-1.0755e-08,-4.112e-08,-4.5559e-08,-2.5038e-08,-1.7131e-09,2.5134e-08,4.7902e-08,-3.3942e-08,-2.5342e-10,-2.4496e-08,-2.7222e-08,-1.8245e-08
-0.04,-0.04,-0.04,0.15708,0.10472,-6.5172e-09,-4.7508e-08,-4.5359e-08,-1.807e-08,4.4519e-09,1.9147e-08,4.5806e-08,-3.7375e-08,-3.8691e-09,-1.6233e-08,-2.5787e-08,-2.3023e-08
0,-0.04,-0.04,0.15708,0.10472,-1.0479e-08,-4.5258e-08,-3.8483e-08,-1.7114e-08,3.3246e-09,2.6194e-08,3.9158e-08,-3.6227e-08,-3.8339e-09,-1.766e-08,-3.0312e-08,-2.0326e-08
0.04,-0.04,-0.04,0.15708,0.10472,-1.6662e-08,-4.3639e-08,-3.0874e-08,-1.6715e-08,4.0195e-09,3.7672e-08,3.6888e-08,-3.8251e-08,-5.878e-09,-1.8925e-08,-3.8944e-08,-1.5912e-08
-0.04,0,-0.04,0.15708,0.10472,-5.195e-09,-4.9648e-08,-5.4515e-08,-2.4024e-08,3.3966e-09,1.5789e-08,4.5567e-08,-3.0195e-08,-2.2763e-09,-1.8243e-08,-2.4963e-08,-1.981e-08
0,0,-0.04,0.15708,0.10472,-1.047e-08,-4.81e-08,-4.4914e-08,-2.2599e-08,4.0052e-09,2.4228e-08,4.0589e-08,-3.1674e-08,-2.7184e-09,-1.9628e-08,-3.0294e-08,-1.5151e-08
0.04,0,-0.04,0.15708,0.10472,-1.7135e-08,-4.4955e-08,-3.3831e-08,-2.0963e-08,3.2737e-09,3.2728e-08,3.4917e-08,-3.2312e-08,-1.71e-09,-2.0443e-08,-3.551e-08,-1.2372e-08
-0.04,0.04,-0.04,0.15708,0.10472,-6.4007e-09,-5.1023e-08,-6.255e-08,-3.0051e-08,2.6742e-09,1.4459e-08,4.0343e-08,-2.4859e-08,9.0497e-10,-1.9575e-08,-2.2479e-08,-1.5591e-08
0,0.04,-0.04,0.15708,0.10472,-1.011e-08,-4.8843e-08,-5.1447e-08,-2.6802e-08,2.4526e-09,1.8019e-08,3.7894e-08,-2.6895e-08,1.6943e-09,-1.9471e-08,-2.8618e-08,-1.2871e-08
0.04,0.04,-0.04,0.15708,0.10472,-1.4687e-08,-4.5757e-08,-4.0709e-08,-2.7165e-08,1.1675e-09,2.543e-08,3.2006e-08,-2.7571e-08,-1.1642e-10,-2.0742e-08,-3.5378e-08,-8.8396e-09
0,-0.08,0,0.15708,0.10472,-1.0189e-08,-4.8398e-08,-3.0518e-08,-1.1794e-08,8.8992e-09,2.7958e-08,3.7336e-08,-4.1214e-08,-9.116e-09,-1.1579e-08,-3.2349e-08,-2.1306e-08
-0.04,-0.04,0,0.15708,0.10472,-4.6501e-09,-5.6674e-08,-4.0584e-08,-1.6256e-08,1.1384e-08,1.6996e-08,4.1923e-08,-3.1925e-08,-7.289e-09,-1.2739e-08,-2.652e-08,-1.8729e-08
0,-0.04,0,0.15708,0.10472,-1.1021e-08,-5.5686e-08,-3.6993e-08,-1.5498e-08,9.4255e-09,2.4643e-08,3.7132e-08,-3.7515e-08,-7.5137e-09,-1.293e-08,-3.2605e-08,-1.5961e-08
0.04,-0.04,0,0.15708,0.10472,-1.6268e-08,-5.1054e-08,-3.1636e-08,-1.414e-08,7.8577e-09,3.3328e-08,3.1832e-08,-3.6612e-08,-7.9349e-09,-1.1398e-08,-3.9855e-08,-1.1984e-08
-0.08,0,0,0.15708,0.10472,-5.4081e-10,-6.1692e-08,-5.2545e-08,-2.1525e-08,1.2378e-08,1.1116e-08,4.0923e-08,-2.5898e-08,-4.3165e-09,-1.3537e-08,-2.1968e-08,-1.7978e-08
-0.04,0,0,0.15708,0.10472,-4.9017e-09,-5.9477e-08,-4.8949e-08,-1.9443e-08,9.1905e-09,1.6155e-08,3.9614e-08,-2.8576e-08,-4.4785e-09,-1.311e-08,-2.5608e-08,-1.5044e-08
0,0,0,0.15708,0.10472,-9.6694e-09,-5.6151e-08,-3.8184e-08,-1.8137e-08,9.4232e-09,2.1353e-08,3.4331e-08,-2.9052e-08,-4.4235e-09,-1.4459e-08,-3.1586e-08,-1.0547e-08
0.04,0,0,0.15708,0.10472,-1.5555e-08,-5.3242e-08,-3.4203e-08,-1.6741e-08,7.3364e-09,2.7128e-08,2.965e-08,-3.0258e-08,-5.6867e-09,-1.4991e-08,-3.6389e-08,-9.0559e-09
0.08,0,0,0.15708,0.10472,-2.0759e-08,-4.7176e-08,-2.7468e-08,-1.7342e-08,7.1877e-09,3.3274e-08,2.6708e-08,-3.069e-08,-7.1999e-09,-1.2011e-08,-4.3471e-08,-6.868e-09
-0.04,0.04,0,0.15708,0.10472,-4.4925e-09,-6.0966e-08,-5.2968e-08,-2.3225e-08,8.9527e-09,1.3473e-08,3.4877e-08,-2.4e-08,-8.304e-10,-1.5743e-08,-2.4038e-08,-1.155e-08
0,0.04,0,0.15708,0.10472,-9.2011e-09,-5.9383e-08,-4.3186e-08,-2.5061e-08,7.4804e-09,1.879e-08,3.213e-08,-2.5124e-08,-1.3423e-09,-1.3483e-08,-2.8644e-08,-9.3679e-09
0.04,0.04,0,0.15708,0.10472,-1.4303e-08,-5.7136e-08,-3.6166e-08,-2.2829e-08,7.452e-09,2.3501e-08,2.8366e-08,-2.4311e-08,-5.2495e-10,-1.4957e-08,-3.5661e-08,-6.4755e-09
0,0.08,0,0.15708,0.10472,-9.2754e-09,-6.1817e-08,-4.7726e-08,-3.0932e-08,7.7656e-09,1.2921e-08,2.8719e-08,-2.2258e-08,2.4247e-09,-1.4311e-08,-2.6254e-08,-7.1168e-09
-0.04,-0.04,0.04,0.15708,0.10472,-3.055e-09,-6.688e-08,-3.9805e-08,-1.2627e-08,1.8341e-08,1.848e-08,3.3436e-08,-2.7529e-08,-9.628e-09,-9.6131e-09,-2.6311e-08,-1.4912e-08
0,-0.04,0.04,0.15708,0.10472,-9.8003e-09,-6.5688e-08,-3.2626e-08,-1.2658e-08,1.4737e-08,2.2425e-08,3.0995e-08,-2.8909e-08,-1.2094e-08,-9.2292e-09,-3.2984e-08,-1.0754e-08
0.04,-0.04,0.04,0.15708,0.10472,-1.7244e-08,-5.6721e-08,-2.9281e-08,-1.1253e-08,1.2157e-08,2.8368e-08,2.7688e-08,-2.9999e-08,-1.2908e-08,-7.4527e-09,-3.7724e-08,-7.6956e-09
-0.04,0,0.04,0.15708,0.10472,-1.7098e-09,-7.1217e-08,-4.1141e-08,-1.3922e-08,1.6217e-08,1.535e-08,3.298e-08,-2.5343e-08,-7.6144e-09,-1.0254e-08,-2.5822e-08,-1.1124e-08
0,0,0.04,0.15708,0.10472,-1.0086e-08,-6.7491e-08,-3.6213e-08,-1.3998e-08,1.3562e-08,2.0443e-08,2.9666e-08,-2.4712e-08,-9.0675e-09,-8.9547e-09,-3.177e-08,-6.6302e-09
0.04,0,0.04,0.15708,0.10472,-1.5688e-08,-6.1965e-08,-3.0714e-08,-1.4928e-08,1.0841e-08,2.5182e-08,2.6291e-08,-2.6038e-08,-1.0515e-08,-6.228e-09,-3.6285e-08,-5.6028e-09
-0.04,0.04,0.04,0.15708,0.10472,-4.0422e-09,-7.9265e-08,-4.6912e-08,-1.8789e-08,1.5828e-08,1.1956e-08,3.1381e-08,-2.0873e-08,-5.1258e-09,-8.915e-09,-2.4332e-08,-6.7364e-09
0,0.04,0.04,0.15708,0.10472,-8.654e-09,-7.1598e-08,-3.853e-08,-1.8741e-08,1.4161e-08,1.8882e-08,2.737e-08,-2.3017e-08,-5.6034e-09,-7.5869e-09,-2.7864e-08,-4.4525e-09
0.04,0.04,0.04,0.15708,0.10472,-1.5389e-08,-6.1297e-08,-3.4021e-08,-1.726e-08,1.0574e-08,2.2848e-08,2.6479e-08,-2.2264e-08,-5.086e-09,-7.4788e-09,-3.6777e-08,-3.5906e-09
0,0,0.08,0.15708,0.10472,-7.864e-09,-8.1564e-08,-3.2501e-08,-7.9528e-09,1.9088e-08,1.7804e-08,2.4962e-08,-2.1885e-08,-1.447e-08,-5.3719e-09,-3.0958e-08,-1.7458e-09
0,0,-0.08,0.05236,0.15708,-1.052e-08,-4.1577e-08,-4.3422e-08,-2.8746e-08,-4.6777e-09,2.8777e-08,4.5778e-08,-3.2751e-08,4.0235e-09,-2.6831e-08,-2.8783e-08,-1.4631e-08
-0.04,-0.04,-0.04,0.05236,0.15708,-4.9039e-09,-5.0092e-08,-4.0501e-08,-2.2986e-08,1.5566e-10,2.093e-08,4.7435e-08,-3.4366e-08,-1.5822e-09,-1.9105e-08,-2.6424e-08,-1.9887e-08
0,-0.04,-0.04,0.05236,0.15708,-1.0443e-08,-4.6767e-08,-3.6028e-08,-2.2633e-08,2.7397e-09,3.1803e-08,4.3033e-08,-3.6292e-08,-1.8153e-09,-1.9672e-08,-3.2658e-08,-1.6037e-08
0.04,-0.04,-0.04,0.05236,0.15708,-1.633e-08,-4.4095e-08,-2.7504e-08,-2.0572e-08,2.6725e-09,3.9398e-08,3.7158e-08,-3.7597e-08,-2.08e-09,-1.8607e-08,-3.9007e-08,-1.2764e-08
-0.04,0,-0.04,0.05236,0.15708,-5.5913e-09,-4.9276e-08,-4.8656e-08,-2.9227e-08,-1.4281e-10,1.7193e-08,4.3201e-08,-2.9793e-08,1.4006e-09,-2.0569e-08,-2.6214e-08,-1.3608e-08
0,0,-0.04,0.05236,0.15708,-1.0009e-08,-4.9956e-08,-4.1523e-08,-2.682e-08,2.5288e-09,2.524e-08,3.9319e-08,-3.0127e-08,1.2977e-09,-2.1388e-08,-3.0587e-08,-1.1651e-08
0.04,0,-0.04,0.05236,0.15708,-1.4426e-08,-4.5596e-08,-3.2854e-08,-2.631e-08,1.7998e-09,3.1932e-08,3.4485e-08,-2.9914e-08,2.1415e-09,-2.3121e-08,-3.6552e-08,-9.2945e-09
-0.04,0.04,-0.04,0.05236,0.15708,-5.7801e-09,-4.9711e-08,-6.0371e-08,-3.5655e-08,-1.6805e-09,1.6381e-08,4.2196e-08,-2.4856e-08,3.7053e-09,-2.3299e-08,-2.4639e-08,-1.0859e-08
0,0.04,-0.04,0.05236,0.15708,-9.9178e-09,-5.149e-08,-4.549e-08,-3.4486e-08,1.8147e-09,2.089e-08,3.7363e-08,-2.3364e-08,5.2218e-09,-2.4399e-08,-2.9105e-08,-8.6456e-09
0.04,0.04,-0.04,0.05236,0.15708,-1.2861e-08,-4.7164e-08,-3.5789e-08,-3.2859e-08,1.6618e-09,2.7242e-08,3.2769e-08,-2.5781e-08,7.1816e-09,-2.5835e-08,-3.522e-08,-7.2577e-09
0,-0.08,0,0.05236,0.15708,-9.8064e-09,-5.16e-08,-2.8924e-08,-1.5416e-08,6.6883e-09,2.9083e-08,3.5907e-08,-3.8116e-08,-6.0984e-09,-1.3977e-08,-3.3801e-08,-1.4877e-08
-0.04,-0.04,0,0.05236,0.15708,-3.343e-09,-5.8548e-08,-3.8945e-08,-1.9752e-08,7.0544e-09,1.9531e-08,3.877e-08,-3.0358e-08,-3.422e-09,-1.4787e-08,-2.714e-08,-1.5964e-08
0,-0.04,0,0.05236,0.15708,-8.9936e-09,-5.488e-08,-3.262e-08,-1.8679e-08,6.9219e-09,2.7031e-08,3.6451e-08,-3.0977e-08,-4.5375e-09,-1.5058e-08,-3.2136e-08,-1.2539e-08
0.04,-0.04,0,0.05236,0.15708,-1.6153e-08,-5.181e-08,-2.7731e-08,-1.8352e-08,6.5074e-09,3.6233e-08,3.1946e-08,-3.3335e-08,-6.1029e-09,-1.4645e-08,-3.8783e-08,-8.2346e-09
-0.08,0,0,0.05236,0.15708,-6.9432e-10,-6.2992e-08,-5.0973e-08,-2.4963e-08,7.5213e-09,1.2082e-08,4.113e-08,-2.4955e-08,-1.535e-09,-1.5313e-08,-2.1879e-08,-1.2106e-08
-0.04,0,0,0.05236,0.15708,-4.9589e-09,-6.2051e-08,-4.3322e-08,-2.3731e-08,8.3319e-09,1.8667e-08,3.6064e-08,-2.5812e-08,-1.5233e-09,-1.4675e-08,-2.5184e-08,-9.7777e-09
0,0,0,0.05236,0.15708,-1.0144e-08,-5.8563e-08,-3.9518e-08,-2.4189e-08,8.0217e-09,2.3461e-08,3.441e-08,-2.6639e-08,-1.6701e-09,-1.5785e-08,-3.193e-08,-7.6718e-09
0.04,0,0,0.05236,0.15708,-1.3496e-08,-5.4582e-08,-3.1266e-08,-2.3144e-08,5.914e-09,3.266e-08,2.9965e-08,-2.6722e-08,-1.6264e-09,-1.7218e-08,-3.8492e-08,-5.3181e-09
0.08,0,0,0.05236,0.15708,-2.0791e-08,-4.9511e-08,-2.604e-08,-2.0632e-08,5.2851e-09,3.9167e-08,2.652e-08,-2.7685e-08,-1.5544e-09,-1.6149e-08,-4.6692e-08,-3.6263e-09
-0.04,0.04,0,0.05236,0.15708,-4.8595e-09,-6.2803e-08,-5.1844e-08,-2.84e-08,8.2453e-09,1.5692e-08,3.4403e-08,-2.2726e-08,1.4868e-09,-1.6673e-08,-2.5412e-08,-8.4276e-09
0,0.04,0,0.05236,0.15708,-8.7939e-09,-6.015e-08,-4.2816e-08,-3.2441e-08,5.419e-09,2.004e-08,3.0998e-08,-2.2766e-08,2.4648e-09,-1.7688e-08,-3.0097e-08,-5.3777e-09
0.04,0.04,0,0.05236,0.15708,-1.3085e-08,-5.6651e-08,-3.451e-08,-2.6908e-08,6.5476e-09,2.5578e-08,2.9122e-08,-2.285e-08,2.0733e-09,-1.7324e-08,-3.5106e-08,-3.3523e-09
0,0.08,0,0.05236,0.15708,-8.1124e-09,-6.3392e-08,-4.8509e-08,-4.0605e-08,6.4484e-09,1.6187e-08,2.9698e-08,-1.9692e-08,7.1687e-09,-1.7555e-08,-2.8386e-08,-3.1485e-09
-0.04,-0.04,0.04,0.05236,0.15708,-2.0714e-09,-7.0272e-08,-3.6154e-08,-1.6521e-08,1.4387e-08,1.9197e-08,3.2511e-08,-2.6556e-08,-6.3513e-09,-1.1029e-08,-2.7055e-08,-8.3593e-09
0,-0.04,0.04,0.05236,0.15708,-7.5543e-09,-6.3792e-08,-3.1305e-08,-1.6558e-08,1.2582e-08,2.4964e-08,2.9511e-08,-2.7263e-08,-7.7239e-09,-1.1546e-08,-3.2393e-08,-5.2321e-09
0.04,-0.04,0.04,0.05236,0.15708,-1.8386e-08,-5.8843e-08,-2.8023e-08,-1.5365e-08,9.5201e-09,2.8864e-08,2.7006e-08,-2.7566e-08,-8.6762e-09,-1.0301e-08,-3.7544e-08,-3.5039e-09
-0.04,0,0.04,0.05236,0.15708,-2.5672e-09,-7.2952e-08,-3.9385e-08,-2.0951e-08,1.4224e-08,1.7083e-08,3.1244e-08,-2.2924e-08,-4.0304e-09,-1.1528e-08,-2.5992e-08,-3.1691e-09
0,0,0.04,0.05236,0.15708,-8.8519e-09,-6.7594e-08,-3.4839e-08,-1.953e-08,1.2399e-08,2.2504e-08,2.8256e-08,-2.158e-08,-5.334e-09,-1.1314e-08,-3.1909e-08,-2.2914e-09
0.04,0,0.04,0.05236,0.15708,-1.5012e-08,-6.3258e-08,-2.9991e-08,-1.8832e-08,1.0092e-08,2.6775e-08,2.5695e-08,-2.4817e-08,-5.0861e-09,-1.073e-08,-3.7498e-08,-1.7984e-09
-0.04,0.04,0.04,0.05236,0.15708,-2.945e-09,-7.922e-08,-4.477e-08,-2.5759e-08,1.3529e-08,1.5155e-08,2.9984e-08,-1.8647e-08,-1.535e-09,-1.1576e-08,-2.5386e-08,-3.3607e-10
0,0.04,0.04,0.05236,0.15708,-7.4417e-09,-7.2357e-08,-3.9555e-08,-2.4624e-08,1.1926e-08,1.8644e-08,2.7065e-08,-2.0538e-08,-1.327e-09,-1.1997e-08,-3.0235e-08,-1.251e-09
0.04,0.04,0.04,0.05236,0.15708,-1.3691e-08,-6.6569e-08,-3.2641e-08,-2.2494e-08,1.0386e-08,2.3614e-08,2.5221e-08,-1.9833e-08,-1.9749e-09,-8.6936e-09,-3.4532e-08,1.7398e-10
0,0,0.08,0.05236,0.15708,-6.3593e-09,-8.4382e-08,-3.1934e-08,-1.6417e-08,1.8676e-08,2.0441e-08,2.4986e-08,-1.9029e-08,-9.0861e-09,-6.99e-09,-2.9498e-08,3.2963e-09
0,0,-0.08,0.10472,0.15708,-1.0047e-08,-4.0375e-08,-4.7484e-08,-2.6522e-08,-3.9578e-09,2.7127e-08,4.4297e-08,-3.2849e-08,2.1722e-09,-2.6932e-08,-2.8963e-08,-1.5764e-08
-0.04,-0.04,-0.04,0.10472,0.15708,-4.8398e-09,-4.6055e-08,-4.3626e-08,-2.0796e-08,3.3358e-09,2.0759e-08,4.88e-08,-3.3212e-08,-2.3485e-09,-1.8663e-08,-2.5988e-08,-2.132e-08
0,-0.04,-0.04,0.10472,0.15708,-1.1336e-08,-4.6401e-08,-3.7014e-08,-1.9891e-08,3.0656e-09,2.9853e-08,4.1595e-08,-3.599e-08,-2.6428e-09,-1.9381e-08,-3.1322e-08,-1.6913e-08
0.04,-0.04,-0.04,0.10472,0.15708,-1.6724e-08,-4.2647e-08,-3.0237e-08,-1.9109e-08,3.0432e-09,3.7121e-08,3.7408e-08,-3.8356e-08,-4.2964e-09,-1.8592e-08,-3.8587e-08,-1.4911e-08
-0.04,0,-0.04,0.10472,0.15708,-5.8152e-09,-4.9421e-08,-4.8733e-08,-2.4658e-08,1.3568e-09,1.4585e-08,4.6096e-08,-3.0368e-08,-5.7705e-10,-2.0033e-08,-2.486e-08,-1.7668e-08
0,0,-0.04,0.10472,0.15708,-1.0008e-08,-4.867e-08,-4.2213e-08,-2.4496e-08,2.4377e-09,2.3966e-08,4.0979e-08,-3.063e-08,-1.2306e-09,-2.0469e-08,-3.0651e-08,-1.2767e-08
0.04,0,-0.04,0.10472,0.15708,-1.4575e-08,-4.433e-08,-3.5063e-08,-2.241e-08,2.7037e-09,3.3138e-08,3.4858e-08,-3.1767e-08,1.5822e-11,-2.1194e-08,-3.6805e-08,-1.0632e-08
-0.04,0.04,-0.04,0.10472,0.15708,-5.8345e-09,-5.2784e-08,-5.5563e-08,-3.3229e-08,2.3219e-09,1.5668e-08,4.0339e-08,-2.4409e-08,3.5226e-09,-2.0589e-08,-2.3249e-08,-1.3782e-08
0,0.04,-0.04,0.10472,0.15708,-9.7406e-09,-4.9429e-08,-4.9325e-08,-3.1253e-08,1.3169e-09,1.9645e-08,3.5699e-08,-2.5328e-08,2.1446e-09,-2.2808e-08,-2.855e-08,-9.8997e-09
0.04,0.04,-0.04,0.10472,0.15708,-1.388e-08,-4.6624e-08,-3.7604e-08,-2.9629e-08,2.2653e-09,2.729e-08,3.1501e-08,-2.5299e-08,3.9948e-09,-2.3605e-08,-3.4133e-08,-8.2414e-09
0,-0.08,0,0.10472,0.15708,-9.1366e-09,-5.0179e-08,-2.9845e-08,-1.3263e-08,9.0414e-09,3.0063e-08,3.6147e-08,-3.9898e-08,-8.4608e-09,-1.302e-08,-3.3922e-08,-1.8606e-08
-0.04,-0.04,0,0.10472,0.15708,-3.7266e-09,-5.8698e-08,-4.0441e-08,-1.7751e-08,8.3714e-09,1.7763e-08,3.9396e-08,-3.047e-08,-5.601e-09,-1.4338e-08,-2.7181e-08,-1.8455e-08
0,-0.04,0,0.10472,0.15708,-9.9655e-09,-5.2402e-08,-3.4652e-08,-1.7603e-08,9.2404e-09,2.6869e-08,3.5904e-08,-3.2681e-08,-6.4103e-09,-1.4111e-08,-3.3274e-08,-1.3403e-08
0.04,-0.04,0,0.10472,0.15708,-1.7025e-08,-4.9787e-08,-2.823e-08,-1.6145e-08,7.2018e-09,3.1815e-08,3.3211e-08,-3.332e-08,-8.0962e-09,-1.4005e-08,-3.9378e-08,-1.1218e-08
-0.08,0,0,0.10472,0.15708,-5.2633e-10,-6.2359e-08,-5.3254e-08,-2.369e-08,1.083e-08,1.0801e-08,4.0456e-08,-2.5305e-08,-2.2419e-09,-1.4262e-08,-2.1838e-08,-1.6142e-08
-0.04,0,0,0.10472,0.15708,-4.7745e-09,-5.7602e-08,-4.7263e-08,-2.1419e-08,8.6589e-09,1.8656e-08,3.5371e-08,-2.7538e-08,-2.8852e-09,-1.3835e-08,-2.5263e-08,-1.254e-08
0,0,0,0.10472,0.15708,-9.332e-09,-5.6586e-08,-3.8062e-08,-2.153e-08,7.1428e-09,2.4187e-08,3.4301e-08,-2.7522e-08,-3.2435e-09,-1.5173e-08,-3.0903e-08,-8.1413e-09
0.04,0,0,0.10472,0.15708,-1.54e-08,-5.3947e-08,-3.3237e-08,-1.8371e-08,7.1354e-09,3.0662e-08,3.0056e-08,-2.8091e-08,-3.303e-09,-1.5628e-08,-3.9084e-08,-7.3259e-09
0.08,0,0,0.10472,0.15708,-2.4346e-08,-4.6806e-08,-2.689e-08,-2.0062e-08,6.3257e-09,3.3832e-08,2.8045e-08,-2.8035e-08,-3.7662e-09,-1.4561e-08,-4.4817e-08,-5.7677e-09
-0.04,0.04,0,0.10472,0.15708,-5.2387e-09,-6.4424e-08,-5.2311e-08,-2.7392e-08,9.7135e-09,1.3792e-08,3.5605e-08,-2.2493e-08,6.203e-11,-1.593e-08,-2.4914e-08,-8.5479e-09
0,0.04,0,0.10472,0.15708,-9.1654e-09,-5.9522e-08,-4.3586e-08,-2.8317e-08,8.8491e-09,1.8074e-08,3.1515e-08,-2.4151e-08,-1.2819e-10,-1.5472e-08,-2.8999e-08,-7.149e-09
0.04,0.04,0,0.10472,0.15708,-1.5254e-08,-5.4548e-08,-3.6809e-08,-2.5857e-08,6.5133e-09,2.4661e-08,2.7722e-08,-2.4304e-08,9.666e-10,-1.5719e-08,-3.4184e-08,-5.149e-09
0,0.08,0,0.10472,0.15708,-8.4486e-09,-6.0256e-08,-4.6373e-08,-3.3905e-08,6.6693e-09,1.4903e-08,3.0111e-08,-2.0611e-08,5.6658e-09,-1.7902e-08,-2.7396e-08,-5.3026e-09
-0.04,-0.04,0.04,0.10472,0.15708,-3.1589e-09,-6.9134e-08,-3.6662e-08,-1.4061e-08,1.532e-08,1.9442e-08,3.128e-08,-2.6032e-08,-8.5095e-09,-9.9709e-09,-2.6864e-08,-9.9613e-09
0,-0.04,0.04,0.10472,0.15708,-9.5978e-09,-6.2158e-08,-3.1958e-08,-1.3396e-08,1.4132e-08,2.4671e-08,3.0651e-08,-2.8363e-08,-9.4657e-09,-9.6629e-09,-3.3532e-08,-8.8855e-09
0.04,-0.04,0.04,0.10472,0.15708,-1.6533e-08,-5.8749e-08,-2.7901e-08,-1.2967e-08,1.1078e-08,2.8506e-08,2.6506e-08,-2.8105e-08,-1.0139e-08,-9.3562e-09,-3.8854e-08,-5.0697e-09
-0.04,0,0.04,0.10472,0.15708,-2.7619e-09,-7.1966e-08,-4.3979e-08,-1.9179e-08,1.5572e-08,1.5664e-08,3.3419e-08,-2.3585e-08,-6.6606e-09,-1.0591e-08,-2.4244e-08,-6.7465e-09
0,0,0.04,0.10472,0.15708,-9.3367e-09,-7.1788e-08,-3.5727e-08,-1.8755e-08,1.3839e-08,2.1544e-08,2.8276e-08,-2.3852e-08,-7.784e-09,-9.4534e-09,-2.9906e-08,-5.6628e-09
0.04,0,0.04,0.10472,0.15708,-1.6411e-08,-6.3351e-08,-3.1118e-08,-1.401e-08,1.1619e-08,2.562e-08,2.5924e-08,-2.5195e-08,-6.9436e-09,-1.0231e-08,-3.7191e-08,-2.4417e-09
-0.04,0.04,0.04,0.10472,0.15708,-3.0164e-09,-7.9609e-08,-4.6925e-08,-2.1077e-08,1.5643e-08,1.4563e-08,2.9904e-08,-2.0719e-08,-2.4135e-09,-1.1103e-08,-2.4748e-08,-3.7794e-09
0,0.04,0.04,0.10472,0.15708,-7.5874e-09,-7.0994e-08,-3.9294e-08,-2.1898e-08,1.3625e-08,1.8942e-08,2.8202e-08,-2.1139e-08,-3.33e-09,-1.0147e-08,-2.854e-08,-1.8397e-09
0.04,0.04,0.04,0.10472,0.15708,-1.4416e-08,-6.7695e-08,-3.172e-08,-2.0302e-08,1.1613e-08,2.1936e-08,2.6189e-08,-2.196e-08,-3.1245e-09,-8.3962e-09,-3.4106e-08,-1.4848e-09
0,0,0.08,0.10472,0.15708,-8.0532e-09,-8.2536e-08,-3.3131e-08,-1.1775e-08,1.9277e-08,1.8449e-08,2.5505e-08,-2.1012e-08,-1.2421e-08,-5.9994e-09,-3.0181e-08,6.3034e-10
0,0,-0.08,0.15708,0.15708,-1.1297e-08,-3.9865e-08,-4.5359e-08,-2.4589e-08,-1.5224e-09,2.2247e-08,4.5011e-08,-3.3773e-08,7.7006e-10,-2.6787e-08,-2.785e-08,-1.9319e-08
-0.04,-0.04,-0.04,0.15708,0.15708,-5.4394e-09,-4.6626e-08,-4.6623e-08,-1.8216e-08,6.6637e-09,1.9353e-08,4.7611e-08,-3.5666e-08,-4.1269e-09,-1.5881e-08,-2.5689e-08,-2.4945e-08
0,-0.04,-0.04,0.15708,0.15708,-1.0787e-08,-4.4538e-08,-3.8523e-08,-1.807e-08,3.2562e-09,2.8417e-08,4.2744e-08,-3.8971e-08,-4.4737e-09,-1.6883e-08,-3.0359e-08,-1.9739e-08
0.04,-0.04,-0.04,0.15708,0.15708,-1.6365e-08,-4.507e-08,-3.2209e-08,-1.6655e-08,5.2454e-09,3.7631e-08,3.7317e-08,-3.9011e-08,-5.9741e-09,-1.8006e-08,-3.7459e-08,-1.5519e-08
-0.04,0,-0.04,0.15708,0.15708,-6.097e-09,-4.8562e-08,-5.3348e-08,-2.3707e-08,4.6848e-09,1.6769e-08,4.5584e-08,-2.9547e-08,-1.3869e-09,-1.8776e-08,-2.5172e-08,-1.8692e-08
0,0,-0.04,0.15708,0.15708,-1.0977e-08,-4.8458e-08,-4.3449e-08,-2.2314e-08,4.9995e-09,2.117e-08,3.9728e-08,-3.0082e-08,-2.0169e-09,-1.852e-08,-3.0017e-08,-1.6641e-08
0.04,0,-0.04,0.15708,0.15708,-1.8317e-08,-4.4722e-08,-3.6274e-08,-2.2586e-08,3.087e-09,2.8867e-08,3.4771e-08,-3.2677e-08,-1.9047e-09,-1.9401e-08,-3.8474e-08,-1.2218e-08
-0.04,0.04,-0.04,0.15708,0.15708,-6.18e-09,-5.0653e-08,-5.9082e-08,-3.0023e-08,2.8328e-09,1.2825e-08,4.0968e-08,-2.5239e-08,1.2186e-09,-2.0123e-08,-2.3244e-08,-1.4073e-08
0,0.04,-0.04,0.15708,0.15708,-1.0499e-08,-4.9674e-08,-5.1605e-08,-2.9145e-08,3.3828e-09,1.7666e-08,3.6493e-08,-2.7267e-08,6.2599e-10,-2.133e-08,-2.8739e-08,-1.2624e-08
0.04,0.04,-0.04,0.15708,0.15708,-1.5467e-08,-4.5757e-08,-4.1666e-08,-2.6609e-08,2.4626e-09,2.563e-08,3.2629e-08,-2.7215e-08,2.9934e-09,-2.0799e-08,-3.4977e-08,-9.1464e-09
0,-0.08,0,0.15708,0.15708,-8.759e-09,-4.8556e-08,-3.1504e-08,-1.1674e-08,1.065e-08,2.9297e-08,3.907e-08,-4.2699e-08,-8.9252e-09,-1.1714e-08,-3.2636e-08,-2.1291e-08
-0.04,-0.04,0,0.15708,0.15708,-4.5743e-09,-5.5592e-08,-4.2515e-08,-1.5662e-08,1.1199e-08,1.7357e-08,4.0063e-08,-3.298e-08,-7.1936e-09,-1.2468e-08,-2.5824e-08,-1.7867e-08
0,-0.04,0,0.15708,0.15708,-1.0599e-08,-5.1913e-08,-3.7477e-08,-1.4909e-08,1.0276e-08,2.6337e-08,3.6033e-08,-3.5147e-08,-7.7985e-09,-1.2179e-08,-3.072e-08,-1.5406e-08
0.04,-0.04,0,0.15708,0.15708,-1.8264e-08,-5.0846e-08,-2.9142e-08,-1.5269e-08,9.0652e-09,3.0965e-08,3.2491e-08,-3.5313e-08,-7.7633e-09,-1.3287e-08,-3.7572e-08,-1.5034e-08
-0.08,0,0,0.15708,0.15708,-3.6741e-10,-6.3222e-08,-5.6326e-08,-2.1698e-08,1.0046e-08,1.0933e-08,4.232e-08,-2.6004e-08,-4.1628e-09,-1.3651e-08,-2.123e-08,-1.8245e-08
-0.04,0,0,0.15708,0.15708,-4.3317e-09,-6.0265e-08,-4.7953e-08,-1.984e-08,8.9901e-09,1.5962e-08,3.5657e-08,-2.7826e-08,-3.9654e-09,-1.3735e-08,-2.5311e-08,-1.5136e-08
0,0,0,0.15708,0.15708,-1.1757e-08,-5.7884e-08,-4.1443e-08,-1.9128e-08,9.4153e-09,2.1948e-08,3.4068e-08,-2.8207e-08,-4.7686e-09,-1.5082e-08,-3.0055e-08,-1.1394e-08
0.04,0,0,0.15708,0.15708,-1.8054e-08,-5.1294e-08,-3.5106e-08,-1.6866e-08,8.0813e-09,2.7341e-08,3.1938e-08,-3.0278e-08,-5.5172e-09,-1.4473e-08,-3.7271e-08,-9.6868e-09
0.08,0,0,0.15708,0.15708,-2.4456e-08,-4.7931e-08,-2.6776e-08,-1.8226e-08,6.3905e-09,3.3258e-08,2.6946e-08,-2.9632e-08,-6.0876e-09,-1.3317e-08,-4.5445e-08,-7.1905e-09
-0.04,0.04,0,0.15708,0.15708,-5.2805e-09,-6.4015e-08,-5.2844e-08,-2.4511e-08,9.4462e-09,1.3241e-08,3.4974e-08,-2.3144e-08,-1.2204e-09,-1.4132e-08,-2.4337e-08,-1.1338e-08
0,0.04,0,0.15708,0.15708,-8.8473e-09,-5.7825e-08,-4.5318e-08,-2.3511e-08,7.8511e-09,1.6972e-08,3.2107e-08,-2.3852e-08,-1.8385e-09,-1.6202e-08,-2.7975e-08,-7.7018e-09
0.04,0.04,0,0.15708,0.15708,-1.5266e-08,-5.1576e-08,-3.683e-08,-2.2199e-08,7.4318e-09,2.3537e-08,2.9023e-08,-2.4743e-08,-9.9411e-10,-1.3572e-08,-3.4113e-08,-7.6394e-09
0,0.08,0,0.15708,0.15708,-8.9364e-09,-6.2276e-08,-4.986e-08,-3.167e-08,5.9585e-09,1.4094e-08,2.877e-08,-2.1221e-08,2.6711e-09,-1.7956e-08,-2.6893e-08,-6.1466e-09
-0.04,-0.04,0.04,0.15708,0.15708,-1.0637e-09,-6.3996e-08,-3.8596e-08,-1.2251e-08,1.8495e-08,1.6301e-08,3.4021e-08,-2.7669e-08,-9.6661e-09,-9.1777e-09,-2.6486e-08,-1.5054e-08
0,-0.04,0.04,0.15708,0.15708,-8.2075e-09,-6.2265e-08,-3.409e-08,-9.6358e-09,1.479e-08,2.224e-08,2.9398e-08,-3.0169e-08,-1.0554e-08,-8.9046e-09,-3.05e-08,-9.6665e-09
0.04,-0.04,0.04,0.15708,0.15708,-1.8624e-08,-5.6486e-08,-2.7897e-08,-1.0824e-08,1.1067e-08,2.8113e-08,2.7485e-08,-3.0872e-08,-1.3922e-08,-8.7509e-09,-3.9303e-08,-6.1202e-09
-0.04,0,0.04,0.15708,0.15708,-4.0086e-09,-7.1104e-08,-4.2466e-08,-1.6178e-08,1.73e-08,1.5046e-08,3.2381e-08,-2.5806e-08,-8.4962e-09,-1.0028e-08,-2.542e-08,-1.0374e-08
0,0,0.04,0.15708,0.15708,-8.884e-09,-6.7923e-08,-3.644e-08,-1.342e-08,1.4001e-08,2.1284e-08,2.9562e-08,-2.5836e-08,-9.0545e-09,-9.2142e-09,-3.0335e-08,-6.9796e-09
0.04,0,0.04,0.15708,0.15708,-1.7103e-08,-6.0735e-08,-3.1646e-08,-1.3728e-08,1.1768e-08,2.396e-08,2.7299e-08,-2.6999e-08,-9.6869e-09,-8.743e-09,-3.5916e-08,-5.5101e-09
-0.04,0.04,0.04,0.15708,0.15708,-3.8524e-09,-7.6931e-08,-4.7259e-08,-2.0355e-08,1.736e-08,1.358e-08,3.0497e-08,-2.1808e-08,-5.2147e-09,-9.1347e-09,-2.4221e-08,-7.3159e-09
0,0.04,0.04,0.15708,0.15708,-8.0391e-09,-7.2561e-08,-4.1442e-08,-2.0514e-08,1.477e-08,1.7209e-08,2.6921e-08,-2.074e-08,-4.7251e-09,-8.7494e-09,-2.8776e-08,-4.4734e-09
0.04,0.04,0.04,0.15708,0.15708,-1.2551e-08,-6.4477e-08,-3.4148e-08,-1.7382e-08,1.1418e-08,2.0891e-08,2.6197e-08,-2.1898e-08,-6.0871e-09,-8.3845e-09,-3.4472e-08,-3.1884e-09
0,0,0.08,0.15708,0.15708,-6.9816e-09,-8.0526e-08,-3.3509e-08,-7.933e-09,2.0465e-08,1.7975e-08,2.4597e-08,-2.1439e-08,-1.4328e-08,-5.2681e-09,-2.8883e-08,-5.9975e-10
