0,0,-0.08,0.05236,0.05236,1.1408e-08,-2.8497e-08,-1.2505e-08,7.671e-09,4.0639e-08,2.5491e-08,4.4603e-08,1.5895e-08,-4.4127e-09
-0.04,-0.04,-0.04,0.05236,0.05236,1.1828e-08,-2.6174e-08,-1.641e-08,6.0178e-09,3.9034e-08,3.3082e-08,4.8274e-08,4.8026e-09,-1.0767e-08
0,-0.04,-0.04,0.05236,0.05236,1.2831e-08,-2.6375e-08,-1.8458e-08,1.1859e-08,4.376e-08,3.2449e-08,3.8642e-08,1.1114e-08,-1.1414e-08
0.04,-0.04,-0.04,0.05236,0.05236,1.389e-08,-2.3654e-08,-2.5306e-08,8.0083e-09,4.4809e-08,2.6157e-08,3.3298e-08,1.912e-08,-1.3328e-08
-0.04,0,-0.04,0.05236,0.05236,1.2531e-08,-3.1844e-08,-1.672e-08,4.3595e-09,4.3243e-08,3.0264e-08,5.2513e-08,8.5704e-09,-6.5742e-09
0,0,-0.04,0.05236,0.05236,1.3617e-08,-2.9825e-08,-1.8774e-08,6.3307e-09,4.7462e-08,2.7457e-08,4.5265e-08,1.6971e-08,-5.6143e-09
0.04,0,-0.04,0.05236,0.05236,1.6486e-08,-2.8655e-08,-2.2223e-08,4.9513e-09,4.8104e-08,2.4699e-08,3.6558e-08,1.9926e-08,-7.6372e-09
-0.04,0.04,-0.04,0.05236,0.05236,1.5028e-08,-3.632e-08,-1.3574e-08,1.4644e-09,4.3407e-08,2.7087e-08,4.7025e-08,1.0596e-08,-5.3077e-11
0,0.04,-0.04,0.05236,0.05236,1.9183e-08,-3.3894e-08,-1.6543e-08,1.5941e-09,4.7948e-08,2.2853e-08,4.0292e-08,1.3995e-08,-3.2693e-09
0.04,0.04,-0.04,0.05236,0.05236,1.9451e-08,-3.3067e-08,-2.0268e-08,3.4343e-09,5.2631e-08,2.2168e-08,3.5209e-08,2.9376e-08,-2.7681e-09
0,-0.08,0,0.05236,0.05236,1.4792e-08,-2.1605e-08,-2.5926e-08,8.6116e-09,4.2043e-08,3.6252e-08,2.9937e-08,1.1301e-08,-2.9037e-08
-0.04,-0.04,0,0.05236,0.05236,1.4579e-08,-2.7601e-08,-2.1171e-08,2.6907e-09,4.9492e-08,3.8246e-08,3.9673e-08,7.703e-09,-1.1481e-08
0,-0.04,0,0.05236,0.05236,1.6878e-08,-2.4712e-08,-2.2842e-08,4.5892e-09,5.0189e-08,3.3061e-08,3.4967e-08,1.2711e-08,-1.7488e-08
0.04,-0.04,0,0.05236,0.05236,1.6908e-08,-2.5946e-08,-2.7265e-08,4.2805e-09,5.2648e-08,2.6085e-08,3.1184e-08,1.7676e-08,-1.8207e-08
-0.08,0,0,0.05236,0.05236,1.4793e-08,-3.745e-08,-1.7311e-08,-3.548e-10,4.0659e-08,3.3463e-08,4.4184e-08,4.0106e-09,-6.3628e-09
-0.04,0,0,0.05236,0.05236,1.6655e-08,-3.3279e-08,-2.0399e-08,-1.6175e-09,4.8834e-08,2.9344e-08,4.2095e-08,7.7538e-09,-6.1381e-09
0,0,0,0.05236,0.05236,1.8374e-08,-3.2696e-08,-2.1486e-08,2.6328e-09,5.2835e-08,2.6389e-08,3.615e-08,1.134e-08,-1.139e-08
0.04,0,0,0.05236,0.05236,2.0906e-08,-2.8347e-08,-3.0896e-08,1.7144e-09,5.5127e-08,2.2462e-08,3.2238e-08,1.8765e-08,-1.1232e-08
0.08,0,0,0.05236,0.05236,2.5108e-08,-2.5534e-08,-3.4158e-08,2.3453e-09,6.2722e-08,2.0049e-08,2.5499e-08,2.539e-08,-1.4292e-08
-0.04,0.04,0,0.05236,0.05236,1.876e-08,-3.8533e-08,-1.7882e-08,-2.2603e-09,5.5327e-08,2.6397e-08,3.9939e-08,1.0229e-08,-4.2814e-09
0,0.04,0,0.05236,0.05236,2.1457e-08,-3.5517e-08,-1.9389e-08,-2.6342e-09,5.7526e-08,2.2498e-08,3.2825e-08,1.4245e-08,-3.9395e-09
0.04,0.04,0,0.05236,0.05236,2.7358e-08,-3.099e-08,-2.7357e-08,-3.8919e-09,6.5128e-08,2.1276e-08,3.0009e-08,2.4009e-08,-4.796e-09
0,0.08,0,0.05236,0.05236,2.7448e-08,-4.5147e-08,-1.9227e-08,-4.2878e-09,5.8762e-08,2.016e-08,3.7353e-08,1.8357e-08,-1.5473e-09
-0.04,-0.04,0.04,0.05236,0.05236,1.5767e-08,-2.7846e-08,-2.1171e-08,-2.5328e-09,4.8822e-08,3.1625e-08,3.297e-08,9.5159e-09,-1.723e-08
0,-0.04,0.04,0.05236,0.05236,2.0872e-08,-2.6169e-08,-3.0575e-08,-1.0461e-09,5.4701e-08,2.6373e-08,2.9938e-08,1.1628e-08,-1.7478e-08
0.04,-0.04,0.04,0.05236,0.05236,2.0409e-08,-2.4007e-08,-3.2577e-08,9.4499e-10,6.3487e-08,2.3995e-08,2.5893e-08,1.7564e-08,-1.8962e-08
-0.04,0,0.04,0.05236,0.05236,1.8755e-08,-3.4593e-08,-2.222e-08,-4.5656e-09,5.8822e-08,2.7272e-08,3.2245e-08,9.708e-09,-9.1384e-09
0,0,0.04,0.05236,0.05236,2.1951e-08,-3.0672e-08,-2.7625e-08,-3.5447e-09,5.7631e-08,2.6039e-08,3.1594e-08,1.3304e-08,-1.3144e-08
0.04,0,0.04,0.05236,0.05236,2.443e-08,-2.8884e-08,-3.5887e-08,-5.5862e-09,6.8438e-08,2.2968e-08,2.852e-08,2.0217e-08,-1.2686e-08
-0.04,0.04,0.04,0.05236,0.05236,2.1801e-08,-4.1067e-08,-2.1102e-08,-7.8253e-09,6.372e-08,2.3285e-08,3.4086e-08,1.0698e-08,-7.3264e-09
0,0.04,0.04,0.05236,0.05236,2.5111e-08,-3.6795e-08,-2.5032e-08,-6.1904e-09,7.071e-08,2.0589e-08,3.2217e-08,1.4591e-08,-5.9709e-09
0.04,0.04,0.04,0.05236,0.05236,3.0042e-08,-3.5218e-08,-3.1339e-08,-6.6943e-09,7.6116e-08,2.0272e-08,2.718e-08,2.0435e-08,-9.7397e-09
0,0,0.08,0.05236,0.05236,2.4245e-08,-3.2792e-08,-2.5742e-08,-9.2117e-09,6.8016e-08,2.2043e-08,2.4552e-08,1.1876e-08,-1.3659e-08
0,0,-0.08,0.10472,0.05236,1.1723e-08,-2.6473e-08,-1.2035e-08,1.2025e-08,4.0024e-08,2.493e-08,4.5367e-08,1.8604e-08,2.984e-09
-0.04,-0.04,-0.04,0.10472,0.05236,1.2142e-08,-2.674e-08,-1.5099e-08,9.6986e-09,3.8975e-08,3.2352e-08,4.8311e-08,5.3869e-09,-8.0148e-09
0,-0.04,-0.04,0.10472,0.05236,1.348e-08,-2.8733e-08,-1.9683e-08,1.0083e-08,3.9355e-08,3.0323e-08,4.1938e-08,1.3329e-08,-1.0711e-08
0.04,-0.04,-0.04,0.10472,0.05236,1.6226e-08,-2.3364e-08,-1.84e-08,1.204e-08,4.3697e-08,2.5474e-08,3.5295e-08,1.762e-08,-1.1764e-08
-0.04,0,-0.04,0.10472,0.05236,1.3206e-08,-3.1611e-08,-1.5151e-08,5.9562e-09,4.0995e-08,2.7795e-08,4.4912e-08,9.9202e-09,-1.9242e-09
0,0,-0.04,0.10472,0.05236,1.6119e-08,-2.9162e-08,-1.8863e-08,8.3017e-09,4.5906e-08,2.7952e-08,4.433e-08,1.567e-08,-6.0024e-09
0.04,0,-0.04,0.10472,0.05236,1.6543e-08,-2.9498e-08,-2.1229e-08,6.0233e-09,5.1089e-08,2.192e-08,3.486e-08,2.2312e-08,-3.0072e-09
-0.04,0.04,-0.04,0.10472,0.05236,1.4148e-08,-3.8726e-08,-1.5106e-08,3.6285e-09,4.5862e-08,2.7379e-08,4.5222e-08,9.3003e-09,1.272e-09
0,0.04,-0.04,0.10472,0.05236,1.8472e-08,-3.7868e-08,-1.7482e-08,2.6771e-09,5.0937e-08,2.1904e-08,3.9176e-08,1.8683e-08,1.896e-09
0.04,0.04,-0.04,0.10472,0.05236,2.2318e-08,-3.1729e-08,-1.8015e-08,3.9963e-09,5.4539e-08,2.0307e-08,3.5183e-08,2.8453e-08,-1.7419e-09
0,-0.08,0,0.10472,0.05236,1.4138e-08,-2.1668e-08,-2.4534e-08,1.3572e-08,4.3052e-08,3.5965e-08,3.1793e-08,1.1078e-08,-2.1822e-08
-0.04,-0.04,0,0.10472,0.05236,1.4813e-08,-2.9106e-08,-1.9993e-08,4.0919e-09,3.9193e-08,3.3014e-08,4.0997e-08,4.1914e-09,-1.314e-08
0,-0.04,0,0.10472,0.05236,1.7042e-08,-2.6038e-08,-2.2608e-08,7.3421e-09,4.9042e-08,2.8552e-08,3.653e-08,1.2682e-08,-1.4236e-08
0.04,-0.04,0,0.10472,0.05236,1.8032e-08,-2.4216e-08,-3.0013e-08,7.0473e-09,5.2402e-08,2.7809e-08,3.1436e-08,1.9459e-08,-1.7191e-08
-0.08,0,0,0.10472,0.05236,1.406e-08,-3.3737e-08,-1.4655e-08,6.9808e-10,4.263e-08,3.3199e-08,4.5398e-08,3.9945e-09,-3.8417e-09
-0.04,0,0,0.10472,0.05236,1.6517e-08,-3.4279e-08,-2.0186e-08,2.3107e-09,4.7247e-08,2.936e-08,4.2674e-08,8.5277e-09,-7.3442e-09
0,0,0,0.10472,0.05236,1.9174e-08,-3.1176e-08,-2.3109e-08,2.1764e-09,5.1408e-08,2.5537e-08,3.6084e-08,1.4804e-08,-6.18e-09
0.04,0,0,0.10472,0.05236,2.1576e-08,-2.8083e-08,-2.7154e-08,3.4429e-09,5.5202e-08,2.2391e-08,2.9433e-08,2.0513e-08,-7.8077e-09
0.08,0,0,0.10472,0.05236,2.4439e-08,-2.5338e-08,-2.907e-08,5.376e-09,6.0439e-08,2.0948e-08,2.6969e-08,3.113e-08,-7.8972e-09
-0.04,0.04,0,0.10472,0.05236,1.8875e-08,-3.741e-08,-1.8683e-08,-2.265e-09,5.5879e-08,2.4967e-08,3.9946e-08,1.115e-08,-4.7286e-09
0,0.04,0,0.10472,0.05236,2.1396e-08,-3.7374e-08,-2.0259e-08,1.2081e-10,5.7911e-08,2.2253e-08,3.7653e-08,1.5903e-08,-3.9032e-09
0.04,0.04,0,0.10472,0.05236,2.8299e-08,-3.3265e-08,-2.4683e-08,4.4691e-10,6.2958e-08,1.9594e-08,2.8807e-08,2.5487e-08,-3.909e-09
0,0.08,0,0.10472,0.05236,2.8962e-08,-4.3861e-08,-2.2104e-08,-2.9084e-09,6.3453e-08,1.9836e-08,3.4388e-08,1.6259e-08,4.8078e-10
-0.04,-0.04,0.04,0.10472,0.05236,1.9484e-08,-2.9504e-08,-2.2246e-08,9.2127e-10,4.583e-08,3.4062e-08,3.1144e-08,8.9239e-09,-1.6607e-08
0,-0.04,0.04,0.10472,0.05236,1.8083e-08,-2.6969e-08,-2.4843e-08,2.1971e-09,5.2758e-08,3.0327e-08,2.7331e-08,1.3246e-08,-1.6329e-08
0.04,-0.04,0.04,0.10472,0.05236,2.318e-08,-2.4159e-08,-3.7419e-08,3.3409e-09,5.734e-08,2.3938e-08,2.7109e-08,1.5468e-08,-1.8331e-08
-0.04,0,0.04,0.10472,0.05236,2.0861e-08,-3.1642e-08,-2.3754e-08,-2.8708e-09,4.743e-08,2.5659e-08,3.1748e-08,7.9663e-09,-9.9198e-09
0,0,0.04,0.10472,0.05236,2.2942e-08,-3.2834e-08,-2.5588e-08,-2.3417e-09,6.7562e-08,2.2486e-08,2.9391e-08,1.2403e-08,-1.1447e-08
0.04,0,0.04,0.10472,0.05236,2.4914e-08,-2.7159e-08,-3.5914e-08,-2.3202e-09,6.5914e-08,2.2761e-08,2.618e-08,1.9462e-08,-1.1541e-08
-0.04,0.04,0.04,0.10472,0.05236,2.0913e-08,-4.1763e-08,-2.025e-08,-4.2427e-09,5.9418e-08,2.2243e-08,3.1416e-08,1.0632e-08,-5.8465e-09
0,0.04,0.04,0.10472,0.05236,2.5713e-08,-3.3906e-08,-2.3727e-08,-5.3635e-09,6.4415e-08,1.9091e-08,2.8455e-08,1.6641e-08,-6.0452e-09
0.04,0.04,0.04,0.10472,0.05236,3.2684e-08,-3.1406e-08,-2.5903e-08,-4.1428e-09,7.5502e-08,2.0492e-08,3.1478e-08,2.2591e-08,-8.2261e-09
0,0,0.08,0.10472,0.05236,2.3591e-08,-2.7436e-08,-2.7225e-08,-1.1126e-08,6.751e-08,2.3018e-08,2.8392e-08,1.587e-08,-1.3311e-08
0,0,-0.08,0.15708,0.05236,1.3155e-08,-2.8506e-08,-1.3278e-08,1.0788e-08,3.8586e-08,2.51e-08,4.7553e-08,2.057e-08,2.1955e-09
-0.04,-0.04,-0.04,0.15708,0.05236,1.1847e-08,-2.7053e-08,-1.6379e-08,1.2076e-08,3.5331e-08,3.1882e-08,5.0006e-08,5.4516e-09,-4.0515e-09
0,-0.04,-0.04,0.15708,0.05236,1.6041e-08,-2.4208e-08,-2.088e-08,1.3528e-08,3.8441e-08,3.0077e-08,4.0094e-08,1.6023e-08,-5.487e-09
0.04,-0.04,-0.04,0.15708,0.05236,1.5506e-08,-2.3584e-08,-2.4169e-08,1.4873e-08,4.4276e-08,2.6284e-08,3.7185e-08,1.9339e-08,-1.1407e-08
-0.04,0,-0.04,0.15708,0.05236,1.3743e-08,-3.4556e-08,-1.4538e-08,7.9249e-09,4.3948e-08,3.0291e-08,4.5743e-08,7.5666e-09,-1.9857e-09
0,0,-0.04,0.15708,0.05236,1.6687e-08,-2.9323e-08,-1.7968e-08,7.778e-09,4.4506e-08,2.6123e-08,4.2073e-08,1.4673e-08,-2.6856e-09
0.04,0,-0.04,0.15708,0.05236,1.8571e-08,-2.5506e-08,-2.0104e-08,1.2157e-08,4.7766e-08,2.214e-08,3.5758e-08,2.5887e-08,8.4074e-10
-0.04,0.04,-0.04,0.15708,0.05236,1.6011e-08,-3.6842e-08,-1.3608e-08,4.2291e-09,4.3791e-08,2.6752e-08,4.763e-08,9.0986e-09,2.1473e-09
0,0.04,-0.04,0.15708,0.05236,2.2056e-08,-3.3449e-08,-1.6778e-08,4.7291e-09,4.8483e-08,2.2927e-08,4.2671e-08,2.1497e-08,2.2583e-09
0.04,0.04,-0.04,0.15708,0.05236,1.978e-08,-3.338e-08,-2.0056e-08,3.4779e-09,5.1571e-08,1.9895e-08,3.5745e-08,2.5099e-08,1.6453e-09
0,-0.08,0,0.15708,0.05236,1.5105e-08,-2.1797e-08,-2.6388e-08,1.3569e-08,3.8838e-08,3.3359e-08,3.3955e-08,1.198e-08,-1.8617e-08
-0.04,-0.04,0,0.15708,0.05236,1.6765e-08,-2.7107e-08,-1.7396e-08,1.0097e-08,4.2931e-08,3.3784e-08,3.7521e-08,1.0143e-08,-1.098e-08
0,-0.04,0,0.15708,0.05236,1.9184e-08,-2.6953e-08,-2.1948e-08,6.973e-09,4.8809e-08,3.0403e-08,3.5494e-08,1.2044e-08,-1.236e-08
0.04,-0.04,0,0.15708,0.05236,2.1155e-08,-2.592e-08,-3.019e-08,1.3962e-08,4.8014e-08,2.6326e-08,3.1321e-08,1.9422e-08,-1.1747e-08
-0.08,0,0,0.15708,0.05236,1.6056e-08,-3.8244e-08,-1.3761e-08,1.6239e-09,3.8595e-08,3.47e-08,4.2424e-08,2.6819e-09,-5.0284e-09
-0.04,0,0,0.15708,0.05236,1.7838e-08,-3.5113e-08,-1.8969e-08,3.8261e-09,4.4993e-08,2.6018e-08,3.946e-08,1.0182e-08,-4.4473e-09
0,0,0,0.15708,0.05236,1.9433e-08,-2.9476e-08,-2.1018e-08,4.4212e-09,5.07e-08,2.5909e-08,3.3352e-08,1.5255e-08,-5.0933e-09
0.04,0,0,0.15708,0.05236,2.1986e-08,-2.6809e-08,-2.8173e-08,5.4408e-09,5.6701e-08,2.0906e-08,3.1024e-08,1.9697e-08,-7.205e-09
0.08,0,0,0.15708,0.05236,2.2979e-08,-2.4883e-08,-3.712e-08,5.372e-09,6.553e-08,1.9627e-08,2.9378e-08,3.0424e-08,-4.7538e-09
-0.04,0.04,0,0.15708,0.05236,2.0742e-08,-3.7813e-08,-1.6506e-08,2.1511e-09,4.9388e-08,2.6612e-08,3.9342e-08,7.7281e-09,3.6434e-10
0,0.04,0,0.15708,0.05236,2.5156e-08,-3.584e-08,-2.0621e-08,1.6523e-09,5.9856e-08,2.3506e-08,3.3758e-08,1.8497e-08,-1.802e-09
0.04,0.04,0,0.15708,0.05236,2.6965e-08,-3.1217e-08,-2.3656e-08,1.8912e-09,6.3803e-08,2.0822e-08,2.9674e-08,2.4846e-08,-1.1903e-09
0,0.08,0,0.15708,0.05236,2.8949e-08,-4.5706e-08,-1.877e-08,-1.1971e-09,6.3363e-08,1.9242e-08,3.4318e-08,1.9868e-08,2.6251e-09
-0.04,-0.04,0.04,0.15708,0.05236,1.7039e-08,-2.7917e-08,-2.1563e-08,-2.13e-09,4.1162e-08,3.0797e-08,3.2189e-08,8.9075e-09,-1.1479e-08
0,-0.04,0.04,0.15708,0.05236,2.0705e-08,-2.4612e-08,-2.7238e-08,2.2884e-09,4.8111e-08,2.7335e-08,2.9594e-08,1.461e-08,-1.4349e-08
0.04,-0.04,0.04,0.15708,0.05236,2.2337e-08,-2.4781e-08,-3.1999e-08,1.0589e-08,6.0188e-08,2.4421e-08,2.6451e-08,1.4824e-08,-1.4746e-08
-0.04,0,0.04,0.15708,0.05236,1.8838e-08,-3.276e-08,-2.2218e-08,-2.2201e-09,5.1582e-08,3.0032e-08,3.5079e-08,8.5492e-09,-6.7629e-09
0,0,0.04,0.15708,0.05236,2.2827e-08,-2.8636e-08,-2.5634e-08,5.0364e-09,5.5047e-08,2.4458e-08,3.1164e-08,1.4408e-08,-6.5152e-09
0.04,0,0.04,0.15708,0.05236,2.8064e-08,-2.7394e-08,-3.1011e-08,5.791e-10,7.0613e-08,2.1864e-08,2.6209e-08,1.6483e-08,-9.7658e-09
-0.04,0.04,0.04,0.15708,0.05236,2.3127e-08,-3.8698e-08,-1.9558e-08,-4.3516e-09,5.7722e-08,2.3525e-08,3.0848e-08,9.9317e-09,-4.3806e-09
0,0.04,0.04,0.15708,0.05236,2.983e-08,-3.2339e-08,-2.2978e-08,-2.1816e-09,7.296e-08,2.194e-08,2.9118e-08,1.5603e-08,-3.3981e-09
0.04,0.04,0.04,0.15708,0.05236,3.3881e-08,-3.034e-08,-2.9285e-08,-2.7071e-09,8.228e-08,1.882e-08,2.469e-08,2.4674e-08,-3.8546e-09
0,0,0.08,0.15708,0.05236,2.4219e-08,-2.746e-08,-2.8679e-08,-3.9666e-09,6.7612e-08,2.3963e-08,2.5856e-08,1.2273e-08,-1.1218e-08
0,0,-0.08,0.05236,0.10472,1.0339e-08,-2.757e-08,-1.235e-08,7.3208e-09,4.038e-08,2.5531e-08,4.8263e-08,2.0499e-08,-1.5382e-10
-0.04,-0.04,-0.04,0.05236,0.10472,1.1565e-08,-2.7843e-08,-1.633e-08,6.8313e-09,3.6948e-08,3.7456e-08,4.7383e-08,8.7314e-09,-1.1269e-08
0,-0.04,-0.04,0.05236,0.10472,1.4064e-08,-2.4541e-08,-1.8531e-08,9.1426e-09,4.3751e-08,3.1898e-08,4.036e-08,1.4131e-08,-1.4477e-08
0.04,-0.04,-0.04,0.05236,0.10472,1.6285e-08,-2.3546e-08,-2.7371e-08,9.7391e-09,4.6994e-08,2.8331e-08,3.1653e-08,2.1919e-08,-1.6285e-08
-0.04,0,-0.04,0.05236,0.10472,1.3132e-08,-3.0222e-08,-1.4616e-08,1.9369e-09,4.5493e-08,2.8599e-08,5.0065e-08,6.2167e-09,-1.5534e-09
0,0,-0.04,0.05236,0.10472,1.5778e-08,-2.953e-08,-1.7251e-08,5.6348e-09,4.5784e-08,2.8708e-08,4.3772e-08,1.3393e-08,-5.0688e-09
0.04,0,-0.04,0.05236,0.10472,1.484e-08,-2.6704e-08,-2.6051e-08,4.3769e-09,4.9109e-08,2.3984e-08,3.4292e-08,2.6591e-08,-8.0415e-09
-0.04,0.04,-0.04,0.05236,0.10472,1.4287e-08,-4.2235e-08,-1.5183e-08,-4.1525e-10,4.3904e-08,2.4804e-08,4.6312e-08,1.1874e-08,-2.3254e-09
0,0.04,-0.04,0.05236,0.10472,1.6391e-08,-3.3715e-08,-1.9001e-08,2.8812e-09,5.08e-08,2.1968e-08,4.0751e-08,1.9973e-08,-2.5782e-09
0.04,0.04,-0.04,0.05236,0.10472,1.6605e-08,-3.0888e-08,-2.1233e-08,2.434e-09,5.5206e-08,1.9662e-08,3.5623e-08,2.5509e-08,-2.6161e-09
0,-0.08,0,0.05236,0.10472,1.487e-08,-2.1892e-08,-2.4332e-08,1.0853e-08,4.3955e-08,3.4566e-08,3.3405e-08,1.1477e-08,-2.6705e-08
-0.04,-0.04,0,0.05236,0.10472,1.4926e-08,-3.0109e-08,-1.8718e-08,3.2156e-09,4.2637e-08,3.7454e-08,3.7641e-08,8.4488e-09,-1.4584e-08
0,-0.04,0,0.05236,0.10472,1.7167e-08,-2.634e-08,-2.1488e-08,7.4735e-09,5.3384e-08,2.876e-08,3.5399e-08,1.437e-08,-1.6524e-08
0.04,-0.04,0,0.05236,0.10472,1.7642e-08,-2.2927e-08,-2.7425e-08,6.2206e-09,5.6243e-08,2.6764e-08,3.2848e-08,1.9761e-08,-1.7114e-08
-0.08,0,0,0.05236,0.10472,1.4875e-08,-3.9107e-08,-1.6068e-08,-2.8514e-09,4.4111e-08,3.4935e-08,4.496e-08,3.623e-09,-6.1182e-09
-0.04,0,0,0.05236,0.10472,1.5767e-08,-3.4509e-08,-1.9161e-08,1.0598e-09,4.9481e-08,2.9025e-08,4.0819e-08,8.4584e-09,-6.1544e-09
0,0,0,0.05236,0.10472,1.6982e-08,-3.3088e-08,-2.2879e-08,5.7603e-11,5.17e-08,2.5891e-08,3.4182e-08,1.4111e-08,-1.1599e-08
0.04,0,0,0.05236,0.10472,2.1815e-08,-2.7257e-08,-3.1766e-08,1.5791e-09,5.7459e-08,2.2603e-08,3.0797e-08,2.2427e-08,-1.1321e-08
0.08,0,0,0.05236,0.10472,2.4261e-08,-2.4852e-08,-3.2223e-08,1.839e-09,6.2632e-08,2.0754e-08,2.8312e-08,2.4896e-08,-1.0323e-08
-0.04,0.04,0,0.05236,0.10472,1.8437e-08,-4.1913e-08,-1.8025e-08,-3.3417e-09,5.1583e-08,2.4347e-08,3.6205e-08,7.8446e-09,-3.0337e-09
0,0.04,0,0.05236,0.10472,2.0462e-08,-3.4593e-08,-2.3568e-08,-2.8996e-09,5.7717e-08,2.427e-08,3.7085e-08,1.7505e-08,-7.5417e-09
0.04,0.04,0,0.05236,0.10472,2.3033e-08,-3.483e-08,-2.3816e-08,-1.626e-09,5.8218e-08,2.0316e-08,3.1454e-08,2.3635e-08,-8.0848e-09
0,0.08,0,0.05236,0.10472,2.7209e-08,-4.303e-08,-2.084e-08,-4.5577e-09,6.0875e-08,1.9345e-08,3.3325e-08,1.8105e-08,-1.6793e-09
-0.04,-0.04,0.04,0.05236,0.10472,1.6909e-08,-2.843e-08,-2.1537e-08,-1.7202e-09,4.841e-08,3.3426e-08,3.0127e-08,9.4761e-09,-1.5969e-08
0,-0.04,0.04,0.05236,0.10472,1.7743e-08,-2.7431e-08,-2.5911e-08,-4.4584e-09,5.8044e-08,2.6191e-08,2.6789e-08,1.4579e-08,-1.9929e-08
0.04,-0.04,0.04,0.05236,0.10472,2.1884e-08,-2.4291e-08,-3.5057e-08,-1.8131e-09,6.6133e-08,2.3505e-08,2.7244e-08,1.6627e-08,-1.882e-08
-0.04,0,0.04,0.05236,0.10472,1.7472e-08,-3.4516e-08,-2.1206e-08,-4.8459e-09,5.4748e-08,2.6928e-08,3.2818e-08,9.0046e-09,-1.0153e-08
0,0,0.04,0.05236,0.10472,2.0457e-08,-3.0082e-08,-2.5626e-08,-5.1314e-09,6.0807e-08,2.4105e-08,3.3904e-08,1.5089e-08,-1.1866e-08
0.04,0,0.04,0.05236,0.10472,2.6814e-08,-2.9578e-08,-3.2797e-08,-5.9805e-09,6.9713e-08,2.1684e-08,2.5644e-08,2.0622e-08,-1.221e-08
-0.04,0.04,0.04,0.05236,0.10472,2.2839e-08,-3.9755e-08,-1.949e-08,-7.6792e-09,6.3261e-08,2.3604e-08,3.2829e-08,9.1582e-09,-5.513e-09
0,0.04,0.04,0.05236,0.10472,2.5083e-08,-3.8075e-08,-2.5356e-08,-5.6739e-09,7.4166e-08,2.0692e-08,3.0627e-08,1.5925e-08,-8.2279e-09
0.04,0.04,0.04,0.05236,0.10472,3.1836e-08,-3.295e-08,-2.7797e-08,-4.1597e-09,7.725e-08,1.9186e-08,2.7665e-08,2.0419e-08,-7.1421e-09
0,0,0.08,0.05236,0.10472,2.3799e-08,-2.8324e-08,-2.7918e-08,-1.2811e-08,7.251e-08,2.3768e-08,2.5791e-08,1.3142e-08,-1.4235e-08
0,0,-0.08,0.10472,0.10472,9.8634e-09,-2.759e-08,-1.229e-08,7.3535e-09,4.1135e-08,2.5793e-08,4.6747e-08,1.5363e-08,2.4117e-09
-0.04,-0.04,-0.04,0.10472,0.10472,1.2622e-08,-2.857e-08,-1.6001e-08,9.7402e-09,3.7801e-08,3.5402e-08,4.7077e-08,6.4471e-09,-8.803e-09
0,-0.04,-0.04,0.10472,0.10472,1.3573e-08,-2.6728e-08,-1.8722e-08,1.0342e-08,3.8292e-08,2.9423e-08,4.3045e-08,1.5432e-08,-8.7988e-09
0.04,-0.04,-0.04,0.10472,0.10472,1.5003e-08,-2.3865e-08,-2.1825e-08,1.2911e-08,4.1101e-08,2.7902e-08,3.4067e-08,1.996e-08,-8.537e-09
-0.04,0,-0.04,0.10472,0.10472,1.4315e-08,-3.3612e-08,-1.4757e-08,4.0756e-09,4.1377e-08,3.1239e-08,4.5763e-08,1.0624e-08,-1.7999e-09
0,0,-0.04,0.10472,0.10472,1.6847e-08,-3.2175e-08,-1.5873e-08,5.4762e-09,4.5542e-08,2.5779e-08,4.2443e-08,1.6863e-08,-9.5605e-10
0.04,0,-0.04,0.10472,0.10472,1.7096e-08,-2.942e-08,-2.2653e-08,8.3184e-09,5.0307e-08,2.4247e-08,3.3778e-08,2.3158e-08,-3.1467e-09
-0.04,0.04,-0.04,0.10472,0.10472,1.4765e-08,-4.1033e-08,-1.5043e-08,2.0266e-09,4.5017e-08,2.5184e-08,4.7052e-08,5.2609e-09,-3.1529e-10
0,0.04,-0.04,0.10472,0.10472,1.8435e-08,-3.6661e-08,-1.6712e-08,3.0181e-09,4.8353e-08,2.2886e-08,4.2575e-08,1.3471e-08,3.6441e-09
0.04,0.04,-0.04,0.10472,0.10472,2.1398e-08,-3.0634e-08,-2.492e-08,3.2426e-09,5.4284e-08,1.9288e-08,3.7045e-08,2.6229e-08,-1.5445e-10
0,-0.08,0,0.10472,0.10472,1.4389e-08,-2.2914e-08,-2.5219e-08,1.0016e-08,3.8876e-08,3.237e-08,3.0827e-08,1.1693e-08,-2.321e-08
-0.04,-0.04,0,0.10472,0.10472,1.6015e-08,-2.7977e-08,-1.8716e-08,6.9881e-09,4.3246e-08,3.4991e-08,3.9481e-08,7.0764e-09,-1.0517e-08
0,-0.04,0,0.10472,0.10472,1.7025e-08,-2.7321e-08,-2.2266e-08,1.2258e-08,4.8036e-08,2.998e-08,3.7747e-08,1.2201e-08,-1.276e-08
0.04,-0.04,0,0.10472,0.10472,1.9676e-08,-2.2825e-08,-3.0587e-08,1.0785e-08,5.0467e-08,2.8081e-08,3.2204e-08,1.9499e-08,-1.9075e-08
-0.08,0,0,0.10472,0.10472,1.3995e-08,-3.7278e-08,-1.5783e-08,-6.2727e-10,4.3072e-08,3.2352e-08,4.2707e-08,3.6665e-09,-6.1596e-09
-0.04,0,0,0.10472,0.10472,1.8485e-08,-3.2523e-08,-1.7297e-08,-5.922e-10,5.1237e-08,2.6742e-08,3.7639e-08,9.1997e-09,-5.5963e-09
0,0,0,0.10472,0.10472,2.0066e-08,-3.3053e-08,-2.2199e-08,1.133e-09,5.1342e-08,2.538e-08,3.463e-08,1.4641e-08,-8.0481e-09
0.04,0,0,0.10472,0.10472,2.3835e-08,-2.8558e-08,-3.1565e-08,1.4445e-09,5.3123e-08,2.3013e-08,3.3318e-08,2.1241e-08,-1.0117e-08
0.08,0,0,0.10472,0.10472,2.5283e-08,-2.4588e-08,-3.374e-08,3.9711e-09,6.3953e-08,2.0521e-08,2.7395e-08,2.7989e-08,-7.92e-09
-0.04,0.04,0,0.10472,0.10472,1.966e-08,-3.9039e-08,-1.6234e-08,1.1181e-10,5.4939e-08,2.4593e-08,3.9703e-08,9.8775e-09,-2.7233e-09
0,0.04,0,0.10472,0.10472,2.2645e-08,-3.7703e-08,-2.0226e-08,-8.1262e-10,5.6404e-08,2.2022e-08,3.3115e-08,1.6053e-08,-2.7671e-09
0.04,0.04,0,0.10472,0.10472,2.6294e-08,-3.15e-08,-2.6424e-08,-6.7147e-10,6.4292e-08,1.9137e-08,3.06e-08,2.3633e-08,-4.1463e-09
0,0.08,0,0.10472,0.10472,2.6923e-08,-4.4134e-08,-1.7445e-08,-2.3224e-09,5.8651e-08,1.9129e-08,3.0785e-08,1.7716e-08,2.364e-10
-0.04,-0.04,0.04,0.10472,0.10472,1.7022e-08,-2.6372e-08,-2.1753e-08,1.9767e-09,4.7084e-08,3.1409e-08,2.8851e-08,9.2426e-09,-1.4778e-08
0,-0.04,0.04,0.10472,0.10472,1.9335e-08,-2.7055e-08,-2.6591e-08,2.4245e-09,4.8984e-08,2.987e-08,3.0245e-08,1.1755e-08,-1.7363e-08
0.04,-0.04,0.04,0.10472,0.10472,2.1328e-08,-2.4574e-08,-3.7245e-08,1.0539e-09,6.0111e-08,2.4742e-08,2.4324e-08,1.6807e-08,-1.6284e-08
-0.04,0,0.04,0.10472,0.10472,1.9393e-08,-2.9842e-08,-2.1932e-08,-2.8899e-09,5.3494e-08,2.765e-08,3.3951e-08,7.9466e-09,-1.0314e-08
0,0,0.04,0.10472,0.10472,2.135e-08,-3.0386e-08,-2.4491e-08,-8.6308e-10,6.3065e-08,2.3651e-08,2.956e-08,1.369e-08,-1.148e-08
0.04,0,0.04,0.10472,0.10472,2.59e-08,-2.7444e-08,-2.9523e-08,-3.7643e-09,6.49e-08,2.3639e-08,2.6826e-08,1.938e-08,-1.3549e-08
-0.04,0.04,0.04,0.10472,0.10472,2.284e-08,-4.1273e-08,-2.1044e-08,-4.4378e-09,6.1902e-08,2.482e-08,3.107e-08,8.8368e-09,-5.7359e-09
0,0.04,0.04,0.10472,0.10472,2.4678e-08,-3.4756e-08,-2.4043e-08,-5.8446e-09,6.7702e-08,2.0068e-08,3.0763e-08,1.5856e-08,-9.2876e-09
0.04,0.04,0.04,0.10472,0.10472,3.0804e-08,-2.9069e-08,-3.2641e-08,-6.3543e-09,7.413e-08,1.8842e-08,2.7031e-08,2.155e-08,-9.6375e-09
0,0,0.08,0.10472,0.10472,2.4592e-08,-2.8822e-08,-2.8076e-08,-9.6901e-09,6.8696e-08,2.0421e-08,2.6617e-08,1.294e-08,-1.1026e-08
0,0,-0.08,0.15708,0.10472,1.2772e-08,-2.8765e-08,-1.2782e-08,1.0702e-08,3.7901e-08,2.4843e-08,5.246e-08,1.7977e-08,5.0705e-09
-0.04,-0.04,-0.04,0.15708,0.10472,1.2576e-08,-2.8571e-08,-1.4325e-08,1.0585e-08,3.5768e-08,3.5653e-08,4.643e-08,7.7341e-09,-3.1519e-09
0,-0.04,-0.04,0.15708,0.10472,1.3796e-08,-2.7484e-08,-1.6096e-08,1.4531e-08,3.8549e-08,2.9367e-08,4.0608e-08,1.5879e-08,-8.6535e-09
0.04,-0.04,-0.04,0.15708,0.10472,1.6084e-08,-2.2477e-08,-2.0133e-08,1.3547e-08,4.1439e-08,2.6849e-08,3.4862e-08,2.0431e-08,-6.1865e-09
-0.04,0,-0.04,0.15708,0.10472,1.447e-08,-3.2292e-08,-1.6704e-08,4.3831e-09,4.3094e-08,2.9647e-08,4.8356e-08,7.3909e-09,2.0118e-09
0,0,-0.04,0.15708,0.10472,1.7413e-08,-3.1477e-08,-1.7022e-08,8.1026e-09,4.097e-08,2.5273e-08,4.0975e-08,1.5352e-08,-1.1022e-09
0.04,0,-0.04,0.15708,0.10472,1.7087e-08,-2.8989e-08,-2.3911e-08,1.3112e-08,4.6214e-08,2.2578e-08,3.7966e-08,2.5296e-08,-2.5377e-09
-0.04,0.04,-0.04,0.15708,0.10472,1.6433e-08,-4.1773e-08,-1.5279e-08,4.8084e-09,4.5705e-08,2.4176e-08,4.8584e-08,9.5522e-09,3.0076e-09
0,0.04,-0.04,0.15708,0.10472,1.8426e-08,-3.6612e-08,-1.6653e-08,4.542e-09,5.2512e-08,2.2628e-08,3.8244e-08,2e-08,2.0527e-09
0.04,0.04,-0.04,0.15708,0.10472,1.8834e-08,-3.286e-08,-1.8759e-08,4.9557e-09,5.3824e-08,1.9448e-08,3.385e-08,2.554e-08,1.0345e-09
0,-0.08,0,0.15708,0.10472,1.5355e-08,-2.0966e-08,-2.4545e-08,1.3528e-08,3.6284e-08,3.0375e-08,3.3415e-08,1.1213e-08,-1.5607e-08
-0.04,-0.04,0,0.15708,0.10472,1.501e-08,-2.9934e-08,-1.9774e-08,8.2373e-09,3.8019e-08,3.2487e-08,3.9676e-08,6.0399e-09,-7.3718e-09
0,-0.04,0,0.15708,0.10472,1.8521e-08,-2.5277e-08,-2.1814e-08,9.5768e-09,4.2408e-08,3.0223e-08,3.4239e-08,1.4479e-08,-1.3379e-08
0.04,-0.04,0,0.15708,0.10472,1.9799e-08,-2.4448e-08,-3.1117e-08,1.0808e-08,4.7892e-08,2.494e-08,3.0397e-08,1.8036e-08,-1.0879e-08
-0.08,0,0,0.15708,0.10472,1.579e-08,-3.7873e-08,-1.6762e-08,2.0461e-09,4.0652e-08,3.6789e-08,4.4862e-08,2.2969e-09,-2.4696e-09
-0.04,0,0,0.15708,0.10472,1.7294e-08,-3.2036e-08,-1.7049e-08,3.1827e-09,4.4535e-08,2.8285e-08,4.0833e-08,9.8658e-09,-4.4233e-09
0,0,0,0.15708,0.10472,1.9995e-08,-3.2846e-08,-2.1152e-08,2.1791e-09,5.1127e-08,2.5831e-08,3.6202e-08,1.4822e-08,-7.3807e-09
0.04,0,0,0.15708,0.10472,2.4315e-08,-2.6902e-08,-2.7588e-08,2.0756e-09,5.7629e-08,2.2833e-08,3.0339e-08,2.0747e-08,-4.9758e-09
0.08,0,0,0.15708,0.10472,2.6204e-08,-2.6011e-08,-3.1255e-08,9.8793e-09,5.5706e-08,1.956e-08,2.6092e-08,2.9356e-08,-9.2249e-09
-0.04,0.04,0,0.15708,0.10472,1.9877e-08,-3.9966e-08,-1.7394e-08,1.388e-09,5.08e-08,2.5026e-08,3.8788e-08,1.1122e-08,-6.8796e-10
0,0.04,0,0.15708,0.10472,2.4742e-08,-3.6945e-08,-1.9795e-08,1.723e-09,5.2269e-08,2.0985e-08,3.7606e-08,1.465e-08,-2.0007e-09
0.04,0.04,0,0.15708,0.10472,2.6394e-08,-3.395e-08,-2.3925e-08,1.5868e-09,6.3213e-08,1.9948e-08,3.1092e-08,2.549e-08,-4.1511e-09
0,0.08,0,0.15708,0.10472,2.5524e-08,-4.3112e-08,-1.8347e-08,-1.3231e-09,5.9842e-08,1.9319e-08,3.4657e-08,2.1028e-08,1.0574e-09
-0.04,-0.04,0.04,0.15708,0.10472,1.5774e-08,-2.6975e-08,-2.3394e-08,3.477e-09,4.769e-08,2.9578e-08,3.0897e-08,7.4372e-09,-1.0144e-08
0,-0.04,0.04,0.15708,0.10472,1.9894e-08,-2.5893e-08,-2.7615e-08,1.8742e-09,5.3072e-08,2.8496e-08,2.8343e-08,1.2056e-08,-9.2216e-09
0.04,-0.04,0.04,0.15708,0.10472,2.375e-08,-2.3712e-08,-3.3451e-08,5.3396e-09,5.8938e-08,2.5645e-08,2.4866e-08,1.6675e-08,-1.3785e-08
-0.04,0,0.04,0.15708,0.10472,1.774e-08,-3.168e-08,-2.2832e-08,-1.3107e-10,5.352e-08,2.8093e-08,3.1458e-08,9.8999e-09,-7.0992e-09
0,0,0.04,0.15708,0.10472,2.062e-08,-2.992e-08,-2.386e-08,9.106e-10,5.5324e-08,2.5299e-08,2.7196e-08,1.4998e-08,-1.1976e-08
0.04,0,0.04,0.15708,0.10472,2.7651e-08,-2.7668e-08,-3.1222e-08,-7.6339e-10,6.2667e-08,2.24e-08,2.6657e-08,1.8185e-08,-1.1286e-08
-0.04,0.04,0.04,0.15708,0.10472,2.1761e-08,-3.7014e-08,-2.1578e-08,-2.9534e-09,5.6794e-08,2.5208e-08,3.2893e-08,1.0274e-08,-3.3344e-09
0,0.04,0.04,0.15708,0.10472,2.7196e-08,-3.3957e-08,-2.2664e-08,-2.0519e-09,7.2743e-08,2.0601e-08,2.9793e-08,1.6611e-08,-5.1219e-09
0.04,0.04,0.04,0.15708,0.10472,3.3755e-08,-3.2429e-08,-2.7976e-08,-1.4463e-09,6.8808e-08,1.9495e-08,2.6692e-08,1.8964e-08,-3.1385e-09
0,0,0.08,0.15708,0.10472,2.7321e-08,-2.673e-08,-2.92e-08,-5.1859e-09,6.1809e-08,2.1932e-08,2.422e-08,1.2027e-08,-1.0157e-08
0,0,-0.08,0.05236,0.15708,1.035e-08,-2.6529e-08,-1.1729e-08,6.4736e-09,4.1379e-08,2.7115e-08,4.8125e-08,1.3774e-08,-5.918e-09
-0.04,-0.04,-0.04,0.05236,0.15708,1.3039e-08,-2.6711e-08,-1.7549e-08,6.3458e-09,3.9918e-08,3.5826e-08,4.9991e-08,4.3478e-09,-8.4131e-09
0,-0.04,-0.04,0.05236,0.15708,1.2997e-08,-2.3839e-08,-1.7595e-08,1.3115e-08,4.4705e-08,3.3811e-08,4.3202e-08,1.4518e-08,-1.0741e-08
0.04,-0.04,-0.04,0.05236,0.15708,1.4201e-08,-2.3717e-08,-2.4632e-08,8.3926e-09,4.6869e-08,2.821e-08,3.3409e-08,1.791e-08,-1.5535e-08
-0.04,0,-0.04,0.05236,0.15708,1.196e-08,-3.2864e-08,-1.5858e-08,3.3823e-09,4.1525e-08,3.1423e-08,4.6894e-08,7.352e-09,-4.8579e-09
0,0,-0.04,0.05236,0.15708,1.3492e-08,-2.9932e-08,-1.9639e-08,3.3146e-09,4.3221e-08,2.7136e-08,4.0612e-08,1.472e-08,-9.4304e-09
0.04,0,-0.04,0.05236,0.15708,1.6524e-08,-2.7295e-08,-2.3618e-08,2.9243e-09,4.9517e-08,2.4739e-08,3.4349e-08,2.2857e-08,-8.8837e-09
-0.04,0.04,-0.04,0.05236,0.15708,1.4938e-08,-3.9334e-08,-1.4344e-08,7.7909e-10,4.757e-08,2.7487e-08,4.7265e-08,8.5948e-09,-6.1692e-10
0,0.04,-0.04,0.05236,0.15708,2.0615e-08,-3.6984e-08,-1.7094e-08,2.2313e-09,4.7345e-08,2.2848e-08,4.0998e-08,1.8047e-08,3.9772e-10
0.04,0.04,-0.04,0.05236,0.15708,1.9104e-08,-3.2948e-08,-2.0147e-08,1.4166e-09,5.5005e-08,2.1528e-08,3.7978e-08,2.838e-08,-4.2512e-09
0,-0.08,0,0.05236,0.15708,1.3762e-08,-2.2577e-08,-2.6074e-08,1.1918e-08,4.1915e-08,3.726e-08,3.6936e-08,9.01e-09,-2.5722e-08
-0.04,-0.04,0,0.05236,0.15708,1.4199e-08,-2.9044e-08,-1.8005e-08,2.6643e-09,3.8537e-08,3.6936e-08,3.9364e-08,6.7666e-09,-1.2726e-08
0,-0.04,0,0.05236,0.15708,1.5914e-08,-2.7432e-08,-2.3585e-08,5.4496e-09,4.6478e-08,2.9854e-08,3.3407e-08,1.4367e-08,-1.328e-08
0.04,-0.04,0,0.05236,0.15708,1.5495e-08,-2.2978e-08,-3.0974e-08,4.4315e-09,5.3541e-08,2.6244e-08,3.0281e-08,2.0798e-08,-1.7824e-08
-0.08,0,0,0.05236,0.15708,1.4621e-08,-3.6835e-08,-1.5381e-08,-3.1123e-09,4.2487e-08,3.1264e-08,4.1593e-08,2.4074e-09,-5.2471e-09
-0.04,0,0,0.05236,0.15708,1.6428e-08,-3.415e-08,-1.8542e-08,-1.6582e-09,4.7346e-08,3.1509e-08,4.0342e-08,1.0499e-08,-8.8834e-09
0,0,0,0.05236,0.15708,1.9643e-08,-2.9608e-08,-2.2793e-08,-1.4466e-09,5.2813e-08,2.7516e-08,3.5038e-08,1.4718e-08,-1.0444e-08
0.04,0,0,0.05236,0.15708,2.0113e-08,-2.8768e-08,-2.6548e-08,7.6388e-10,6.1917e-08,2.2471e-08,3.4038e-08,1.9045e-08,-9.6817e-09
0.08,0,0,0.05236,0.15708,2.127e-08,-2.7575e-08,-3.2582e-08,1.4673e-09,6.1956e-08,2.0379e-08,2.7027e-08,2.5241e-08,-9.551e-09
-0.04,0.04,0,0.05236,0.15708,1.9976e-08,-4.2369e-08,-1.6297e-08,-2.1544e-09,5.4457e-08,2.5411e-08,3.944e-08,1.1961e-08,-2.4321e-09
0,0.04,0,0.05236,0.15708,1.989e-08,-3.775e-08,-2.2446e-08,-9.2478e-10,5.7453e-08,2.3361e-08,3.5142e-08,1.8168e-08,-5.125e-09
0.04,0.04,0,0.05236,0.15708,2.579e-08,-3.1955e-08,-2.5565e-08,-2.4941e-09,6.6344e-08,1.9728e-08,3.1867e-08,2.3303e-08,-7.0368e-09
0,0.08,0,0.05236,0.15708,2.6075e-08,-4.4802e-08,-1.9755e-08,-4.5353e-09,6.0053e-08,1.9262e-08,3.6328e-08,1.6574e-08,-1.2673e-09
-0.04,-0.04,0.04,0.05236,0.15708,1.6419e-08,-2.6657e-08,-2.1639e-08,-1.032e-09,4.994e-08,3.0202e-08,3.201e-08,6.1878e-09,-1.6702e-08
0,-0.04,0.04,0.05236,0.15708,1.8642e-08,-2.5839e-08,-2.5424e-08,-9.4434e-10,5.7119e-08,2.7144e-08,2.9075e-08,1.0917e-08,-1.7538e-08
0.04,-0.04,0.04,0.05236,0.15708,2.1024e-08,-2.32e-08,-3.6916e-08,3.4329e-09,5.5782e-08,2.5515e-08,2.7499e-08,1.7056e-08,-1.8107e-08
-0.04,0,0.04,0.05236,0.15708,1.8159e-08,-3.5651e-08,-1.9865e-08,-7.8457e-09,5.3929e-08,2.843e-08,3.3271e-08,7.7609e-09,-1.1244e-08
0,0,0.04,0.05236,0.15708,2.0441e-08,-2.9546e-08,-2.6437e-08,-2.6681e-09,5.971e-08,2.6253e-08,3.1488e-08,1.2937e-08,-1.2483e-08
0.04,0,0.04,0.05236,0.15708,2.7196e-08,-2.8359e-08,-3.0129e-08,-5.2945e-09,7.1133e-08,2.1978e-08,2.7757e-08,1.9278e-08,-1.5368e-08
-0.04,0.04,0.04,0.05236,0.15708,2.2407e-08,-4.2021e-08,-2.1724e-08,-7.0613e-09,6.3073e-08,2.248e-08,3.1797e-08,1.0159e-08,-5.3547e-09
0,0.04,0.04,0.05236,0.15708,2.5525e-08,-4.2297e-08,-2.2843e-08,-6.5722e-09,6.875e-08,2.0862e-08,2.9912e-08,1.7276e-08,-7.849e-09
0.04,0.04,0.04,0.05236,0.15708,2.6653e-08,-3.1517e-08,-3.0077e-08,-6.842e-09,7.0927e-08,1.9272e-08,2.7867e-08,1.9364e-08,-8.3975e-09
0,0,0.08,0.05236,0.15708,2.5823e-08,-3.0632e-08,-2.8124e-08,-1.1305e-08,7.5985e-08,2.1444e-08,2.3355e-08,1.1508e-08,-1.3705e-08
0,0,-0.08,0.10472,0.15708,1.2555e-08,-2.9564e-08,-1.4181e-08,8.4763e-09,3.8552e-08,2.8413e-08,4.5514e-08,1.2796e-08,5.0837e-10
-0.04,-0.04,-0.04,0.10472,0.15708,1.217e-08,-2.9305e-08,-1.5602e-08,9.6155e-09,3.8408e-08,3.2804e-08,4.5844e-08,6.5065e-09,-1.037e-08
0,-0.04,-0.04,0.10472,0.15708,1.3697e-08,-2.6417e-08,-2.0804e-08,1.1994e-08,3.7658e-08,3.0955e-08,4.2556e-08,1.3287e-08,-1.0867e-08
0.04,-0.04,-0.04,0.10472,0.15708,1.4733e-08,-2.3505e-08,-2.2007e-08,1.1589e-08,4.3979e-08,2.6536e-08,3.4662e-08,2.1531e-08,-1.1044e-08
-0.04,0,-0.04,0.10472,0.15708,1.3774e-08,-3.4192e-08,-1.4105e-08,5.8838e-09,4.2932e-08,2.8783e-08,4.7365e-08,7.5709e-09,-3.3894e-09
0,0,-0.04,0.10472,0.15708,1.3947e-08,-3.0296e-08,-1.711e-08,4.3823e-09,4.7058e-08,2.6834e-08,3.8482e-08,1.469e-08,-4.4042e-09
0.04,0,-0.04,0.10472,0.15708,1.8784e-08,-2.8626e-08,-2.324e-08,7.8477e-09,4.9236e-08,2.2976e-08,3.5204e-08,2.5297e-08,-4.602e-09
-0.04,0.04,-0.04,0.10472,0.15708,1.4958e-08,-3.6577e-08,-1.4904e-08,2.8676e-09,4.5952e-08,2.6048e-08,5.133e-08,8.1682e-09,2.0064e-09
0,0.04,-0.04,0.10472,0.15708,1.9167e-08,-3.3952e-08,-1.5871e-08,3.4686e-09,4.9284e-08,2.2389e-08,4.0928e-08,2.0209e-08,1.5591e-09
0.04,0.04,-0.04,0.10472,0.15708,2.068e-08,-3.2365e-08,-2.2033e-08,1.8551e-09,5.4831e-08,2.044e-08,3.4406e-08,2.9395e-08,-1.0198e-09
0,-0.08,0,0.10472,0.15708,1.4038e-08,-2.3339e-08,-2.3784e-08,9.2786e-09,4.1584e-08,3.5498e-08,3.3949e-08,1.1223e-08,-1.9698e-08
-0.04,-0.04,0,0.10472,0.15708,1.4662e-08,-2.7443e-08,-1.8717e-08,5.6279e-09,4.7134e-08,3.2818e-08,3.7182e-08,7.8065e-09,-1.3479e-08
0,-0.04,0,0.10472,0.15708,1.7916e-08,-2.6513e-08,-2.0999e-08,5.3378e-09,4.9969e-08,2.8475e-08,3.6014e-08,1.2115e-08,-1.1433e-08
0.04,-0.04,0,0.10472,0.15708,1.8922e-08,-2.4429e-08,-3.1085e-08,1.0137e-08,4.5507e-08,2.651e-08,3.2631e-08,1.6976e-08,-1.2263e-08
-0.08,0,0,0.10472,0.15708,1.3876e-08,-3.8014e-08,-1.577e-08,4.2527e-10,4.2492e-08,3.0983e-08,4.35e-08,5.0067e-09,-6.1237e-09
-0.04,0,0,0.10472,0.15708,1.5891e-08,-3.4264e-08,-1.7022e-08,-5.7363e-10,4.7441e-08,2.792e-08,3.7563e-08,1.0234e-08,-8.249e-09
0,0,0,0.10472,0.15708,1.9113e-08,-2.9843e-08,-1.9608e-08,1.3521e-09,4.7244e-08,2.5973e-08,3.562e-08,1.6151e-08,-9.1494e-09
0.04,0,0,0.10472,0.15708,2.266e-08,-2.9688e-08,-2.6063e-08,2.041e-09,5.8781e-08,2.2137e-08,3.155e-08,2.0461e-08,-1.0097e-08
0.08,0,0,0.10472,0.15708,2.4223e-08,-2.6038e-08,-3.3029e-08,3.4601e-09,6.3307e-08,1.9986e-08,2.826e-08,2.7341e-08,-9.466e-09
-0.04,0.04,0,0.10472,0.15708,1.7778e-08,-4.3163e-08,-1.8333e-08,-5.9731e-10,5.1697e-08,2.5681e-08,4.3263e-08,1.0742e-08,-1.5554e-09
0,0.04,0,0.10472,0.15708,2.3009e-08,-3.5784e-08,-1.8993e-08,8.8532e-10,6.1624e-08,2.0995e-08,3.7035e-08,1.6994e-08,-3.3003e-09
0.04,0.04,0,0.10472,0.15708,2.4631e-08,-3.3132e-08,-2.3718e-08,2.1939e-11,7.0544e-08,1.939e-08,3.2134e-08,2.1403e-08,-4.5623e-09
0,0.08,0,0.10472,0.15708,2.5475e-08,-4.1434e-08,-1.8673e-08,-1.8673e-09,6.2076e-08,2.0254e-08,3.5485e-08,1.738e-08,1.3048e-09
-0.04,-0.04,0.04,0.10472,0.15708,1.6892e-08,-2.8101e-08,-2.3896e-08,-3.8928e-10,4.6475e-08,3.3404e-08,3.262e-08,7.1386e-09,-1.4425e-08
0,-0.04,0.04,0.10472,0.15708,1.805e-08,-2.5496e-08,-2.756e-08,2.5701e-09,5.0797e-08,2.7554e-08,2.8434e-08,1.2963e-08,-1.5071e-08
0.04,-0.04,0.04,0.10472,0.15708,2.2209e-08,-2.3723e-08,-3.0243e-08,2.0679e-09,5.8854e-08,2.2873e-08,2.6156e-08,1.8632e-08,-1.6427e-08
-0.04,0,0.04,0.10472,0.15708,1.8418e-08,-3.4654e-08,-2.1185e-08,-2.74e-09,5.2592e-08,2.7743e-08,3.3287e-08,7.5511e-09,-8.6287e-09
0,0,0.04,0.10472,0.15708,2.2643e-08,-3.1108e-08,-2.7698e-08,-1.9662e-09,5.9332e-08,2.3585e-08,2.8223e-08,1.3216e-08,-1.0576e-08
0.04,0,0.04,0.10472,0.15708,2.547e-08,-2.9349e-08,-3.2158e-08,-8.1191e-10,7.1108e-08,2.0777e-08,2.9564e-08,1.7286e-08,-1.1158e-08
-0.04,0.04,0.04,0.10472,0.15708,2.1879e-08,-4.4961e-08,-1.9268e-08,-4.3399e-09,6.2416e-08,2.3074e-08,3.1446e-08,1.0204e-08,-7.2127e-09
0,0.04,0.04,0.10472,0.15708,2.703e-08,-3.6565e-08,-2.4909e-08,-2.9624e-09,6.1905e-08,1.9493e-08,2.9899e-08,1.4307e-08,-4.693e-09
0.04,0.04,0.04,0.10472,0.15708,3.0325e-08,-3.3102e-08,-2.8208e-08,-4.6356e-09,7.4066e-08,1.8629e-08,2.7152e-08,1.9802e-08,-7.5497e-09
0,0,0.08,0.10472,0.15708,2.606e-08,-3.0722e-08,-3.0573e-08,-5.4479e-09,7.1844e-08,2.0836e-08,2.739e-08,1.2772e-08,-1.1952e-08
0,0,-0.08,0.15708,0.15708,1.1849e-08,-3.0425e-08,-1.1539e-08,1.0632e-08,3.7718e-08,2.5358e-08,4.4312e-08,1.7142e-08,1.6943e-09
-0.04,-0.04,-0.04,0.15708,0.15708,1.3419e-08,-3.0025e-08,-1.5927e-08,1.0593e-08,3.7357e-08,3.5434e-08,4.8455e-08,7.4941e-09,-4.2952e-09
0,-0.04,-0.04,0.15708,0.15708,1.2835e-08,-2.6968e-08,-1.7409e-08,1.2666e-08,4.16e-08,2.8797e-08,3.8896e-08,1.4377e-08,-7.5881e-09
0.04,-0.04,-0.04,0.15708,0.15708,1.4891e-08,-2.3652e-08,-2.2732e-08,1.6983e-08,4.4032e-08,2.3894e-08,3.6311e-08,2.0071e-08,-1.1288e-08
-0.04,0,-0.04,0.15708,0.15708,1.4884e-08,-3.1072e-08,-1.4941e-08,7.7887e-09,4.1169e-08,3.0722e-08,4.5692e-08,7.0551e-09,1.2855e-09
0,0,-0.04,0.15708,0.15708,1.6943e-08,-2.9891e-08,-1.6783e-08,8.8072e-09,4.6472e-08,2.4228e-08,4.1054e-08,1.4493e-08,-3.9269e-10
0.04,0,-0.04,0.15708,0.15708,1.7975e-08,-2.6608e-08,-2.3414e-08,1.0983e-08,4.4958e-08,2.2308e-08,3.6706e-08,2.3773e-08,6.8631e-10
-0.04,0.04,-0.04,0.15708,0.15708,1.3759e-08,-3.918e-08,-1.2877e-08,3.6051e-09,4.7517e-08,2.3704e-08,4.5734e-08,7.024e-09,4.8048e-09
0,0.04,-0.04,0.15708,0.15708,1.9995e-08,-3.7226e-08,-1.5869e-08,4.7481e-09,4.9812e-08,2.2652e-08,4.259e-08,1.5578e-08,2.2985e-09
0.04,0.04,-0.04,0.15708,0.15708,2.2016e-08,-2.8497e-08,-1.7126e-08,6.5907e-09,5.174e-08,1.9878e-08,3.8021e-08,2.912e-08,3.2255e-09
0,-0.08,0,0.15708,0.15708,1.5159e-08,-2.3577e-08,-2.4951e-08,1.7546e-08,4.0084e-08,3.5437e-08,3.3306e-08,1.3127e-08,-1.7308e-08
-0.04,-0.04,0,0.15708,0.15708,1.5184e-08,-2.7283e-08,-2.1021e-08,9.193e-09,4.3418e-08,3.3325e-08,3.8982e-08,7.7225e-09,-9.464e-09
0,-0.04,0,0.15708,0.15708,1.8564e-08,-2.4001e-08,-2.0271e-08,8.6881e-09,4.9885e-08,2.9458e-08,3.6168e-08,1.461e-08,-1.1619e-08
0.04,-0.04,0,0.15708,0.15708,1.8463e-08,-2.3395e-08,-2.4632e-08,9.0349e-09,5.1667e-08,2.8079e-08,3.1972e-08,1.7345e-08,-1.0875e-08
-0.08,0,0,0.15708,0.15708,1.4004e-08,-3.6683e-08,-1.4501e-08,1.0614e-09,3.9937e-08,3.0748e-08,4.5529e-08,2.7784e-09,-1.0397e-09
-0.04,0,0,0.15708,0.15708,1.6921e-08,-3.3334e-08,-1.7943e-08,5.0042e-09,4.1992e-08,2.7085e-08,3.7165e-08,8.5973e-09,-5.2205e-09
0,0,0,0.15708,0.15708,2.123e-08,-2.8391e-08,-2.204e-08,4.3293e-09,5.3366e-08,2.3536e-08,3.4941e-08,1.4201e-08,-4.6645e-09
0.04,0,0,0.15708,0.15708,2.4558e-08,-2.8292e-08,-2.8936e-08,5.0924e-09,5.8502e-08,2.2536e-08,3.2746e-08,1.9745e-08,-8.0772e-09
0.08,0,0,0.15708,0.15708,2.7916e-08,-2.5517e-08,-3.5811e-08,4.9664e-09,5.6931e-08,2.0244e-08,2.7203e-08,2.508e-08,-6.9772e-09
-0.04,0.04,0,0.15708,0.15708,1.8016e-08,-3.9442e-08,-1.6173e-08,-5.7781e-11,5.4398e-08,2.6509e-08,3.8144e-08,8.4653e-09,-2.2668e-09
0,0.04,0,0.15708,0.15708,2.5122e-08,-3.7444e-08,-2.0377e-08,1.3077e-09,5.1452e-08,2.083e-08,3.5355e-08,1.6386e-08,-2.4406e-10
0.04,0.04,0,0.15708,0.15708,2.5337e-08,-3.0545e-08,-2.6915e-08,2.5458e-09,6.7154e-08,1.8505e-08,3.1022e-08,2.5133e-08,-3.4376e-10
0,0.08,0,0.15708,0.15708,2.5588e-08,-4.4171e-08,-1.8573e-08,-8.4733e-10,6.3818e-08,1.9018e-08,3.5128e-08,1.6704e-08,1.808e-09
-0.04,-0.04,0.04,0.15708,0.15708,1.6133e-08,-2.8308e-08,-2.213e-08,-1.0156e-09,5.2055e-08,3.2654e-08,3.1266e-08,7.2711e-09,-1.0443e-08
0,-0.04,0.04,0.15708,0.15708,2.0634e-08,-2.6359e-08,-2.5613e-08,8.6852e-10,5.3953e-08,3.0201e-08,2.9541e-08,1.2783e-08,-1.1702e-08
0.04,-0.04,0.04,0.15708,0.15708,2.198e-08,-2.599e-08,-3.199e-08,5.7119e-09,5.2441e-08,2.3926e-08,2.6766e-08,1.68e-08,-1.3765e-08
-0.04,0,0.04,0.15708,0.15708,1.8509e-08,-3.2744e-08,-1.9685e-08,-5.7265e-10,5.4683e-08,2.5442e-08,3.1814e-08,5.9454e-09,-6.2558e-09
0,0,0.04,0.15708,0.15708,2.2852e-08,-2.8974e-08,-2.4771e-08,-2.4313e-09,6.1541e-08,2.5365e-08,3.1578e-08,1.5196e-08,-9.097e-09
0.04,0,0.04,0.15708,0.15708,2.8292e-08,-2.5482e-08,-2.9357e-08,1.2785e-10,6.5439e-08,2.3741e-08,2.8193e-08,1.8435e-08,-8.3003e-09
-0.04,0.04,0.04,0.15708,0.15708,2.2492e-08,-3.7908e-08,-1.9066e-08,-2.0249e-09,6.2994e-08,2.2895e-08,3.1675e-08,8.0868e-09,-3.9786e-09
0,0.04,0.04,0.15708,0.15708,2.5871e-08,-3.4888e-08,-2.1854e-08,-1.9968e-09,6.8929e-08,1.9586e-08,2.9828e-08,1.3149e-08,-5.2921e-09
0.04,0.04,0.04,0.15708,0.15708,3.1391e-08,-3.3004e-08,-2.7162e-08,-1.1734e-09,7.8537e-08,1.9102e-08,2.8086e-08,2.0734e-08,-3.9592e-09
0,0,0.08,0.15708,0.15708,2.276e-08,-2.9887e-08,-2.7644e-08,-4.737e-09,6.6338e-08,2.0181e-08,2.4708e-08,1.3973e-08,-1.0648e-08
