0,0,-0.08,0.05236,0.05236,-9.681e-09,-4.3387e-08,-4.3758e-08,-2.7723e-08,-2.4274e-09,2.4456e-08,4.4032e-08,-3.2446e-08,2.1258e-09,-2.7548e-08,-2.9179e-08,-1.611e-08
-0.04,-0.04,-0.04,0.05236,0.05236,-6.4785e-09,-5.2261e-08,-4.2641e-08,-2.2575e-08,4.8398e-11,2.3102e-08,4.663e-08,-3.2294e-08,-1.117e-09,-1.7064e-08,-2.6906e-08,-1.9867e-08
0,-0.04,-0.04,0.05236,0.05236,-7.776e-09,-4.699e-08,-3.5644e-08,-2.0875e-08,1.9717e-09,2.8393e-08,4.2894e-08,-3.5735e-08,-1.7986e-09,-2.0113e-08,-3.2902e-08,-1.7948e-08
0.04,-0.04,-0.04,0.05236,0.05236,-1.5619e-08,-4.5661e-08,-2.7384e-08,-2.0394e-08,1.2193e-09,4.1626e-08,3.8737e-08,-3.5676e-08,-1.3045e-09,-1.9865e-08,-4.1368e-08,-1.1694e-08
-0.04,0,-0.04,0.05236,0.05236,-5.2247e-09,-4.9093e-08,-5.1565e-08,-2.7856e-08,2.0098e-09,1.9261e-08,4.559e-08,-2.7338e-08,1.0624e-09,-2.1319e-08,-2.6319e-08,-1.2695e-08
0,0,-0.04,0.05236,0.05236,-9.0656e-09,-4.874e-08,-4.2075e-08,-3.0166e-08,1.8031e-09,2.5954e-08,4.1471e-08,-3.0966e-08,3.1912e-09,-2.1756e-08,-3.0567e-08,-1.1897e-08
0.04,0,-0.04,0.05236,0.05236,-1.5412e-08,-4.6569e-08,-3.0151e-08,-2.4757e-08,2.0561e-10,3.79e-08,3.348e-08,-2.9094e-08,9.0486e-10,-2.0959e-08,-3.8166e-08,-9.8152e-09
-0.04,0.04,-0.04,0.05236,0.05236,-4.7079e-09,-5.2517e-08,-5.8214e-08,-3.1727e-08,1.1382e-09,1.3618e-08,4.2004e-08,-2.5907e-08,2.3179e-09,-2.1385e-08,-2.1143e-08,-9.1091e-09
0,0.04,-0.04,0.05236,0.05236,-1.0748e-08,-4.9703e-08,-4.7451e-08,-3.214e-08,-3.0171e-09,2.0654e-08,3.6817e-08,-2.5835e-08,3.6764e-09,-2.7516e-08,-2.8659e-08,-7.2942e-09
0.04,0.04,-0.04,0.05236,0.05236,-1.2898e-08,-4.6426e-08,-3.5784e-08,-2.9209e-08,4.6035e-10,2.8399e-08,3.2772e-08,-2.7285e-08,6.7803e-09,-2.1366e-08,-3.5188e-08,-6.0918e-09
0,-0.08,0,0.05236,0.05236,-7.0944e-09,-5.0955e-08,-2.8585e-08,-1.6168e-08,6.813e-09,3.0214e-08,3.4284e-08,-3.437e-08,-6.8326e-09,-1.3581e-08,-3.3461e-08,-1.1679e-08
-0.04,-0.04,0,0.05236,0.05236,-2.353e-09,-5.7379e-08,-4.2358e-08,-1.8531e-08,5.3662e-09,2.2621e-08,3.964e-08,-2.808e-08,-3.133e-09,-1.2685e-08,-2.7179e-08,-1.5397e-08
0,-0.04,0,0.05236,0.05236,-8.7549e-09,-5.3656e-08,-3.1546e-08,-1.9225e-08,6.3885e-09,2.7658e-08,3.5048e-08,-2.6617e-08,-3.6857e-09,-1.4855e-08,-3.3746e-08,-9.7589e-09
0.04,-0.04,0,0.05236,0.05236,-1.5697e-08,-4.9708e-08,-2.6616e-08,-1.7584e-08,5.6544e-09,3.346e-08,3.3165e-08,-3.6444e-08,-3.281e-09,-1.4628e-08,-4.2147e-08,-7.7853e-09
-0.08,0,0,0.05236,0.05236,-1.3114e-09,-5.7332e-08,-5.4811e-08,-2.851e-08,8.034e-09,1.2872e-08,3.894e-08,-2.4126e-08,-2.1381e-09,-1.5481e-08,-2.2179e-08,-1.2308e-08
-0.04,0,0,0.05236,0.05236,-4.1552e-09,-6.0394e-08,-4.3402e-08,-2.4967e-08,1.0521e-08,1.8957e-08,3.6426e-08,-2.5345e-08,-7.4441e-10,-1.5724e-08,-2.6268e-08,-9.4194e-09
0,0,0,0.05236,0.05236,-1.1116e-08,-5.7455e-08,-3.5924e-08,-2.4318e-08,8.2174e-09,2.5315e-08,3.2197e-08,-2.7743e-08,-2.175e-09,-1.6437e-08,-3.1414e-08,-9.3e-09
0.04,0,0,0.05236,0.05236,-1.5226e-08,-5.4501e-08,-2.9783e-08,-2.2581e-08,6.211e-09,2.9901e-08,3.0131e-08,-2.7434e-08,-1.6243e-09,-1.7006e-08,-3.679e-08,-8.2206e-09
0.08,0,0,0.05236,0.05236,-2.2005e-08,-4.7815e-08,-2.7511e-08,-1.9872e-08,5.6104e-09,3.5095e-08,2.5803e-08,-2.9591e-08,-2.3345e-09,-1.6312e-08,-4.8706e-08,-3.096e-09
-0.04,0.04,0,0.05236,0.05236,-6.1834e-09,-6.5999e-08,-5.337e-08,-2.9738e-08,7.3848e-09,1.6682e-08,3.2028e-08,-2.262e-08,2.8779e-10,-1.3984e-08,-2.476e-08,-7.0952e-09
0,0.04,0,0.05236,0.05236,-9.2688e-09,-6.5805e-08,-4.0617e-08,-3.0054e-08,5.5598e-09,1.8152e-08,3.064e-08,-2.5069e-08,1.1177e-09,-1.6876e-08,-3.179e-08,-5.4955e-09
0.04,0.04,0,0.05236,0.05236,-1.4096e-08,-5.2912e-08,-3.4329e-08,-2.9235e-08,4.7887e-09,2.4195e-08,2.6934e-08,-2.2915e-08,3.1664e-09,-1.8035e-08,-3.5217e-08,-4.5856e-09
0,0.08,0,0.05236,0.05236,-8.8657e-09,-5.8553e-08,-5.2489e-08,-4.0067e-08,7.1074e-09,1.4871e-08,2.9831e-08,-2.0236e-08,7.0233e-09,-1.8879e-08,-2.7607e-08,-3.5727e-09
-0.04,-0.04,0.04,0.05236,0.05236,-6.5235e-10,-6.537e-08,-3.4747e-08,-1.8364e-08,1.4242e-08,1.8503e-08,3.264e-08,-2.8202e-08,-6.6491e-09,-1.1238e-08,-2.5788e-08,-8.5132e-09
0,-0.04,0.04,0.05236,0.05236,-9.1691e-09,-6.4385e-08,-3.0477e-08,-1.5991e-08,1.3939e-08,2.4411e-08,3.0124e-08,-2.7068e-08,-6.5586e-09,-1.0503e-08,-3.3496e-08,-2.3869e-09
0.04,-0.04,0.04,0.05236,0.05236,-1.2594e-08,-5.8409e-08,-2.7998e-08,-1.5517e-08,1.0121e-08,3.1081e-08,2.4494e-08,-2.6109e-08,-1.0571e-08,-8.6507e-09,-3.7376e-08,-9.0115e-10
-0.04,0,0.04,0.05236,0.05236,-2.5248e-09,-7.6676e-08,-3.7994e-08,-2.1597e-08,1.5794e-08,1.728e-08,3.2408e-08,-2.1978e-08,-4.9057e-09,-9.6426e-09,-2.4327e-08,-5.4264e-09
0,0,0.04,0.05236,0.05236,-8.7047e-09,-7.779e-08,-3.5412e-08,-2.1759e-08,1.1363e-08,2.1748e-08,2.6488e-08,-2.44e-08,-4.5102e-09,-1.1854e-08,-2.9961e-08,-2.3163e-09
0.04,0,0.04,0.05236,0.05236,-1.448e-08,-6.5501e-08,-3.1308e-08,-1.952e-08,1.0946e-08,2.7708e-08,2.6194e-08,-2.2088e-08,-7.2728e-09,-1.0357e-08,-3.7381e-08,-2.6073e-10
-0.04,0.04,0.04,0.05236,0.05236,-1.5708e-09,-7.8715e-08,-4.5726e-08,-2.642e-08,1.5374e-08,1.7541e-08,2.9633e-08,-2.0006e-08,-1.9851e-09,-1.2652e-08,-2.5279e-08,-9.3571e-10
0,0.04,0.04,0.05236,0.05236,-5.3255e-09,-7.3041e-08,-4.0984e-08,-2.5315e-08,1.0397e-08,1.8675e-08,2.6525e-08,-2.1757e-08,5.057e-10,-1.1823e-08,-2.8316e-08,-8.9688e-10
0.04,0.04,0.04,0.05236,0.05236,-1.3372e-08,-6.6561e-08,-3.0812e-08,-2.2061e-08,9.9234e-09,2.4659e-08,2.4674e-08,-2.0928e-08,1.3863e-09,-8.9305e-09,-3.9182e-08,1.293e-09
0,0,0.08,0.05236,0.05236,-4.5363e-09,-8.0299e-08,-3.1415e-08,-1.6322e-08,2.0234e-08,1.8456e-08,2.2937e-08,-1.9484e-08,-1.0899e-08,-5.7947e-09,-2.8952e-08,3.8524e-09
0,0,-0.08,0.10472,0.05236,-9.9939e-09,-4.3517e-08,-4.2163e-08,-2.6881e-08,-4.0704e-09,2.4473e-08,4.5155e-08,-3.1402e-08,5.234e-10,-2.6111e-08,-2.7459e-08,-1.7671e-08
-0.04,-0.04,-0.04,0.10472,0.05236,-4.4601e-09,-4.9479e-08,-4.4471e-08,-2.1143e-08,2.8833e-09,1.9424e-08,5.0203e-08,-3.6707e-08,-2.6721e-09,-1.7708e-08,-2.5301e-08,-2.5312e-08
0,-0.04,-0.04,0.10472,0.05236,-9.8947e-09,-4.3284e-08,-3.4101e-08,-1.9797e-08,3.5634e-09,2.5612e-08,4.5556e-08,-3.8186e-08,-2.7393e-09,-1.7561e-08,-2.9767e-08,-1.9333e-08
0.04,-0.04,-0.04,0.10472,0.05236,-1.4232e-08,-4.1486e-08,-3.1517e-08,-2.0226e-08,2.1844e-09,3.7619e-08,3.7441e-08,-4.1767e-08,-5.1304e-09,-1.8145e-08,-3.9089e-08,-1.4419e-08
-0.04,0,-0.04,0.10472,0.05236,-5.7568e-09,-5.2575e-08,-4.9993e-08,-2.8282e-08,1.5103e-09,1.8455e-08,4.0325e-08,-2.8767e-08,4.0592e-10,-1.9248e-08,-2.4644e-08,-1.4888e-08
0,0,-0.04,0.10472,0.05236,-9.7088e-09,-4.734e-08,-4.0814e-08,-2.379e-08,-3.5757e-10,2.5284e-08,4.1714e-08,-3.2644e-08,-5.4139e-10,-1.9555e-08,-3.193e-08,-1.2956e-08
0.04,0,-0.04,0.10472,0.05236,-1.5539e-08,-4.3008e-08,-3.6176e-08,-2.3625e-08,2.179e-09,3.7892e-08,3.2923e-08,-3.1634e-08,-2.6561e-10,-2.2903e-08,-4.0003e-08,-1.1255e-08
-0.04,0.04,-0.04,0.10472,0.05236,-6.0545e-09,-5.1175e-08,-5.8782e-08,-3.1379e-08,-4.798e-09,1.5739e-08,4.1017e-08,-2.5215e-08,2.5693e-09,-1.7877e-08,-2.3455e-08,-1.331e-08
0,0.04,-0.04,0.10472,0.05236,-9.3992e-09,-5.0665e-08,-4.8341e-08,-3.115e-08,2.744e-09,1.8258e-08,3.7587e-08,-2.4324e-08,4.0339e-09,-2.3464e-08,-2.9042e-08,-1.1982e-08
0.04,0.04,-0.04,0.10472,0.05236,-1.5144e-08,-4.8013e-08,-3.9723e-08,-2.7987e-08,1.149e-09,2.5744e-08,3.4763e-08,-2.7326e-08,2.9758e-09,-2.0466e-08,-3.2998e-08,-9.5284e-09
0,-0.08,0,0.10472,0.05236,-8.9121e-09,-5.1285e-08,-3.0004e-08,-1.3729e-08,9.6305e-09,2.6634e-08,3.7922e-08,-3.7571e-08,-7.5793e-09,-1.1989e-08,-3.1117e-08,-1.7421e-08
-0.04,-0.04,0,0.10472,0.05236,-4.114e-09,-5.7095e-08,-3.8134e-08,-1.6109e-08,8.7121e-09,1.9086e-08,3.834e-08,-3.2222e-08,-5.7229e-09,-1.3771e-08,-2.8416e-08,-1.6057e-08
0,-0.04,0,0.10472,0.05236,-9.2565e-09,-5.4802e-08,-3.6857e-08,-1.7182e-08,7.5462e-09,2.6216e-08,3.249e-08,-3.4083e-08,-6.1352e-09,-1.3936e-08,-3.3784e-08,-1.2329e-08
0.04,-0.04,0,0.10472,0.05236,-1.6854e-08,-4.6531e-08,-2.676e-08,-1.79e-08,6.8605e-09,3.4622e-08,3.3404e-08,-3.8079e-08,-7.5372e-09,-1.4555e-08,-3.912e-08,-1.0822e-08
-0.08,0,0,0.10472,0.05236,-1.7079e-09,-6.0702e-08,-5.1357e-08,-2.2061e-08,1.2868e-08,1.2534e-08,4.2709e-08,-2.3846e-08,-2.0055e-09,-1.5212e-08,-2.107e-08,-1.0696e-08
-0.04,0,0,0.10472,0.05236,-5.3022e-09,-6.1376e-08,-4.7489e-08,-2.0919e-08,1.0541e-08,1.8281e-08,3.9828e-08,-2.5618e-08,-4.5104e-09,-1.4264e-08,-2.5415e-08,-1.1129e-08
0,0,0,0.10472,0.05236,-7.676e-09,-5.8264e-08,-4.022e-08,-2.1173e-08,8.6997e-09,2.5365e-08,3.2038e-08,-3.1183e-08,-2.8722e-09,-1.4322e-08,-3.1506e-08,-9.4895e-09
0.04,0,0,0.10472,0.05236,-1.5867e-08,-5.6026e-08,-3.5734e-08,-2.3094e-08,7.4921e-09,3.0403e-08,2.766e-08,-2.9487e-08,-2.7959e-09,-1.3359e-08,-3.6197e-08,-9.178e-09
0.08,0,0,0.10472,0.05236,-2.1231e-08,-4.7815e-08,-2.4329e-08,-1.7269e-08,6.0233e-09,3.9054e-08,2.7419e-08,-2.8897e-08,-3.2472e-09,-1.3041e-08,-4.9627e-08,-4.8118e-09
-0.04,0.04,0,0.10472,0.05236,-4.7358e-09,-5.8283e-08,-5.2309e-08,-3.2007e-08,7.3162e-09,1.3784e-08,3.5002e-08,-2.4709e-08,-2.301e-09,-1.6732e-08,-2.381e-08,-8.0355e-09
0,0.04,0,0.10472,0.05236,-1.1385e-08,-6.1175e-08,-4.3356e-08,-2.2821e-08,7.0754e-09,1.7051e-08,3.0564e-08,-2.32e-08,1.5321e-09,-2.0929e-08,-2.8734e-08,-7.5494e-09
0.04,0.04,0,0.10472,0.05236,-1.7074e-08,-5.5412e-08,-3.5049e-08,-2.3783e-08,6.7041e-09,2.5162e-08,2.9321e-08,-2.5058e-08,-2.047e-10,-1.3873e-08,-3.6513e-08,-5.4817e-09
0,0.08,0,0.10472,0.05236,-9.2859e-09,-5.9401e-08,-4.6966e-08,-3.4922e-08,4.9515e-09,1.4449e-08,2.9386e-08,-1.8133e-08,6.641e-09,-1.7768e-08,-2.6824e-08,-5.6017e-09
-0.04,-0.04,0.04,0.10472,0.05236,-6.5476e-10,-6.7341e-08,-3.754e-08,-1.3043e-08,1.9418e-08,1.8917e-08,3.1972e-08,-2.5083e-08,-9.4481e-09,-1.0773e-08,-2.6931e-08,-8.6212e-09
0,-0.04,0.04,0.10472,0.05236,-6.3364e-09,-7.0263e-08,-3.3214e-08,-1.2642e-08,1.3099e-08,2.4651e-08,3.0842e-08,-2.9395e-08,-9.6913e-09,-9.6599e-09,-3.0511e-08,-9.7377e-09
0.04,-0.04,0.04,0.10472,0.05236,-1.7562e-08,-6.736e-08,-2.6609e-08,-1.2382e-08,1.0238e-08,2.8917e-08,2.8856e-08,-2.9018e-08,-1.1029e-08,-9.6966e-09,-3.8316e-08,-3.5735e-09
-0.04,0,0.04,0.10472,0.05236,-3.7275e-09,-7.6019e-08,-4.1105e-08,-1.9147e-08,1.6685e-08,1.7428e-08,3.1294e-08,-2.2038e-08,-6.1895e-09,-9.304e-09,-2.6852e-08,-6.7458e-09
0,0,0.04,0.10472,0.05236,-6.5863e-09,-6.2985e-08,-3.6093e-08,-1.5925e-08,1.5367e-08,2.1906e-08,2.8246e-08,-2.2511e-08,-7.914e-09,-8.1834e-09,-3.0724e-08,-5.5194e-09
0.04,0,0.04,0.10472,0.05236,-1.7819e-08,-6.3982e-08,-2.851e-08,-1.49e-08,1.0217e-08,2.5769e-08,2.6364e-08,-2.6985e-08,-8.3291e-09,-9.0409e-09,-3.7307e-08,-4.6203e-09
-0.04,0.04,0.04,0.10472,0.05236,-1.0251e-09,-8.4568e-08,-4.5167e-08,-2.3859e-08,1.2126e-08,1.4728e-08,3.0556e-08,-1.9289e-08,-4.8066e-09,-1.2142e-08,-2.5795e-08,-4.3151e-09
0,0.04,0.04,0.10472,0.05236,-7.5195e-09,-7.0348e-08,-3.8912e-08,-2.3343e-08,1.1887e-08,1.6911e-08,2.7561e-08,-2.0221e-08,-4.3719e-09,-1.1415e-08,-2.8863e-08,-3.532e-09
0.04,0.04,0.04,0.10472,0.05236,-1.1781e-08,-6.6074e-08,-3.1781e-08,-2.0755e-08,1.0575e-08,2.1953e-08,2.7115e-08,-2.0636e-08,-4.9822e-09,-7.6809e-09,-3.4966e-08,-2.3377e-09
0,0,0.08,0.10472,0.05236,-5.1488e-09,-8.0053e-08,-3.5113e-08,-1.0989e-08,1.7225e-08,2.0579e-08,2.3091e-08,-2.2949e-08,-1.0143e-08,-5.401e-09,-2.8595e-08,-4.0516e-10
0,0,-0.08,0.15708,0.05236,-1.0759e-08,-4.1235e-08,-4.4818e-08,-2.3149e-08,-4.1343e-10,2.5671e-08,4.9795e-08,-3.5083e-08,9.0824e-10,-2.5848e-08,-2.9658e-08,-1.9293e-08
-0.04,-0.04,-0.04,0.15708,0.05236,-5.1877e-09,-5.2722e-08,-4.3434e-08,-1.9594e-08,2.1118e-09,2.0273e-08,4.5783e-08,-3.5069e-08,-5.8661e-09,-1.5157e-08,-2.6566e-08,-2.6783e-08
0,-0.04,-0.04,0.15708,0.05236,-1.0095e-08,-4.4379e-08,-4.3941e-08,-1.7675e-08,4.1796e-09,2.9214e-08,4.4311e-08,-3.5717e-08,-5.2145e-09,-1.7834e-08,-3.1154e-08,-1.9129e-08
0.04,-0.04,-0.04,0.15708,0.05236,-1.9063e-08,-4.3688e-08,-3.3243e-08,-1.7881e-08,3.5829e-09,3.5335e-08,3.8596e-08,-3.7045e-08,-5.9369e-09,-1.8594e-08,-3.9326e-08,-1.6413e-08
-0.04,0,-0.04,0.15708,0.05236,-5.3644e-09,-4.817e-08,-5.3349e-08,-2.434e-08,1.5631e-09,1.8199e-08,4.4456e-08,-2.8159e-08,-2.6811e-09,-1.9045e-08,-2.3914e-08,-2.0385e-08
0,0,-0.04,0.15708,0.05236,-8.0228e-09,-4.7056e-08,-4.1952e-08,-2.2755e-08,2.144e-09,2.287e-08,3.6622e-08,-2.8507e-08,-1.1237e-09,-1.7325e-08,-3.1405e-08,-1.4747e-08
0.04,0,-0.04,0.15708,0.05236,-1.7363e-08,-4.7581e-08,-3.3952e-08,-2.1488e-08,1.9019e-09,3.2269e-08,3.5028e-08,-3.2768e-08,-2.2689e-09,-1.9892e-08,-3.3783e-08,-1.3563e-08
-0.04,0.04,-0.04,0.15708,0.05236,-5.803e-09,-5.0721e-08,-5.6398e-08,-3.2073e-08,-1.5567e-09,1.0791e-08,4.0319e-08,-2.714e-08,1.0561e-09,-2.1034e-08,-2.5333e-08,-1.4861e-08
0,0.04,-0.04,0.15708,0.05236,-1.0869e-08,-5.0211e-08,-4.1608e-08,-2.6288e-08,2.8301e-09,2.1106e-08,3.7027e-08,-2.6008e-08,1.0532e-09,-1.7971e-08,-2.5663e-08,-1.1789e-08
0.04,0.04,-0.04,0.15708,0.05236,-1.3568e-08,-4.7633e-08,-3.3455e-08,-2.5156e-08,1.325e-09,2.7453e-08,3.0741e-08,-2.6203e-08,1.8049e-09,-2.2133e-08,-3.4453e-08,-9.3178e-09
0,-0.08,0,0.15708,0.05236,-9.0879e-09,-5.0792e-08,-3.083e-08,-9.8534e-09,1.017e-08,2.4594e-08,3.6766e-08,-4.0471e-08,-8.4982e-09,-1.1907e-08,-3.3798e-08,-1.8722e-08
-0.04,-0.04,0,0.15708,0.05236,-4.7061e-09,-5.37e-08,-4.16e-08,-1.6143e-08,1.1541e-08,1.7758e-08,3.9752e-08,-3.0557e-08,-7.0209e-09,-1.3908e-08,-2.7209e-08,-2.206e-08
0,-0.04,0,0.15708,0.05236,-6.7249e-09,-5.2497e-08,-3.3436e-08,-1.5592e-08,9.2726e-09,2.4256e-08,3.6964e-08,-3.6627e-08,-7.1024e-09,-1.4346e-08,-3.1454e-08,-1.7205e-08
0.04,-0.04,0,0.15708,0.05236,-1.7991e-08,-5.2073e-08,-2.6527e-08,-1.2907e-08,7.9068e-09,3.133e-08,3.0854e-08,-3.578e-08,-8.6065e-09,-1.4305e-08,-3.9913e-08,-1.3701e-08
-0.08,0,0,0.15708,0.05236,1.504e-09,-6.2763e-08,-5.3745e-08,-1.9814e-08,9.729e-09,1.1719e-08,4.3355e-08,-2.6881e-08,-3.2734e-09,-1.4408e-08,-2.2329e-08,-1.8144e-08
-0.04,0,0,0.15708,0.05236,-5.175e-09,-6.0807e-08,-4.8212e-08,-2.2661e-08,1.0396e-08,1.6508e-08,3.6361e-08,-2.9324e-08,-4.4676e-09,-1.4406e-08,-2.6144e-08,-1.7531e-08
0,0,0,0.15708,0.05236,-6.6398e-09,-5.6129e-08,-4.2331e-08,-1.7508e-08,8.7213e-09,2.4568e-08,3.8571e-08,-3.0175e-08,-5.6529e-09,-1.3647e-08,-3.0097e-08,-1.2055e-08
0.04,0,0,0.15708,0.05236,-1.7419e-08,-6.2438e-08,-3.3282e-08,-1.8648e-08,8.6036e-09,3.1041e-08,2.9402e-08,-2.9451e-08,-4.6131e-09,-1.3388e-08,-3.8169e-08,-9.6805e-09
0.08,0,0,0.15708,0.05236,-2.279e-08,-4.7657e-08,-2.8003e-08,-1.7939e-08,6.4548e-09,3.4754e-08,2.6723e-08,-3.0261e-08,-5.5322e-09,-1.1441e-08,-4.5035e-08,-7.148e-09
-0.04,0.04,0,0.15708,0.05236,-4.7537e-09,-5.5889e-08,-5.1074e-08,-2.4854e-08,8.7915e-09,1.3664e-08,3.388e-08,-2.2038e-08,-2.6615e-09,-1.3515e-08,-2.4252e-08,-1.0256e-08
0,0.04,0,0.15708,0.05236,-9.6116e-09,-5.2673e-08,-4.3979e-08,-2.101e-08,7.294e-09,1.9053e-08,3.0933e-08,-2.3589e-08,-9.3885e-10,-1.5848e-08,-2.7591e-08,-8.3211e-09
0.04,0.04,0,0.15708,0.05236,-1.4124e-08,-5.755e-08,-3.3267e-08,-2.4078e-08,5.8384e-09,2.2286e-08,2.8759e-08,-2.421e-08,-1.5723e-09,-1.2874e-08,-3.7114e-08,-6.2995e-09
0,0.08,0,0.15708,0.05236,-8.863e-09,-5.7788e-08,-4.9695e-08,-2.7679e-08,6.4483e-09,1.7273e-08,2.6977e-08,-2.1344e-08,3.4278e-09,-1.4047e-08,-2.6994e-08,-7.1509e-09
-0.04,-0.04,0.04,0.15708,0.05236,9.5117e-10,-6.191e-08,-4.1135e-08,-1.1592e-08,1.5406e-08,1.7321e-08,3.5268e-08,-2.7225e-08,-9.0473e-09,-7.4236e-09,-2.6042e-08,-1.9153e-08
0,-0.04,0.04,0.15708,0.05236,-4.7155e-09,-6.3303e-08,-3.3704e-08,-1.0972e-08,1.484e-08,2.2187e-08,2.8724e-08,-2.7858e-08,-1.1658e-08,-9.112e-09,-2.9712e-08,-1.062e-08
0.04,-0.04,0.04,0.15708,0.05236,-1.604e-08,-5.2502e-08,-2.7889e-08,-1.1255e-08,1.166e-08,2.7581e-08,2.8322e-08,-3.3358e-08,-1.3003e-08,-7.5434e-09,-3.8677e-08,-7.089e-09
-0.04,0,0.04,0.15708,0.05236,-4.2524e-09,-6.4588e-08,-4.1932e-08,-1.5147e-08,1.5414e-08,1.608e-08,3.2074e-08,-2.4607e-08,-6.8689e-09,-9.0961e-09,-2.6627e-08,-1.007e-08
0,0,0.04,0.15708,0.05236,-8.2683e-09,-7.0544e-08,-3.6371e-08,-1.4417e-08,1.4897e-08,1.828e-08,2.8143e-08,-2.5521e-08,-9.6073e-09,-7.1922e-09,-3.0015e-08,-9.5692e-09
0.04,0,0.04,0.15708,0.05236,-1.2705e-08,-6.1384e-08,-3.0845e-08,-1.4805e-08,1.0879e-08,2.9467e-08,2.7528e-08,-2.6805e-08,-1.1903e-08,-7.5864e-09,-3.698e-08,-4.4293e-09
-0.04,0.04,0.04,0.15708,0.05236,-5.3104e-09,-7.0886e-08,-4.6871e-08,-1.8137e-08,1.5799e-08,1.187e-08,2.9821e-08,-2.2033e-08,-4.4184e-09,-9.5851e-09,-2.4927e-08,-4.6773e-09
0,0.04,0.04,0.15708,0.05236,-8.6309e-09,-7.0944e-08,-3.9092e-08,-1.5568e-08,1.275e-08,1.8266e-08,2.7893e-08,-2.1396e-08,-7.1885e-09,-7.9708e-09,-2.816e-08,-5.723e-09
0.04,0.04,0.04,0.15708,0.05236,-1.533e-08,-6.1107e-08,-3.4136e-08,-1.9701e-08,1.3334e-08,2.0478e-08,2.598e-08,-2.1957e-08,-5.2055e-09,-1.0233e-08,-3.3273e-08,-3.5029e-09
0,0,0.08,0.15708,0.05236,-9.953e-09,-8.4729e-08,-3.0678e-08,-1.0815e-08,1.8175e-08,1.7878e-08,2.5243e-08,-2.2362e-08,-1.3219e-08,-3.9117e-09,-2.8142e-08,-3.5276e-09
0,0,-0.08,0.05236,0.10472,-1.0512e-08,-4.2448e-08,-4.459e-08,-2.7336e-08,-3.6804e-09,2.3199e-08,4.4689e-08,-3.314e-08,3.3099e-09,-2.5072e-08,-2.9067e-08,-1.5359e-08
-0.04,-0.04,-0.04,0.05236,0.10472,-5.774e-09,-4.8763e-08,-4.2762e-08,-2.1592e-08,2.7802e-09,2.3426e-08,4.9899e-08,-3.5314e-08,-8.6646e-10,-1.7326e-08,-2.4468e-08,-1.9059e-08
0,-0.04,-0.04,0.05236,0.10472,-1.0817e-08,-4.3489e-08,-3.5752e-08,-2.1524e-08,-5.2524e-10,3.4115e-08,4.1717e-08,-3.5792e-08,-1.7896e-09,-1.8544e-08,-3.2255e-08,-1.4466e-08
0.04,-0.04,-0.04,0.05236,0.10472,-1.4815e-08,-4.6442e-08,-3.0757e-08,-2.024e-08,2.2295e-09,4.0246e-08,4.3294e-08,-3.3528e-08,-1.0827e-09,-1.7748e-08,-3.9791e-08,-1.3787e-08
-0.04,0,-0.04,0.05236,0.10472,-5.9363e-09,-5.0472e-08,-4.6638e-08,-2.8985e-08,5.931e-10,1.9282e-08,4.2425e-08,-2.9686e-08,7.4413e-10,-2e-08,-2.5886e-08,-1.6857e-08
0,0,-0.04,0.05236,0.10472,-8.7847e-09,-4.8902e-08,-4.4535e-08,-2.5436e-08,-3.8601e-11,2.2005e-08,3.9841e-08,-3.1227e-08,1.0338e-09,-1.988e-08,-3.1183e-08,-1.2639e-08
0.04,0,-0.04,0.05236,0.10472,-1.6654e-08,-4.5604e-08,-3.2358e-08,-2.6683e-08,2.9598e-09,3.8739e-08,3.2713e-08,-2.8194e-08,1.7134e-09,-2.4574e-08,-3.8169e-08,-1.0846e-08
-0.04,0.04,-0.04,0.05236,0.10472,-5.1576e-09,-4.9801e-08,-5.3208e-08,-3.6634e-08,-2.8858e-09,1.5536e-08,4.0407e-08,-2.4283e-08,4.419e-09,-2.3191e-08,-2.3e-08,-9.615e-09
0,0.04,-0.04,0.05236,0.10472,-7.6554e-09,-4.6333e-08,-4.4885e-08,-3.2078e-08,4.3662e-10,2.0976e-08,3.737e-08,-2.6712e-08,5.0122e-09,-2.4284e-08,-3.0862e-08,-9.383e-09
0.04,0.04,-0.04,0.05236,0.10472,-1.223e-08,-4.5119e-08,-3.6791e-08,-3.0127e-08,9.8703e-10,2.9343e-08,3.2543e-08,-2.6482e-08,5.2791e-09,-2.6708e-08,-3.7189e-08,-7.5701e-09
0,-0.08,0,0.05236,0.10472,-8.2135e-09,-5.2323e-08,-2.8948e-08,-1.7283e-08,5.8159e-09,2.7639e-08,3.5114e-08,-3.7914e-08,-7.0468e-09,-1.5202e-08,-3.3958e-08,-1.4397e-08
-0.04,-0.04,0,0.05236,0.10472,-3.2612e-09,-5.0695e-08,-3.4847e-08,-1.9934e-08,6.9645e-09,2.2106e-08,3.8257e-08,-3.2907e-08,-3.0066e-09,-1.514e-08,-2.7487e-08,-1.5711e-08
0,-0.04,0,0.05236,0.10472,-1.1534e-08,-5.2948e-08,-3.1633e-08,-1.807e-08,7.0039e-09,2.9162e-08,3.6574e-08,-3.1379e-08,-4.4814e-09,-1.514e-08,-3.0504e-08,-1.3393e-08
0.04,-0.04,0,0.05236,0.10472,-1.572e-08,-5.2391e-08,-2.6726e-08,-1.9206e-08,5.0366e-09,3.5491e-08,3.2213e-08,-3.1146e-08,-4.8251e-09,-1.5051e-08,-4.3947e-08,-8.6004e-09
-0.08,0,0,0.05236,0.10472,1.3822e-09,-6.364e-08,-5.2688e-08,-2.7614e-08,7.8505e-09,1.3316e-08,4.1426e-08,-2.4372e-08,-1.2791e-09,-1.5643e-08,-2.1938e-08,-9.7264e-09
-0.04,0,0,0.05236,0.10472,-4.3525e-09,-5.952e-08,-4.032e-08,-2.2827e-08,8.9356e-09,1.6789e-08,3.7244e-08,-2.5869e-08,-1.7142e-09,-1.6211e-08,-2.7028e-08,-8.3256e-09
0,0,0,0.05236,0.10472,-1.0067e-08,-5.5869e-08,-3.8213e-08,-2.7178e-08,7.1622e-09,2.491e-08,3.4316e-08,-2.5707e-08,-9.6587e-10,-1.6067e-08,-3.2583e-08,-7.1267e-09
0.04,0,0,0.05236,0.10472,-1.4268e-08,-5.6052e-08,-2.9658e-08,-2.1743e-08,7.89e-09,3.0915e-08,2.944e-08,-2.7497e-08,-1.5445e-09,-1.7873e-08,-4.0121e-08,-6.4937e-09
0.08,0,0,0.05236,0.10472,-2.0404e-08,-5.2305e-08,-2.5785e-08,-1.9472e-08,5.9114e-09,4.1354e-08,2.7005e-08,-2.7138e-08,-1.5854e-09,-2.0465e-08,-4.3346e-08,-5.1822e-09
-0.04,0.04,0,0.05236,0.10472,-4.0744e-09,-6.0017e-08,-5.3961e-08,-3.6655e-08,8.4627e-09,1.2422e-08,3.5038e-08,-2.1652e-08,2.9677e-09,-1.727e-08,-2.5785e-08,-6.879e-09
0,0.04,0,0.05236,0.10472,-9.9124e-09,-5.9488e-08,-4.4105e-08,-2.7227e-08,5.9292e-09,2.0585e-08,3.2164e-08,-2.2168e-08,1.6576e-09,-1.6293e-08,-3.1122e-08,-4.7466e-09
0.04,0.04,0,0.05236,0.10472,-1.3691e-08,-5.5023e-08,-3.3579e-08,-2.6682e-08,4.1698e-09,2.5613e-08,2.9073e-08,-2.3421e-08,1.7472e-09,-1.51e-08,-3.7745e-08,-4.4123e-09
0,0.08,0,0.05236,0.10472,-7.729e-09,-6.3554e-08,-4.484e-08,-3.8295e-08,6.9447e-09,1.6682e-08,3.0462e-08,-1.9779e-08,8.7418e-09,-1.8343e-08,-2.6846e-08,-4.1962e-09
-0.04,-0.04,0.04,0.05236,0.10472,-1.0914e-09,-7.5947e-08,-3.4936e-08,-1.4488e-08,1.743e-08,2.1281e-08,3.2583e-08,-2.537e-08,-6.2645e-09,-1.1148e-08,-2.673e-08,-8.2309e-09
0,-0.04,0.04,0.05236,0.10472,-6.5871e-09,-6.274e-08,-2.9836e-08,-1.7652e-08,1.206e-08,2.5944e-08,3.1039e-08,-2.6977e-08,-7.2206e-09,-1.1382e-08,-3.1589e-08,-6.4061e-09
0.04,-0.04,0.04,0.05236,0.10472,-1.6146e-08,-5.5253e-08,-2.7761e-08,-1.4909e-08,1.0774e-08,2.8675e-08,2.949e-08,-3.1742e-08,-8.8116e-09,-1.0401e-08,-4.1672e-08,-1.7292e-09
-0.04,0,0.04,0.05236,0.10472,-2.3826e-09,-7.4373e-08,-4.1881e-08,-2.0786e-08,1.7683e-08,1.7786e-08,2.9589e-08,-2.3231e-08,-5.888e-09,-1.2707e-08,-2.5853e-08,-3.5162e-09
0,0,0.04,0.05236,0.10472,-9.5522e-09,-6.897e-08,-3.3326e-08,-2.0469e-08,1.2227e-08,2.3029e-08,2.8513e-08,-2.3221e-08,-4.7268e-09,-1.0032e-08,-3.1591e-08,-5.5563e-09
0.04,0,0.04,0.05236,0.10472,-1.6472e-08,-6.4508e-08,-2.8991e-08,-1.8026e-08,9.6921e-09,2.6672e-08,2.6213e-08,-2.26e-08,-3.7041e-09,-6.9343e-09,-3.5768e-08,-2.453e-09
-0.04,0.04,0.04,0.05236,0.10472,-2.3974e-09,-7.3193e-08,-4.1856e-08,-2.5009e-08,1.6639e-08,1.397e-08,3.1273e-08,-1.9079e-08,-2.3815e-09,-1.1029e-08,-2.4527e-08,1.3811e-10
0,0.04,0.04,0.05236,0.10472,-7.1257e-09,-7.1391e-08,-3.9258e-08,-2.6739e-08,1.2867e-08,1.9397e-08,2.6412e-08,-1.9318e-08,-4.3318e-11,-1.1284e-08,-3.0055e-08,1.148e-10
0.04,0.04,0.04,0.05236,0.10472,-9.8141e-09,-6.1085e-08,-3.1727e-08,-2.2553e-08,1.1289e-08,2.2407e-08,2.4753e-08,-2.0373e-08,-1.5853e-09,-8.203e-09,-3.4195e-08,3.2644e-10
0,0,0.08,0.05236,0.10472,-4.1231e-09,-8.5712e-08,-3.0687e-08,-1.2468e-08,1.7677e-08,1.9424e-08,2.2461e-08,-1.8763e-08,-9.1557e-09,-7.0282e-09,-2.9319e-08,3.2397e-09
0,0,-0.08,0.10472,0.10472,-8.4666e-09,-4.2651e-08,-4.4895e-08,-2.2882e-08,-2.1242e-09,2.5136e-08,4.5521e-08,-3.0378e-08,1.4475e-09,-2.6794e-08,-2.9074e-08,-1.932e-08
-0.04,-0.04,-0.04,0.10472,0.10472,-6.5221e-09,-4.9207e-08,-4.3821e-08,-2.1016e-08,4.1163e-09,2.3378e-08,5.117e-08,-3.2573e-08,-3.1992e-09,-1.6905e-08,-2.7158e-08,-2.3394e-08
0,-0.04,-0.04,0.10472,0.10472,-1.0879e-08,-4.769e-08,-3.7712e-08,-1.9803e-08,3.5346e-09,2.7851e-08,4.0898e-08,-3.5595e-08,-2.7142e-09,-1.6967e-08,-3.055e-08,-1.7057e-08
0.04,-0.04,-0.04,0.10472,0.10472,-1.6242e-08,-4.2252e-08,-2.7566e-08,-1.9919e-08,2.6198e-09,3.5882e-08,3.9806e-08,-3.5606e-08,-4.1742e-09,-1.9421e-08,-4.0448e-08,-1.4447e-08
-0.04,0,-0.04,0.10472,0.10472,-6.9246e-09,-5.22e-08,-5.1417e-08,-2.4877e-08,3.0178e-09,1.7192e-08,4.2487e-08,-2.7908e-08,-7.3463e-10,-2.1034e-08,-2.6169e-08,-1.5027e-08
0,0,-0.04,0.10472,0.10472,-9.6154e-09,-4.6662e-08,-4.7208e-08,-2.3032e-08,3.2013e-09,2.8147e-08,4.0255e-08,-2.9306e-08,7.9916e-11,-1.9209e-08,-3.1992e-08,-1.3877e-08
0.04,0,-0.04,0.10472,0.10472,-1.5576e-08,-4.4991e-08,-3.3553e-08,-2.3117e-08,2.0108e-09,3.2532e-08,3.6644e-08,-3.0946e-08,2.6195e-11,-1.9747e-08,-3.795e-08,-1.0351e-08
-0.04,0.04,-0.04,0.10472,0.10472,-4.92e-09,-5.1398e-08,-5.8645e-08,-3.2381e-08,2.9601e-09,1.1757e-08,3.9994e-08,-2.4866e-08,2.7661e-09,-1.8596e-08,-2.4569e-08,-1.415e-08
0,0.04,-0.04,0.10472,0.10472,-8.7004e-09,-4.7546e-08,-4.6754e-08,-2.8525e-08,2.0828e-09,2.2716e-08,4.0168e-08,-2.5301e-08,3.6132e-09,-2.2831e-08,-2.8128e-08,-1.0044e-08
0.04,0.04,-0.04,0.10472,0.10472,-1.3871e-08,-4.5865e-08,-3.5263e-08,-2.8846e-08,1.9868e-09,2.387e-08,3.1844e-08,-2.6161e-08,3.4185e-09,-2.6391e-08,-3.571e-08,-8.8657e-09
0,-0.08,0,0.10472,0.10472,-9.0412e-09,-4.8334e-08,-3.0097e-08,-1.4779e-08,8.2583e-09,2.9287e-08,3.8842e-08,-4.2017e-08,-7.2887e-09,-1.2271e-08,-3.3128e-08,-1.677e-08
-0.04,-0.04,0,0.10472,0.10472,-4.3984e-09,-5.6386e-08,-4.2766e-08,-1.7349e-08,9.1725e-09,1.9291e-08,4.3596e-08,-3.0538e-08,-5.1348e-09,-1.3549e-08,-2.539e-08,-1.6711e-08
0,-0.04,0,0.10472,0.10472,-8.2665e-09,-5.6761e-08,-3.6939e-08,-1.5934e-08,7.2078e-09,2.6239e-08,3.8368e-08,-3.1474e-08,-7.2248e-09,-1.4193e-08,-3.1903e-08,-1.6012e-08
0.04,-0.04,0,0.10472,0.10472,-1.4964e-08,-4.8611e-08,-2.8823e-08,-1.768e-08,6.8387e-09,3.6508e-08,3.1789e-08,-3.4859e-08,-6.5892e-09,-1.411e-08,-3.6712e-08,-8.6754e-09
-0.08,0,0,0.10472,0.10472,-2.2126e-09,-6.1987e-08,-5.3042e-08,-2.4373e-08,1.1337e-08,1.035e-08,4.3287e-08,-2.5301e-08,-3.3148e-09,-1.4342e-08,-2.3433e-08,-1.7421e-08
-0.04,0,0,0.10472,0.10472,-3.3336e-09,-6.2203e-08,-4.4757e-08,-2.1833e-08,9.123e-09,1.634e-08,3.6634e-08,-2.6717e-08,-2.5756e-09,-1.4647e-08,-2.5126e-08,-1.2218e-08
0,0,0,0.10472,0.10472,-8.5615e-09,-5.3467e-08,-3.9082e-08,-2.3052e-08,7.3868e-09,2.4373e-08,3.3387e-08,-2.724e-08,-4.6086e-09,-1.3183e-08,-2.8931e-08,-1.0094e-08
0.04,0,0,0.10472,0.10472,-1.5396e-08,-5.2991e-08,-3.3201e-08,-2.1925e-08,6.6627e-09,2.9402e-08,3.3761e-08,-2.9154e-08,-3.232e-09,-1.5781e-08,-3.8303e-08,-7.8491e-09
0.08,0,0,0.10472,0.10472,-2.1912e-08,-4.9333e-08,-2.6505e-08,-1.8014e-08,5.497e-09,3.5375e-08,2.8906e-08,-2.7449e-08,-3.2968e-09,-1.1689e-08,-4.7328e-08,-5.1575e-09
-0.04,0.04,0,0.10472,0.10472,-4.3232e-09,-6.2631e-08,-5.2638e-08,-2.4617e-08,9.7284e-09,1.3699e-08,3.3823e-08,-2.4558e-08,1.402e-10,-1.6032e-08,-2.1637e-08,-9.5661e-09
0,0.04,0,0.10472,0.10472,-1.0526e-08,-6.1945e-08,-4.5384e-08,-2.6408e-08,6.0405e-09,2.0335e-08,3.0175e-08,-2.5279e-08,-1.2544e-09,-1.5178e-08,-2.8902e-08,-6.2104e-09
0.04,0.04,0,0.10472,0.10472,-1.3827e-08,-5.7183e-08,-3.5707e-08,-2.5187e-08,6.9341e-09,2.5237e-08,2.8866e-08,-2.3196e-08,7.8447e-10,-1.4675e-08,-3.4271e-08,-6.1331e-09
0,0.08,0,0.10472,0.10472,-8.9885e-09,-6.0712e-08,-4.4435e-08,-3.1087e-08,7.8455e-09,1.3335e-08,2.8647e-08,-2.0146e-08,5.1421e-09,-1.3865e-08,-2.773e-08,-5.3759e-09
-0.04,-0.04,0.04,0.10472,0.10472,-5.724e-10,-6.4734e-08,-3.7073e-08,-1.484e-08,1.6934e-08,1.8859e-08,3.3611e-08,-2.7725e-08,-9.4698e-09,-8.2582e-09,-2.7197e-08,-1.3783e-08
0,-0.04,0.04,0.10472,0.10472,-8.5006e-09,-6.6575e-08,-3.0742e-08,-1.2213e-08,1.1386e-08,2.1483e-08,2.9399e-08,-3.2848e-08,-8.6584e-09,-1.0342e-08,-3.3447e-08,-1.0055e-08
0.04,-0.04,0.04,0.10472,0.10472,-1.9907e-08,-5.8723e-08,-2.8356e-08,-1.2749e-08,9.5748e-09,3.1618e-08,2.7111e-08,-2.8169e-08,-1.2476e-08,-1.1121e-08,-4.0687e-08,-4.6248e-09
-0.04,0,0.04,0.10472,0.10472,-2.7742e-09,-7.2041e-08,-4.2376e-08,-2.0262e-08,1.8517e-08,1.5746e-08,3.1327e-08,-2.5666e-08,-7.1163e-09,-1.0825e-08,-2.451e-08,-4.7138e-09
0,0,0.04,0.10472,0.10472,-6.9439e-09,-6.738e-08,-3.2634e-08,-1.8307e-08,1.3212e-08,2.0041e-08,2.8879e-08,-2.5248e-08,-5.4241e-09,-9.3741e-09,-3.0491e-08,-3.8292e-09
0.04,0,0.04,0.10472,0.10472,-1.4664e-08,-6.2195e-08,-3.0741e-08,-1.3646e-08,1.0493e-08,2.7915e-08,2.6387e-08,-2.4796e-08,-9.2303e-09,-6.8906e-09,-3.7059e-08,-4.4101e-09
-0.04,0.04,0.04,0.10472,0.10472,-2.3465e-09,-8.0206e-08,-4.9903e-08,-2.3522e-08,1.5395e-08,1.3768e-08,3.1309e-08,-1.9254e-08,-4.5445e-09,-1.018e-08,-2.5254e-08,-5.2046e-09
0,0.04,0.04,0.10472,0.10472,-7.2974e-09,-7.5893e-08,-3.9377e-08,-2.0457e-08,1.4937e-08,1.9404e-08,2.7759e-08,-2.2425e-08,-2.5883e-09,-9.9391e-09,-2.9038e-08,-1.2625e-09
0.04,0.04,0.04,0.10472,0.10472,-1.3517e-08,-6.1828e-08,-3.623e-08,-1.7488e-08,1.0899e-08,1.9957e-08,2.461e-08,-2.1862e-08,3.964e-11,-5.0933e-09,-3.786e-08,-1.6532e-09
0,0,0.08,0.10472,0.10472,-7.9054e-09,-7.6341e-08,-3.2233e-08,-1.3687e-08,2.0162e-08,1.9447e-08,2.3784e-08,-2.11e-08,-1.1732e-08,-5.1134e-09,-2.9483e-08,4.9259e-10
0,0,-0.08,0.15708,0.10472,-1.0069e-08,-4.0057e-08,-4.2959e-08,-2.3667e-08,-2.8557e-09,2.9133e-08,4.3851e-08,-3.4304e-08,7.5147e-10,-2.8891e-08,-2.6939e-08,-1.9017e-08
-0.04,-0.04,-0.04,0.15708,0.10472,-6.0783e-09,-4.7404e-08,-4.8771e-08,-1.9401e-08,4.508e-09,1.8331e-08,4.308e-08,-3.6835e-08,-4.8188e-09,-1.8003e-08,-2.7174e-08,-2.4245e-08
0,-0.04,-0.04,0.15708,0.10472,-1.0411e-08,-4.377e-08,-3.8218e-08,-1.792e-08,2.5149e-09,2.7826e-08,3.7976e-08,-3.8536e-08,-5.2418e-09,-1.6954e-08,-3.2036e-08,-2.0441e-08
0.04,-0.04,-0.04,0.15708,0.10472,-1.6194e-08,-4.1124e-08,-3.2435e-08,-1.9967e-08,3.333e-09,3.1734e-08,3.5072e-08,-3.783e-08,-5.5415e-09,-1.8385e-08,-3.5279e-08,-1.807e-08
-0.04,0,-0.04,0.15708,0.10472,-8.2663e-09,-4.9359e-08,-5.0666e-08,-2.2338e-08,2.9213e-09,1.5539e-08,4.6129e-08,-2.9269e-08,-2.5393e-09,-1.7921e-08,-2.4915e-08,-1.9891e-08
0,0,-0.04,0.15708,0.10472,-1.0035e-08,-4.7867e-08,-4.3825e-08,-2.3323e-08,3.0452e-09,1.889e-08,4.1073e-08,-3.0538e-08,-1.073e-10,-1.9041e-08,-3.0324e-08,-1.4463e-08
0.04,0,-0.04,0.15708,0.10472,-1.5362e-08,-4.3263e-08,-3.5669e-08,-2.1502e-08,2.3753e-09,2.8238e-08,3.6899e-08,-3.1229e-08,-4.2259e-09,-1.7682e-08,-3.5996e-08,-1.1074e-08
-0.04,0.04,-0.04,0.15708,0.10472,-5.4051e-09,-5.304e-08,-5.9114e-08,-2.7535e-08,9.7576e-10,1.2478e-08,3.9616e-08,-2.4586e-08,-3.7354e-10,-2.1888e-08,-2.3503e-08,-1.4839e-08
0,0.04,-0.04,0.15708,0.10472,-9.9603e-09,-4.9532e-08,-4.547e-08,-2.7863e-08,-1.69e-10,1.6587e-08,3.7812e-08,-2.5595e-08,1.2896e-09,-1.9606e-08,-3.0654e-08,-1.1889e-08
0.04,0.04,-0.04,0.15708,0.10472,-1.625e-08,-4.5606e-08,-3.9225e-08,-2.8906e-08,2.1044e-09,2.2569e-08,3.1559e-08,-2.7529e-08,-2.3328e-09,-1.9152e-08,-3.367e-08,-9.2572e-09
0,-0.08,0,0.15708,0.10472,-7.033e-09,-4.7987e-08,-3.0682e-08,-1.1613e-08,9.9563e-09,2.9556e-08,3.7251e-08,-3.9253e-08,-8.9743e-09,-1.2331e-08,-3.1984e-08,-1.8472e-08
-0.04,-0.04,0,0.15708,0.10472,-5.1208e-09,-5.8803e-08,-4.1386e-08,-1.5973e-08,8.8085e-09,2.0622e-08,3.7217e-08,-3.3368e-08,-6.8049e-09,-1.3653e-08,-2.6432e-08,-2.1313e-08
0,-0.04,0,0.15708,0.10472,-1.0521e-08,-5.7121e-08,-3.8988e-08,-1.4329e-08,1.1088e-08,2.1858e-08,3.7701e-08,-3.3934e-08,-8.4299e-09,-1.3549e-08,-3.2469e-08,-1.4565e-08
0.04,-0.04,0,0.15708,0.10472,-1.6407e-08,-4.91e-08,-3.084e-08,-1.6137e-08,7.2568e-09,3.3311e-08,3.1957e-08,-3.554e-08,-7.4527e-09,-1.6209e-08,-4.1769e-08,-1.3362e-08
-0.08,0,0,0.15708,0.10472,-6.7319e-10,-5.7895e-08,-5.1809e-08,-2.0772e-08,1.3453e-08,9.7433e-09,3.9525e-08,-2.4102e-08,-3.9014e-09,-1.3804e-08,-2.3612e-08,-1.8832e-08
-0.04,0,0,0.15708,0.10472,-5.622e-09,-6.0591e-08,-4.9987e-08,-1.799e-08,1.0408e-08,1.5078e-08,4.2428e-08,-2.9583e-08,-4.1564e-09,-1.4051e-08,-2.4808e-08,-1.6571e-08
0,0,0,0.15708,0.10472,-1.253e-08,-5.7504e-08,-4.2232e-08,-1.9447e-08,9.2284e-09,2.1494e-08,3.1333e-08,-2.8212e-08,-4.5611e-09,-1.5732e-08,-3.1438e-08,-1.4033e-08
0.04,0,0,0.15708,0.10472,-1.7433e-08,-5.1448e-08,-3.377e-08,-1.7074e-08,8.7089e-09,2.6478e-08,3.059e-08,-2.9997e-08,-5.1383e-09,-1.2798e-08,-3.7244e-08,-9.3503e-09
0.08,0,0,0.15708,0.10472,-2.2842e-08,-4.654e-08,-2.6236e-08,-1.6834e-08,6.3871e-09,3.5835e-08,2.6223e-08,-2.9735e-08,-7.0392e-09,-1.2432e-08,-4.823e-08,-5.9571e-09
-0.04,0.04,0,0.15708,0.10472,-3.9831e-09,-6.332e-08,-5.379e-08,-2.2245e-08,8.7713e-09,1.4123e-08,3.6494e-08,-2.336e-08,-3.4893e-09,-1.6288e-08,-2.5107e-08,-1.0566e-08
0,0.04,0,0.15708,0.10472,-9.0287e-09,-5.6896e-08,-4.6186e-08,-2.2299e-08,1.0877e-08,1.5652e-08,3.2506e-08,-2.4403e-08,-2.8193e-09,-1.3892e-08,-2.7489e-08,-7.7285e-09
0.04,0.04,0,0.15708,0.10472,-1.3121e-08,-5.3133e-08,-3.8031e-08,-2.3426e-08,7.1438e-09,2.5182e-08,3.001e-08,-2.3464e-08,-2.7723e-09,-1.392e-08,-3.6687e-08,-8.5061e-09
0,0.08,0,0.15708,0.10472,-9.8262e-09,-5.5998e-08,-4.7493e-08,-3.3682e-08,8.3295e-09,1.3055e-08,3.046e-08,-2.1087e-08,3.6704e-09,-1.6417e-08,-2.4739e-08,-8.0822e-09
-0.04,-0.04,0.04,0.15708,0.10472,-2.3252e-09,-6.9906e-08,-3.6963e-08,-1.0379e-08,1.8958e-08,1.8304e-08,3.603e-08,-2.686e-08,-9.2096e-09,-9.9672e-09,-2.6125e-08,-1.4792e-08
0,-0.04,0.04,0.15708,0.10472,-1.2996e-08,-6.4596e-08,-3.4175e-08,-1.1081e-08,1.4326e-08,2.2758e-08,2.8982e-08,-3.0778e-08,-1.0663e-08,-8.9618e-09,-3.2564e-08,-9.5205e-09
0.04,-0.04,0.04,0.15708,0.10472,-1.8612e-08,-5.1879e-08,-2.9522e-08,-1.0352e-08,1.248e-08,2.7602e-08,2.7483e-08,-3.0767e-08,-1.1224e-08,-9.655e-09,-3.8515e-08,-8.3102e-09
-0.04,0,0.04,0.15708,0.10472,-6.2906e-10,-7.314e-08,-4.562e-08,-1.4599e-08,2.0504e-08,1.5103e-08,3.0503e-08,-2.2752e-08,-8.7728e-09,-1.0098e-08,-2.4666e-08,-1.192e-08
0,0,0.04,0.15708,0.10472,-8.3853e-09,-7.5943e-08,-3.4249e-08,-1.5896e-08,1.5751e-08,1.9842e-08,2.8979e-08,-2.4716e-08,-9.5451e-09,-1.0164e-08,-3.1567e-08,-5.7764e-09
0.04,0,0.04,0.15708,0.10472,-1.7241e-08,-5.4045e-08,-3.217e-08,-1.4693e-08,1.0991e-08,2.279e-08,2.8118e-08,-2.4915e-08,-9.6622e-09,-8.5523e-09,-3.8311e-08,-4.3726e-09
-0.04,0.04,0.04,0.15708,0.10472,-3.4818e-09,-7.3267e-08,-4.7787e-08,-1.8243e-08,1.623e-08,1.269e-08,2.9594e-08,-2.2138e-08,-7.7515e-09,-1.1295e-08,-2.4071e-08,-4.9977e-09
0,0.04,0.04,0.15708,0.10472,-8.9894e-09,-7.3574e-08,-4.0231e-08,-1.8246e-08,1.2703e-08,1.526e-08,2.7351e-08,-2.3803e-08,-5.8238e-09,-9.6755e-09,-2.8673e-08,-6.0094e-09
0.04,0.04,0.04,0.15708,0.10472,-1.5354e-08,-6.4284e-08,-3.0615e-08,-1.8068e-08,1.1913e-08,2.1178e-08,2.5196e-08,-2.2934e-08,-5.9458e-09,-7.7018e-09,-3.6286e-08,-4.3408e-09
0,0,0.08,0.15708,0.10472,-6.2392e-09,-7.5681e-08,-3.3176e-08,-7.8883e-09,1.9287e-08,1.7072e-08,2.6651e-08,-2.1021e-08,-1.3555e-08,-3.7473e-09,-2.7932e-08,-1.2808e-09
0,0,-0.08,0.05236,0.15708,-1.1049e-08,-3.9578e-08,-4.032e-08,-2.833e-08,-3.6643e-09,2.8181e-08,4.7117e-08,-3.1003e-08,3.7295e-09,-2.6639e-08,-2.9191e-08,-1.6098e-08
-0.04,-0.04,-0.04,0.05236,0.15708,-4.9773e-09,-4.7467e-08,-3.9052e-08,-2.2545e-08,1.6527e-09,2.0328e-08,4.618e-08,-3.6601e-08,-3.8705e-10,-2.0862e-08,-2.5972e-08,-1.7889e-08
0,-0.04,-0.04,0.05236,0.15708,-1.1456e-08,-4.8053e-08,-3.3366e-08,-2.1859e-08,5.2238e-10,3.0741e-08,4.17e-08,-3.4533e-08,-1.0425e-09,-2.142e-08,-3.1726e-08,-1.5962e-08
0.04,-0.04,-0.04,0.05236,0.15708,-1.412e-08,-4.1592e-08,-2.8058e-08,-2.0472e-08,2.8771e-09,3.6599e-08,3.4382e-08,-3.6937e-08,-2.4972e-10,-2.0854e-08,-3.5186e-08,-1.393e-08
-0.04,0,-0.04,0.05236,0.15708,-4.2562e-09,-5.0678e-08,-4.8094e-08,-2.5132e-08,2.7306e-09,2.0708e-08,4.4695e-08,-2.986e-08,2.142e-09,-2.0608e-08,-2.6297e-08,-1.4353e-08
0,0,-0.04,0.05236,0.15708,-9.4298e-09,-4.4991e-08,-3.9701e-08,-2.5024e-08,2.911e-09,2.8849e-08,4.1869e-08,-2.7123e-08,1.9763e-09,-2.2509e-08,-2.8469e-08,-1.5513e-08
0.04,0,-0.04,0.05236,0.15708,-1.4576e-08,-4.7318e-08,-3.1816e-08,-2.7134e-08,5.0057e-10,3.4412e-08,3.4949e-08,-2.903e-08,2.3999e-09,-2.297e-08,-3.8357e-08,-1.1708e-08
-0.04,0.04,-0.04,0.05236,0.15708,-4.008e-09,-5.148e-08,-6.1445e-08,-3.1453e-08,-4.8886e-10,1.8101e-08,3.9397e-08,-2.3778e-08,5.4512e-09,-2.033e-08,-2.515e-08,-1.1994e-08
0,0.04,-0.04,0.05236,0.15708,-9.9846e-09,-4.9796e-08,-4.4964e-08,-3.2157e-08,8.471e-10,2.0404e-08,3.4899e-08,-2.8643e-08,4.9344e-09,-2.4762e-08,-2.8611e-08,-9.1639e-09
0.04,0.04,-0.04,0.05236,0.15708,-1.1514e-08,-4.7689e-08,-3.9753e-08,-3.3235e-08,-1.2094e-09,2.914e-08,3.1622e-08,-2.7784e-08,7.2695e-09,-2.7136e-08,-3.3935e-08,-5.9882e-09
0,-0.08,0,0.05236,0.15708,-8.5e-09,-5.2291e-08,-2.7585e-08,-1.7848e-08,5.8028e-09,2.8794e-08,3.6769e-08,-3.9868e-08,-6.728e-09,-1.4237e-08,-3.5301e-08,-1.3473e-08
-0.04,-0.04,0,0.05236,0.15708,-3.7006e-09,-5.9096e-08,-3.7267e-08,-2.1491e-08,8.4399e-09,1.9722e-08,3.5395e-08,-3.1689e-08,-3.0583e-09,-1.4257e-08,-2.6626e-08,-1.6029e-08
0,-0.04,0,0.05236,0.15708,-8.1738e-09,-5.0623e-08,-3.5568e-08,-1.7572e-08,6.8046e-09,2.6517e-08,3.5223e-08,-2.9792e-08,-6.2676e-09,-1.461e-08,-3.1962e-08,-1.3667e-08
0.04,-0.04,0,0.05236,0.15708,-1.4019e-08,-5.351e-08,-2.895e-08,-1.7974e-08,5.0328e-09,3.6878e-08,3.5048e-08,-3.1676e-08,-4.0865e-09,-1.4526e-08,-3.9589e-08,-7.725e-09
-0.08,0,0,0.05236,0.15708,-1.153e-09,-5.873e-08,-5.0648e-08,-2.5666e-08,7.7671e-09,1.2327e-08,3.959e-08,-2.3855e-08,-1.286e-09,-1.3863e-08,-2.166e-08,-1.1564e-08
-0.04,0,0,0.05236,0.15708,-5.8523e-09,-6.0977e-08,-4.5615e-08,-2.6384e-08,7.0315e-09,2.1625e-08,3.7381e-08,-2.607e-08,-2.1585e-09,-1.5654e-08,-2.5034e-08,-1.0247e-08
0,0,0,0.05236,0.15708,-8.0518e-09,-5.9877e-08,-3.8023e-08,-2.4332e-08,6.3803e-09,2.3051e-08,3.2286e-08,-2.8147e-08,-2.4318e-09,-1.5471e-08,-3.0983e-08,-8.3275e-09
0.04,0,0,0.05236,0.15708,-1.2561e-08,-5.2884e-08,-3.2427e-08,-2.1427e-08,4.4637e-09,3.1487e-08,3.023e-08,-2.8228e-08,-2.7571e-09,-1.6391e-08,-3.6344e-08,-6.8027e-09
0.08,0,0,0.05236,0.15708,-2.5146e-08,-5.1725e-08,-2.7528e-08,-1.9777e-08,6.0901e-09,4.3416e-08,2.7153e-08,-2.9409e-08,-2.7041e-09,-1.539e-08,-4.5746e-08,-3.7533e-09
-0.04,0.04,0,0.05236,0.15708,-5.3994e-09,-6.4785e-08,-4.9896e-08,-3.5574e-08,9.1433e-09,1.6668e-08,3.3864e-08,-2.0501e-08,1.9585e-09,-1.7633e-08,-2.3926e-08,-7.4104e-09
0,0.04,0,0.05236,0.15708,-7.8062e-09,-6.1471e-08,-3.9808e-08,-2.8789e-08,1.0098e-08,2.139e-08,3.1669e-08,-2.5888e-08,4.1252e-09,-1.8291e-08,-3.0662e-08,-5.8825e-09
0.04,0.04,0,0.05236,0.15708,-1.2734e-08,-5.2808e-08,-3.9885e-08,-3.0981e-08,5.5234e-09,2.5683e-08,2.929e-08,-2.508e-08,4.7231e-09,-1.738e-08,-3.6413e-08,-3.3959e-09
0,0.08,0,0.05236,0.15708,-8.7877e-09,-6.1851e-08,-4.3871e-08,-3.5278e-08,9.674e-09,1.5921e-08,2.8115e-08,-1.9972e-08,6.4089e-09,-1.887e-08,-2.5984e-08,-1.0623e-09
-0.04,-0.04,0.04,0.05236,0.15708,-2.5512e-09,-6.7236e-08,-3.5769e-08,-1.75e-08,1.3513e-08,2.0756e-08,3.2604e-08,-2.7307e-08,-7.414e-09,-1.1338e-08,-2.6215e-08,-8.2214e-09
0,-0.04,0.04,0.05236,0.15708,-8.016e-09,-6.5252e-08,-3.2021e-08,-1.7218e-08,1.4384e-08,2.3842e-08,3.3414e-08,-2.7521e-08,-7.5413e-09,-9.39e-09,-3.1426e-08,-5.064e-09
0.04,-0.04,0.04,0.05236,0.15708,-1.3176e-08,-6.1839e-08,-2.8304e-08,-1.3468e-08,1.1761e-08,3.4076e-08,2.6925e-08,-2.6262e-08,-8.8533e-09,-1.1297e-08,-4.1896e-08,-4.1046e-09
-0.04,0,0.04,0.05236,0.15708,-2.0339e-09,-7.6773e-08,-3.7493e-08,-2.2431e-08,1.3825e-08,1.6542e-08,3.1465e-08,-2.0963e-08,-4.6632e-09,-1.0929e-08,-2.4321e-08,-3.7659e-09
0,0,0.04,0.05236,0.15708,-7.8706e-09,-7.2737e-08,-3.5813e-08,-1.8172e-08,1.6847e-08,2.2414e-08,2.7841e-08,-2.1521e-08,-4.6336e-09,-1.0671e-08,-2.714e-08,-2.805e-09
0.04,0,0.04,0.05236,0.15708,-1.2903e-08,-5.8442e-08,-2.8719e-08,-2.1832e-08,1.1001e-08,2.8489e-08,2.6653e-08,-2.2703e-08,-8.299e-09,-1.0727e-08,-3.7396e-08,-1.366e-09
-0.04,0.04,0.04,0.05236,0.15708,-1.9565e-09,-8.3213e-08,-4.8317e-08,-2.7421e-08,1.3466e-08,1.5335e-08,2.8854e-08,-2.0312e-08,-2.1998e-09,-1.0881e-08,-2.4438e-08,-2.0119e-09
0,0.04,0.04,0.05236,0.15708,-7.4044e-09,-7.1723e-08,-3.8003e-08,-2.5589e-08,1.1474e-08,1.9822e-08,3.0779e-08,-1.9788e-08,-8.3448e-11,-9.797e-09,-3.0814e-08,-8.6254e-10
0.04,0.04,0.04,0.05236,0.15708,-1.4413e-08,-6.5533e-08,-3.2077e-08,-2.1078e-08,8.8143e-09,2.3487e-08,2.5266e-08,-2.0586e-08,-9.8718e-10,-8.9943e-09,-3.5062e-08,1.9122e-09
0,0,0.08,0.05236,0.15708,-6.5562e-09,-8.4181e-08,-3.3016e-08,-1.3095e-08,1.7404e-08,1.9529e-08,2.4463e-08,-1.7363e-08,-1.0859e-08,-6.3222e-09,-2.9329e-08,1.4465e-11
0,0,-0.08,0.10472,0.15708,-8.6183e-09,-4.0555e-08,-4.4213e-08,-2.465e-08,-3.8605e-09,2.8401e-08,4.4944e-08,-3.3565e-08,1.4246e-09,-2.9931e-08,-2.709e-08,-1.8069e-08
-0.04,-0.04,-0.04,0.10472,0.15708,-5.9211e-09,-4.7999e-08,-4.0528e-08,-2.2184e-08,3.179e-09,2.0714e-08,4.9385e-08,-3.6202e-08,-2.6898e-09,-1.8302e-08,-2.4702e-08,-2.4431e-08
0,-0.04,-0.04,0.10472,0.15708,-1.0577e-08,-4.6174e-08,-3.9146e-08,-1.9506e-08,2.4964e-09,3.0897e-08,4.2369e-08,-3.5822e-08,-2.9856e-09,-1.8024e-08,-3.1245e-08,-1.6161e-08
0.04,-0.04,-0.04,0.10472,0.15708,-1.6856e-08,-4.1608e-08,-3.094e-08,-1.8876e-08,2.9352e-09,4.1436e-08,3.5097e-08,-3.5691e-08,-4.3788e-09,-1.9636e-08,-4.1081e-08,-1.2023e-08
-0.04,0,-0.04,0.10472,0.15708,-5.6584e-09,-5.2606e-08,-4.9336e-08,-2.5719e-08,-2.493e-09,1.3909e-08,4.2381e-08,-2.9052e-08,-1.3237e-09,-1.7846e-08,-2.5505e-08,-1.6096e-08
0,0,-0.04,0.10472,0.15708,-1.0269e-08,-4.4705e-08,-4.303e-08,-2.2731e-08,1.7003e-09,2.3532e-08,4.1563e-08,-2.9436e-08,-1.0135e-09,-1.964e-08,-2.9273e-08,-1.3674e-08
0.04,0,-0.04,0.10472,0.15708,-1.4954e-08,-4.8942e-08,-3.4952e-08,-2.3193e-08,4.3861e-09,3.3821e-08,3.4145e-08,-3.196e-08,1.6216e-09,-2.4066e-08,-3.6058e-08,-9.4932e-09
-0.04,0.04,-0.04,0.10472,0.15708,-6.0343e-09,-5.0306e-08,-5.5678e-08,-3.364e-08,-7.5407e-10,1.1613e-08,4.1336e-08,-2.5087e-08,1.8207e-09,-2.3839e-08,-2.3249e-08,-1.102e-08
0,0.04,-0.04,0.10472,0.15708,-8.9223e-09,-5.4016e-08,-4.9671e-08,-2.9892e-08,2.8434e-10,2.1722e-08,3.6483e-08,-2.8022e-08,2.5247e-09,-2.2405e-08,-3.1664e-08,-1.1227e-08
0.04,0.04,-0.04,0.10472,0.15708,-1.6369e-08,-4.2541e-08,-3.8549e-08,-2.4505e-08,2.2792e-09,2.6436e-08,3.1582e-08,-2.7726e-08,3.7457e-09,-2.4088e-08,-3.1854e-08,-8.3626e-09
0,-0.08,0,0.10472,0.15708,-8.2575e-09,-4.7148e-08,-3.1484e-08,-1.5235e-08,8.3886e-09,3.1093e-08,3.6674e-08,-3.6401e-08,-8.9437e-09,-1.3257e-08,-3.3089e-08,-1.8182e-08
-0.04,-0.04,0,0.10472,0.15708,-3.5779e-09,-5.2713e-08,-4.0634e-08,-1.8281e-08,1.128e-08,1.8268e-08,4.3506e-08,-2.9403e-08,-6.2046e-09,-1.3011e-08,-2.6857e-08,-1.4103e-08
0,-0.04,0,0.10472,0.15708,-1.0487e-08,-5.536e-08,-3.4665e-08,-1.7317e-08,7.7335e-09,2.5198e-08,3.6801e-08,-3.439e-08,-5.043e-09,-1.5308e-08,-3.3506e-08,-1.3888e-08
0.04,-0.04,0,0.10472,0.15708,-1.944e-08,-4.8568e-08,-2.9591e-08,-1.5707e-08,6.8362e-09,3.3839e-08,2.9851e-08,-3.5853e-08,-6.9271e-09,-1.6176e-08,-3.9739e-08,-8.9486e-09
-0.08,0,0,0.10472,0.15708,-1.1644e-09,-6.1844e-08,-5.4524e-08,-2.1951e-08,1.3079e-08,1.3207e-08,4.0479e-08,-2.6378e-08,-2.1706e-09,-1.3373e-08,-2.2462e-08,-1.5617e-08
-0.04,0,0,0.10472,0.15708,-3.1322e-09,-6.0106e-08,-4.4338e-08,-2.0799e-08,7.0912e-09,1.5134e-08,3.6768e-08,-2.5942e-08,-2.2527e-09,-1.5872e-08,-2.515e-08,-1.2518e-08
0,0,0,0.10472,0.15708,-9.618e-09,-5.816e-08,-3.9882e-08,-1.9003e-08,7.9381e-09,2.3473e-08,3.3065e-08,-2.8161e-08,-1.5138e-09,-1.5562e-08,-3.1824e-08,-6.9917e-09
0.04,0,0,0.10472,0.15708,-1.7195e-08,-5.0559e-08,-3.3276e-08,-1.9684e-08,7.6306e-09,2.6998e-08,3.2024e-08,-2.9786e-08,-2.7941e-09,-1.2351e-08,-4.1406e-08,-7.5496e-09
0.08,0,0,0.10472,0.15708,-2.1369e-08,-4.9315e-08,-2.7628e-08,-1.9451e-08,6.0902e-09,3.2947e-08,2.714e-08,-3.0009e-08,-5.1786e-09,-1.5485e-08,-4.712e-08,-5.0475e-09
-0.04,0.04,0,0.10472,0.15708,-6.3108e-09,-6.2895e-08,-5.4032e-08,-2.796e-08,1.0821e-08,1.2322e-08,3.4671e-08,-2.2946e-08,-2.3737e-10,-1.6576e-08,-2.4134e-08,-6.8104e-09
0,0.04,0,0.10472,0.15708,-7.9577e-09,-5.6082e-08,-4.6191e-08,-2.613e-08,9.2627e-09,2.2298e-08,3.1381e-08,-2.348e-08,3.4884e-09,-1.6801e-08,-2.865e-08,-6.8868e-09
0.04,0.04,0,0.10472,0.15708,-1.458e-08,-5.549e-08,-3.4352e-08,-2.5264e-08,7.8568e-09,2.8167e-08,2.894e-08,-2.3187e-08,2.74e-09,-1.6256e-08,-3.3879e-08,-3.9611e-09
0,0.08,0,0.10472,0.15708,-8.8155e-09,-6.2953e-08,-4.2637e-08,-3.5635e-08,6.0599e-09,1.4675e-08,2.7434e-08,-2.0178e-08,5.4448e-09,-1.3785e-08,-2.6368e-08,-4.44e-09
-0.04,-0.04,0.04,0.10472,0.15708,-3.9608e-09,-7.0304e-08,-3.7068e-08,-1.5562e-08,1.8002e-08,1.8476e-08,3.3603e-08,-2.8355e-08,-8.6474e-09,-9.8777e-09,-2.7397e-08,-1.5314e-08
0,-0.04,0.04,0.10472,0.15708,-6.2195e-09,-6.9016e-08,-3.0617e-08,-1.3792e-08,1.3032e-08,2.3932e-08,3.302e-08,-2.5382e-08,-9.0104e-09,-8.1701e-09,-3.2929e-08,-7.2754e-09
0.04,-0.04,0.04,0.10472,0.15708,-2.0203e-08,-5.804e-08,-2.6933e-08,-1.282e-08,1.2011e-08,2.7489e-08,2.6904e-08,-2.9401e-08,-1.225e-08,-1.0627e-08,-3.6097e-08,-6.89e-09
-0.04,0,0.04,0.10472,0.15708,-2.144e-09,-7.3236e-08,-4.4237e-08,-1.8802e-08,1.4719e-08,1.5901e-08,2.893e-08,-2.3275e-08,-5.1877e-09,-1.0184e-08,-2.57e-08,-6.0056e-09
0,0,0.04,0.10472,0.15708,-6.3834e-09,-6.9991e-08,-3.8726e-08,-1.6499e-08,1.4521e-08,2.3142e-08,2.8063e-08,-2.4325e-08,-6.4002e-09,-9.157e-09,-3.1507e-08,-4.2067e-09
0.04,0,0.04,0.10472,0.15708,-1.6761e-08,-6.438e-08,-2.8515e-08,-1.6359e-08,1.1107e-08,2.5573e-08,2.9004e-08,-2.4484e-08,-7.6711e-09,-9.7083e-09,-3.5929e-08,-6.4603e-10
-0.04,0.04,0.04,0.10472,0.15708,-3.7641e-09,-8.2481e-08,-4.5182e-08,-2.1732e-08,1.9757e-08,1.3452e-08,2.8623e-08,-1.902e-08,-3.1822e-09,-9.3738e-09,-2.4013e-08,-3.8335e-09
0,0.04,0.04,0.10472,0.15708,-7.2783e-09,-7.3508e-08,-3.9848e-08,-2.3578e-08,1.5497e-08,1.6947e-08,2.7741e-08,-2.2421e-08,-2.0573e-09,-1.1474e-08,-2.8764e-08,-2.1236e-09
0.04,0.04,0.04,0.10472,0.15708,-1.712e-08,-6.814e-08,-3.5633e-08,-1.904e-08,1.0602e-08,2.4715e-08,2.4789e-08,-2.1724e-08,-5.2133e-09,-9.3435e-09,-3.6756e-08,-1.5091e-09
0,0,0.08,0.10472,0.15708,-1.0803e-08,-8.1925e-08,-3.1879e-08,-9.8055e-09,1.9386e-08,2.049e-08,2.3073e-08,-2.0323e-08,-1.0767e-08,-5.0612e-09,-2.8817e-08,2.4006e-09
0,0,-0.08,0.15708,0.15708,-9.5839e-09,-4.2738e-08,-4.0879e-08,-2.4113e-08,-1.072e-09,2.2249e-08,4.1584e-08,-3.0543e-08,7.1201e-10,-2.8084e-08,-2.717e-08,-1.7335e-08
-0.04,-0.04,-0.04,0.15708,0.15708,-6.686e-09,-4.4662e-08,-4.1666e-08,-1.7801e-08,5.0267e-09,2.0831e-08,4.6414e-08,-3.5649e-08,-3.2672e-09,-1.5707e-08,-2.5273e-08,-2.4145e-08
0,-0.04,-0.04,0.15708,0.15708,-1.0361e-08,-4.1308e-08,-3.715e-08,-1.645e-08,6.0053e-09,2.2513e-08,4.4947e-08,-3.8004e-08,-5.5493e-09,-1.9628e-08,-3.2707e-08,-2.0846e-08
0.04,-0.04,-0.04,0.15708,0.15708,-1.8756e-08,-4.3466e-08,-2.954e-08,-1.5522e-08,5.1435e-09,3.625e-08,3.6826e-08,-3.6836e-08,-5.7996e-09,-1.6807e-08,-4.1259e-08,-1.4533e-08
-0.04,0,-0.04,0.15708,0.15708,-6.7343e-09,-5.1773e-08,-5.0975e-08,-2.285e-08,3.6427e-09,1.5138e-08,4.3624e-08,-2.848e-08,-2.3597e-09,-1.812e-08,-2.7092e-08,-1.9627e-08
0,0,-0.04,0.15708,0.15708,-1.1396e-08,-5.1875e-08,-4.0351e-08,-2.2383e-08,3.0739e-09,2.0394e-08,3.9199e-08,-3.1123e-08,-2.2718e-09,-1.9657e-08,-2.9405e-08,-1.4903e-08
0.04,0,-0.04,0.15708,0.15708,-1.7209e-08,-4.4731e-08,-3.3777e-08,-2.1381e-08,2.425e-09,3.3759e-08,3.576e-08,-3.3787e-08,-2.0434e-09,-1.7985e-08,-3.551e-08,-1.3118e-08
-0.04,0.04,-0.04,0.15708,0.15708,-6.1219e-09,-5.7001e-08,-6.0845e-08,-2.9443e-08,2.3014e-09,1.1234e-08,4.0623e-08,-2.5633e-08,4.0299e-10,-1.9471e-08,-2.203e-08,-1.3758e-08
0,0.04,-0.04,0.15708,0.15708,-9.86e-09,-5.2017e-08,-4.6572e-08,-2.6439e-08,5.3986e-09,1.9757e-08,3.5892e-08,-2.6773e-08,1.055e-09,-2.2676e-08,-2.833e-08,-1.0337e-08
0.04,0.04,-0.04,0.15708,0.15708,-1.4619e-08,-4.4988e-08,-3.8286e-08,-2.8764e-08,4.1187e-09,2.5267e-08,3.2878e-08,-2.8537e-08,1.2152e-09,-2.3294e-08,-3.3977e-08,-9.9112e-09
0,-0.08,0,0.15708,0.15708,-1.0117e-08,-4.7736e-08,-3.1757e-08,-1.3667e-08,1.0295e-08,2.9098e-08,3.7906e-08,-4.6525e-08,-8.6969e-09,-1.235e-08,-3.2383e-08,-2.0346e-08
-0.04,-0.04,0,0.15708,0.15708,-5.4568e-09,-5.4244e-08,-3.7601e-08,-1.5753e-08,1.1234e-08,1.8287e-08,4.1289e-08,-3.1608e-08,-6.8724e-09,-1.0756e-08,-2.597e-08,-1.7593e-08
0,-0.04,0,0.15708,0.15708,-8.3478e-09,-5.6653e-08,-3.4115e-08,-1.4174e-08,1.0395e-08,2.6867e-08,3.4502e-08,-3.2605e-08,-8.3373e-09,-1.0992e-08,-3.3331e-08,-1.4539e-08
0.04,-0.04,0,0.15708,0.15708,-1.5688e-08,-5.0797e-08,-3.2311e-08,-1.486e-08,8.3627e-09,3.0445e-08,3.4447e-08,-3.3793e-08,-7.1175e-09,-1.5179e-08,-4.2077e-08,-1.2955e-08
-0.08,0,0,0.15708,0.15708,-5.0441e-10,-6.2126e-08,-5.5184e-08,-1.952e-08,1.2575e-08,1.0066e-08,3.9071e-08,-2.5393e-08,-3.9828e-09,-1.4961e-08,-2.1079e-08,-1.9306e-08
-0.04,0,0,0.15708,0.15708,-5.3993e-09,-5.7811e-08,-4.9219e-08,-2.0389e-08,1.2584e-08,1.3541e-08,3.888e-08,-2.4612e-08,-3.4983e-09,-1.4601e-08,-2.5352e-08,-1.5837e-08
0,0,0,0.15708,0.15708,-9.3556e-09,-5.6518e-08,-4.0753e-08,-1.7423e-08,7.1304e-09,2.2342e-08,3.2752e-08,-2.7464e-08,-5.2895e-09,-1.3437e-08,-3.0958e-08,-9.0088e-09
0.04,0,0,0.15708,0.15708,-1.5721e-08,-5.6339e-08,-3.5907e-08,-1.8118e-08,7.1714e-09,2.1484e-08,3.0058e-08,-2.7853e-08,-4.1252e-09,-1.4914e-08,-3.7837e-08,-9.1478e-09
0.08,0,0,0.15708,0.15708,-2.3236e-08,-4.7915e-08,-2.7974e-08,-1.7199e-08,6.0629e-09,3.4514e-08,2.9071e-08,-3.0671e-08,-9.1984e-09,-1.2819e-08,-4.4411e-08,-8.493e-09
-0.04,0.04,0,0.15708,0.15708,-4.8219e-09,-6.2643e-08,-5.2576e-08,-2.6661e-08,1.0733e-08,1.3123e-08,3.426e-08,-2.4037e-08,-2.0747e-09,-1.4402e-08,-2.4106e-08,-1.3337e-08
0,0.04,0,0.15708,0.15708,-1.0548e-08,-6.4252e-08,-4.4055e-08,-2.3151e-08,9.3972e-09,1.6097e-08,3.287e-08,-2.3088e-08,5.5643e-10,-1.4552e-08,-2.7209e-08,-9.5495e-09
0.04,0.04,0,0.15708,0.15708,-1.3982e-08,-5.852e-08,-3.861e-08,-2.0279e-08,6.759e-09,2.5693e-08,2.7831e-08,-2.35e-08,7.467e-10,-1.7556e-08,-3.6567e-08,-7.7694e-09
0,0.08,0,0.15708,0.15708,-8.3744e-09,-5.874e-08,-4.7643e-08,-3.1349e-08,9.4654e-09,1.4099e-08,2.9389e-08,-1.9814e-08,1.4072e-09,-1.3899e-08,-2.8743e-08,-7.8263e-09
-0.04,-0.04,0.04,0.15708,0.15708,-2.3782e-09,-6.2646e-08,-4.032e-08,-1.3069e-08,1.6064e-08,2.0492e-08,3.0708e-08,-2.9343e-08,-9.5198e-09,-9.7354e-09,-2.5135e-08,-1.386e-08
0,-0.04,0.04,0.15708,0.15708,-6.6059e-09,-6.6264e-08,-3.3302e-08,-1.1989e-08,1.5767e-08,2.1814e-08,2.7125e-08,-2.9732e-08,-1.0968e-08,-8.8376e-09,-2.9579e-08,-9.7653e-09
0.04,-0.04,0.04,0.15708,0.15708,-2.302e-08,-5.6103e-08,-2.6737e-08,-1.135e-08,1.3788e-08,2.8067e-08,2.6305e-08,-3.2196e-08,-1.2416e-08,-9.086e-09,-3.8564e-08,-9.7466e-09
-0.04,0,0.04,0.15708,0.15708,-3.7511e-09,-7.0506e-08,-4.5131e-08,-1.4287e-08,1.7983e-08,1.573e-08,3.2331e-08,-2.5408e-08,-8.7632e-09,-9.1683e-09,-2.6184e-08,-1.1775e-08
0,0,0.04,0.15708,0.15708,-6.5522e-09,-6.574e-08,-3.3967e-08,-1.1975e-08,1.3606e-08,1.8709e-08,2.9805e-08,-2.6324e-08,-8.2134e-09,-7.4381e-09,-2.9525e-08,-6.1764e-09
0.04,0,0.04,0.15708,0.15708,-1.4251e-08,-6.3345e-08,-3.311e-08,-1.3445e-08,1.321e-08,2.4349e-08,2.6599e-08,-2.7836e-08,-1.157e-08,-8.7522e-09,-3.4181e-08,-4.6477e-09
-0.04,0.04,0.04,0.15708,0.15708,-2.8708e-09,-7.4614e-08,-4.5051e-08,-2.0612e-08,1.7714e-08,1.2662e-08,3.1674e-08,-2.1934e-08,-5.0374e-09,-8.9148e-09,-2.4601e-08,-4.7257e-09
0,0.04,0.04,0.15708,0.15708,-1.172e-08,-6.8778e-08,-3.6568e-08,-1.6556e-08,1.5445e-08,1.8524e-08,2.6671e-08,-2.114e-08,-4.9576e-09,-1.0326e-08,-2.8862e-08,-4.8787e-09
0.04,0.04,0.04,0.15708,0.15708,-1.3498e-08,-6.5002e-08,-3.1601e-08,-1.7567e-08,1.0328e-08,2.0853e-08,2.3636e-08,-2.1587e-08,-4.8823e-09,-8.1743e-09,-3.3252e-08,-3.736e-09
0,0,0.08,0.15708,0.15708,-6.5011e-09,-8.1096e-08,-3.1314e-08,-7.9402e-09,2.0647e-08,1.9421e-08,2.3152e-08,-2.3605e-08,-1.4238e-08,-5.8188e-09,-2.9373e-08,1.1418e-09
