0,0,-0.08,0.05236,0.05236,-9.7367e-09,-4.1285e-08,-4.2556e-08,-2.8969e-08,-4.3694e-09,2.7616e-08,4.525e-08,-3.2117e-08,2.8481e-09,-2.6823e-08,-2.8757e-08,-1.4586e-08
-0.04,-0.04,-0.04,0.05236,0.05236,-5.61e-09,-4.8497e-08,-4.2204e-08,-2.2356e-08,7.1793e-10,2.2221e-08,4.8249e-08,-3.3769e-08,-1.4584e-09,-1.8196e-08,-2.6516e-08,-1.9568e-08
0,-0.04,-0.04,0.05236,0.05236,-9.5764e-09,-4.7271e-08,-3.4627e-08,-2.1642e-08,1.5359e-09,3.0341e-08,4.2298e-08,-3.6645e-08,-1.921e-09,-1.9324e-08,-3.1802e-08,-1.6296e-08
0.04,-0.04,-0.04,0.05236,0.05236,-1.603e-08,-4.3439e-08,-2.8686e-08,-2.0502e-08,1.8258e-09,4.036e-08,3.6626e-08,-3.7025e-08,-1.6445e-09,-2.0684e-08,-3.9741e-08,-1.2513e-08
-0.04,0,-0.04,0.05236,0.05236,-5.1363e-09,-5.1107e-08,-4.9441e-08,-2.7865e-08,1.8545e-10,1.8385e-08,4.4259e-08,-2.8481e-08,6.8187e-10,-2.0197e-08,-2.5592e-08,-1.4169e-08
0,0,-0.04,0.05236,0.05236,-1.0008e-08,-4.9166e-08,-4.0755e-08,-2.6914e-08,1.0754e-09,2.6205e-08,3.9495e-08,-2.9879e-08,1.5352e-09,-2.1591e-08,-3.0837e-08,-1.1896e-08
0.04,0,-0.04,0.05236,0.05236,-1.4572e-08,-4.5848e-08,-3.2456e-08,-2.5116e-08,1.1681e-09,3.4138e-08,3.4733e-08,-3.0438e-08,1.4975e-09,-2.2364e-08,-3.7319e-08,-9.5505e-09
-0.04,0.04,-0.04,0.05236,0.05236,-5.7055e-09,-5.303e-08,-5.6112e-08,-3.4892e-08,-2.7358e-10,1.5441e-08,4.1144e-08,-2.4404e-08,3.9179e-09,-2.1818e-08,-2.4015e-08,-1.0911e-08
0,0.04,-0.04,0.05236,0.05236,-9.224e-09,-5.0149e-08,-4.614e-08,-3.3865e-08,-4.0318e-10,2.1671e-08,3.6339e-08,-2.4795e-08,4.8651e-09,-2.3203e-08,-2.9548e-08,-8.5361e-09
0.04,0.04,-0.04,0.05236,0.05236,-1.3224e-08,-4.7086e-08,-3.7e-08,-3.0698e-08,1.4144e-09,2.8875e-08,3.2293e-08,-2.6008e-08,5.2612e-09,-2.4778e-08,-3.4933e-08,-7.2814e-09
0,-0.08,0,0.05236,0.05236,-9.0101e-09,-5.2274e-08,-2.8862e-08,-1.5869e-08,6.5248e-09,3.1011e-08,3.7037e-08,-3.788e-08,-6.3222e-09,-1.3927e-08,-3.3863e-08,-1.6478e-08
-0.04,-0.04,0,0.05236,0.05236,-3.4983e-09,-5.8618e-08,-3.9417e-08,-2.0402e-08,7.8339e-09,2.0809e-08,3.994e-08,-2.9617e-08,-3.7304e-09,-1.4172e-08,-2.69e-08,-1.4802e-08
0,-0.04,0,0.05236,0.05236,-8.9649e-09,-5.5581e-08,-3.3365e-08,-1.9494e-08,6.5449e-09,2.7435e-08,3.5334e-08,-3.2275e-08,-4.4461e-09,-1.541e-08,-3.3017e-08,-1.1948e-08
0.04,-0.04,0,0.05236,0.05236,-1.6767e-08,-5.1302e-08,-2.7813e-08,-1.8121e-08,6.1631e-09,3.5615e-08,3.1887e-08,-3.2448e-08,-5.1711e-09,-1.5151e-08,-3.9837e-08,-8.4699e-09
-0.08,0,0,0.05236,0.05236,-6.9985e-10,-6.3114e-08,-5.1167e-08,-2.5955e-08,8.9028e-09,1.2872e-08,4.0223e-08,-2.4543e-08,-1.5917e-09,-1.5028e-08,-2.1868e-08,-1.2908e-08
-0.04,0,0,0.05236,0.05236,-4.3802e-09,-6.1818e-08,-4.5225e-08,-2.4936e-08,7.1037e-09,1.8629e-08,3.7733e-08,-2.585e-08,-1.1797e-09,-1.5825e-08,-2.6069e-08,-1.056e-08
0,0,0,0.05236,0.05236,-8.6141e-09,-5.8402e-08,-3.8244e-08,-2.3879e-08,6.3314e-09,2.5046e-08,3.3422e-08,-2.6666e-08,-1.5191e-09,-1.6027e-08,-3.0939e-08,-7.9278e-09
0.04,0,0,0.05236,0.05236,-1.5105e-08,-5.3509e-08,-3.2045e-08,-2.2976e-08,5.6786e-09,2.9895e-08,3.0551e-08,-2.7694e-08,-1.437e-09,-1.5806e-08,-3.8593e-08,-5.8672e-09
0.08,0,0,0.05236,0.05236,-2.15e-08,-4.8825e-08,-2.5642e-08,-2.1462e-08,5.1708e-09,3.7195e-08,2.7109e-08,-2.7809e-08,-1.9653e-09,-1.5788e-08,-4.7099e-08,-4.0126e-09
-0.04,0.04,0,0.05236,0.05236,-4.637e-09,-6.3221e-08,-5.0656e-08,-3.1224e-08,7.36e-09,1.5377e-08,3.5104e-08,-2.1714e-08,1.6507e-09,-1.6797e-08,-2.4702e-08,-6.7088e-09
0,0.04,0,0.05236,0.05236,-8.3015e-09,-6.0634e-08,-4.2429e-08,-3.046e-08,6.7408e-09,2.0935e-08,3.1638e-08,-2.2912e-08,2.6225e-09,-1.6776e-08,-3.0228e-08,-5.6109e-09
0.04,0.04,0,0.05236,0.05236,-1.3757e-08,-5.5073e-08,-3.5269e-08,-2.8474e-08,5.9287e-09,2.6449e-08,2.8628e-08,-2.3137e-08,3.7229e-09,-1.6272e-08,-3.5911e-08,-3.8013e-09
0,0.08,0,0.05236,0.05236,-7.9527e-09,-6.0183e-08,-4.6857e-08,-3.8609e-08,6.788e-09,1.7243e-08,2.9667e-08,-1.9482e-08,6.94e-09,-1.7639e-08,-2.7861e-08,-3.0954e-09
-0.04,-0.04,0.04,0.05236,0.05236,-1.1998e-09,-6.9312e-08,-3.599e-08,-1.6842e-08,1.4306e-08,1.9369e-08,3.1746e-08,-2.5617e-08,-6.7699e-09,-1.076e-08,-2.6873e-08,-8.4586e-09
0,-0.04,0.04,0.05236,0.05236,-8.1345e-09,-6.5843e-08,-3.1483e-08,-1.5936e-08,1.1919e-08,2.5493e-08,2.972e-08,-2.7342e-08,-8.1469e-09,-1.0627e-08,-3.2665e-08,-5.7186e-09
0.04,-0.04,0.04,0.05236,0.05236,-1.5193e-08,-5.9745e-08,-2.6702e-08,-1.5367e-08,9.9237e-09,3.036e-08,2.7175e-08,-2.7157e-08,-9.4029e-09,-1.0245e-08,-3.8566e-08,-3.5731e-09
-0.04,0,0.04,0.05236,0.05236,-2.1326e-09,-7.313e-08,-4.094e-08,-2.1273e-08,1.4446e-08,1.7187e-08,3.1541e-08,-2.2364e-08,-4.1298e-09,-1.114e-08,-2.641e-08,-4.3922e-09
0,0,0.04,0.05236,0.05236,-7.6608e-09,-6.7696e-08,-3.4448e-08,-1.988e-08,1.2523e-08,2.2629e-08,2.8578e-08,-2.3056e-08,-4.9574e-09,-1.1032e-08,-3.0832e-08,-2.859e-09
0.04,0,0.04,0.05236,0.05236,-1.4998e-08,-6.3205e-08,-2.9432e-08,-1.8744e-08,1.0292e-08,2.7684e-08,2.6262e-08,-2.3016e-08,-5.3563e-09,-1.0261e-08,-3.7437e-08,-1.5069e-09
-0.04,0.04,0.04,0.05236,0.05236,-2.8124e-09,-7.7486e-08,-4.5012e-08,-2.5851e-08,1.4383e-08,1.5053e-08,2.9984e-08,-1.9303e-08,-1.3701e-09,-1.1103e-08,-2.4746e-08,-1.6986e-09
0,0.04,0.04,0.05236,0.05236,-7.4001e-09,-7.2824e-08,-3.8765e-08,-2.5257e-08,1.2366e-08,1.9154e-08,2.7374e-08,-1.9871e-08,-5.7455e-10,-1.0963e-08,-2.9214e-08,-6.0957e-10
0.04,0.04,0.04,0.05236,0.05236,-1.2921e-08,-6.6728e-08,-3.2336e-08,-2.3858e-08,1.0417e-08,2.3812e-08,2.4933e-08,-2.0389e-08,-7.6439e-10,-9.587e-09,-3.5057e-08,1.0618e-10
0,0,0.08,0.05236,0.05236,-5.4489e-09,-8.2767e-08,-3.2115e-08,-1.5105e-08,1.7672e-08,2.0095e-08,2.3799e-08,-1.894e-08,-9.1922e-09,-6.3353e-09,-2.9373e-08,2.591e-09
0,0,-0.08,0.10472,0.05236,-1.023e-08,-4.0709e-08,-4.3862e-08,-2.6447e-08,-2.9964e-09,2.5853e-08,4.5591e-08,-3.2751e-08,1.7069e-09,-2.5928e-08,-2.8297e-08,-1.7482e-08
-0.04,-0.04,-0.04,0.10472,0.05236,-5.0736e-09,-4.7769e-08,-4.2953e-08,-2.0722e-08,2.3117e-09,2.0585e-08,4.8295e-08,-3.5429e-08,-2.884e-09,-1.7364e-08,-2.5925e-08,-2.268e-08
0,-0.04,-0.04,0.10472,0.05236,-1.0181e-08,-4.5252e-08,-3.6429e-08,-2.0313e-08,2.7128e-09,2.9877e-08,4.2302e-08,-3.7223e-08,-3.1386e-09,-1.8634e-08,-3.1458e-08,-1.814e-08
0.04,-0.04,-0.04,0.10472,0.05236,-1.573e-08,-4.3436e-08,-3.0231e-08,-1.9329e-08,2.8231e-09,3.9227e-08,3.7255e-08,-3.7865e-08,-3.9956e-09,-1.9291e-08,-3.8468e-08,-1.4875e-08
-0.04,0,-0.04,0.10472,0.05236,-5.2972e-09,-5.0738e-08,-4.982e-08,-2.5811e-08,2.0641e-09,1.7062e-08,4.4898e-08,-2.9812e-08,-5.5517e-10,-1.9475e-08,-2.5366e-08,-1.7166e-08
0,0,-0.04,0.10472,0.05236,-1.0043e-08,-4.8482e-08,-4.2679e-08,-2.4877e-08,1.6217e-09,2.4988e-08,3.9652e-08,-3.0627e-08,-8.5396e-10,-2.0185e-08,-3.0776e-08,-1.4188e-08
0.04,0,-0.04,0.10472,0.05236,-1.4877e-08,-4.4674e-08,-3.4242e-08,-2.3004e-08,2.2028e-09,3.2723e-08,3.5647e-08,-3.2024e-08,5.0337e-11,-2.1196e-08,-3.7147e-08,-1.0923e-08
-0.04,0.04,-0.04,0.10472,0.05236,-5.6702e-09,-5.2443e-08,-5.7615e-08,-3.2036e-08,3.7426e-10,1.3418e-08,4.1482e-08,-2.4853e-08,2.2459e-09,-2.1406e-08,-2.3957e-08,-1.2555e-08
0,0.04,-0.04,0.10472,0.05236,-9.0907e-09,-5.0058e-08,-4.6593e-08,-3.1201e-08,1.091e-09,1.9833e-08,3.7273e-08,-2.5728e-08,3.0266e-09,-2.2122e-08,-2.8637e-08,-1.0893e-08
0.04,0.04,-0.04,0.10472,0.05236,-1.347e-08,-4.6508e-08,-3.7562e-08,-2.8662e-08,1.6758e-09,2.7255e-08,3.2705e-08,-2.6099e-08,4.4621e-09,-2.3483e-08,-3.4184e-08,-8.6991e-09
0,-0.08,0,0.10472,0.05236,-9.2672e-09,-4.9337e-08,-3.0603e-08,-1.4141e-08,8.4584e-09,2.9601e-08,3.7382e-08,-3.9904e-08,-7.8003e-09,-1.2717e-08,-3.3881e-08,-1.876e-08
-0.04,-0.04,0,0.10472,0.05236,-3.9206e-09,-5.679e-08,-4.0007e-08,-1.7924e-08,8.8488e-09,1.9836e-08,4.034e-08,-3.151e-08,-5.2912e-09,-1.3604e-08,-2.6826e-08,-1.8455e-08
0,-0.04,0,0.10472,0.05236,-9.4021e-09,-5.387e-08,-3.4605e-08,-1.6877e-08,7.6614e-09,2.6389e-08,3.6416e-08,-3.235e-08,-6.089e-09,-1.3966e-08,-3.3067e-08,-1.4574e-08
0.04,-0.04,0,0.10472,0.05236,-1.6665e-08,-4.9641e-08,-2.9471e-08,-1.7095e-08,6.9083e-09,3.4133e-08,3.2303e-08,-3.4346e-08,-7.0973e-09,-1.4193e-08,-3.8889e-08,-1.1285e-08
-0.08,0,0,0.10472,0.05236,-2.3831e-10,-6.3243e-08,-5.3555e-08,-2.2637e-08,9.8669e-09,1.2143e-08,4.0854e-08,-2.6039e-08,-3.0723e-09,-1.3885e-08,-2.1994e-08,-1.5575e-08
-0.04,0,0,0.10472,0.05236,-4.3659e-09,-6.2414e-08,-4.5697e-08,-2.247e-08,8.4637e-09,1.7437e-08,3.7621e-08,-2.703e-08,-2.8745e-09,-1.4497e-08,-2.5768e-08,-1.252e-08
0,0,0,0.10472,0.05236,-8.9064e-09,-5.7425e-08,-3.8516e-08,-2.129e-08,7.2539e-09,2.3761e-08,3.454e-08,-2.7766e-08,-3.0388e-09,-1.5047e-08,-3.1118e-08,-1.0202e-08
0.04,0,0,0.10472,0.05236,-1.5534e-08,-5.3409e-08,-3.2446e-08,-2.0347e-08,6.3025e-09,3.0193e-08,3.093e-08,-2.8276e-08,-3.7939e-09,-1.5193e-08,-3.7442e-08,-7.643e-09
0.08,0,0,0.10472,0.05236,-2.1706e-08,-4.7864e-08,-2.6267e-08,-1.8731e-08,6.2189e-09,3.5511e-08,2.7752e-08,-2.9289e-08,-4.2035e-09,-1.4111e-08,-4.6449e-08,-5.6052e-09
-0.04,0.04,0,0.10472,0.05236,-4.5021e-09,-6.3516e-08,-5.1327e-08,-2.8598e-08,7.7848e-09,1.4252e-08,3.5106e-08,-2.292e-08,-3.0775e-10,-1.5112e-08,-2.4486e-08,-8.7055e-09
0,0.04,0,0.10472,0.05236,-9.0054e-09,-5.9306e-08,-4.2479e-08,-2.7273e-08,6.9247e-09,1.9361e-08,3.2159e-08,-2.3261e-08,4.3271e-10,-1.5976e-08,-2.975e-08,-7.1472e-09
0.04,0.04,0,0.10472,0.05236,-1.3834e-08,-5.4464e-08,-3.566e-08,-2.5447e-08,6.22e-09,2.4892e-08,2.8954e-08,-2.405e-08,1.0986e-09,-1.5143e-08,-3.5467e-08,-5.925e-09
0,0.08,0,0.10472,0.05236,-8.2084e-09,-6.0257e-08,-4.6999e-08,-3.4375e-08,7.0315e-09,1.5639e-08,2.9433e-08,-2.0101e-08,5.2443e-09,-1.5565e-08,-2.7085e-08,-4.9051e-09
-0.04,-0.04,0.04,0.10472,0.05236,-1.4734e-09,-6.7015e-08,-3.6283e-08,-1.4559e-08,1.6379e-08,1.8685e-08,3.2819e-08,-2.6794e-08,-8.1587e-09,-9.9595e-09,-2.715e-08,-1.1501e-08
0,-0.04,0.04,0.10472,0.05236,-8.3651e-09,-6.3296e-08,-3.2166e-08,-1.3853e-08,1.2823e-08,2.409e-08,3.0094e-08,-2.8318e-08,-9.3596e-09,-9.3724e-09,-3.1537e-08,-7.9396e-09
0.04,-0.04,0.04,0.10472,0.05236,-1.6519e-08,-5.698e-08,-2.7299e-08,-1.3456e-08,1.0734e-08,2.9271e-08,2.7607e-08,-2.8508e-08,-1.0828e-08,-9.0461e-09,-3.8449e-08,-5.4831e-09
-0.04,0,0.04,0.10472,0.05236,-2.7649e-09,-7.4105e-08,-4.2059e-08,-1.7445e-08,1.6278e-08,1.6574e-08,3.1324e-08,-2.3593e-08,-6.2309e-09,-1.0371e-08,-2.5869e-08,-7.2092e-09
0,0,0.04,0.10472,0.05236,-7.9354e-09,-6.8741e-08,-3.6165e-08,-1.7122e-08,1.2768e-08,2.1604e-08,2.9247e-08,-2.4584e-08,-6.7697e-09,-9.8703e-09,-3.0973e-08,-4.7889e-09
0.04,0,0.04,0.10472,0.05236,-1.496e-08,-6.2772e-08,-2.9973e-08,-1.6656e-08,1.0887e-08,2.6463e-08,2.6322e-08,-2.4825e-08,-7.6561e-09,-9.0309e-09,-3.7648e-08,-3.1588e-09
-0.04,0.04,0.04,0.10472,0.05236,-3.1704e-09,-7.5797e-08,-4.6416e-08,-2.3063e-08,1.5168e-08,1.4343e-08,2.9207e-08,-2.0354e-08,-3.2961e-09,-1.0601e-08,-2.4533e-08,-4.4338e-09
0,0.04,0.04,0.10472,0.05236,-7.8069e-09,-7.2184e-08,-3.9556e-08,-2.1948e-08,1.3532e-08,1.817e-08,2.7926e-08,-2.1015e-08,-3.5287e-09,-9.6723e-09,-2.8957e-08,-3.2249e-09
0.04,0.04,0.04,0.10472,0.05236,-1.3488e-08,-6.5846e-08,-3.2519e-08,-2.0462e-08,1.0782e-08,2.2951e-08,2.54e-08,-2.1351e-08,-3.39e-09,-8.1435e-09,-3.5182e-08,-1.4096e-09
0,0,0.08,0.10472,0.05236,-6.6263e-09,-8.3077e-08,-3.2397e-08,-1.2169e-08,1.8363e-08,1.9297e-08,2.4283e-08,-2.0327e-08,-1.1439e-08,-4.8852e-09,-2.9635e-08,3.8651e-10
0,0,-0.08,0.15708,0.05236,-1.0243e-08,-4.1027e-08,-4.6237e-08,-2.4915e-08,-2.502e-09,2.3135e-08,4.4446e-08,-3.2689e-08,8.3605e-11,-2.4779e-08,-2.834e-08,-1.836e-08
-0.04,-0.04,-0.04,0.15708,0.05236,-5.5187e-09,-4.6849e-08,-4.4472e-08,-1.8578e-08,3.9381e-09,1.9607e-08,4.8315e-08,-3.6949e-08,-4.2602e-09,-1.659e-08,-2.6236e-08,-2.5048e-08
0,-0.04,-0.04,0.15708,0.05236,-1.0233e-08,-4.4917e-08,-3.7799e-08,-1.7951e-08,3.8842e-09,2.6557e-08,4.2392e-08,-3.8373e-08,-5.0191e-09,-1.7845e-08,-3.1642e-08,-2.0372e-08
0.04,-0.04,-0.04,0.15708,0.05236,-1.6223e-08,-4.2593e-08,-3.1093e-08,-1.7147e-08,3.6079e-09,3.6907e-08,3.7985e-08,-3.9862e-08,-5.2241e-09,-1.8267e-08,-3.8684e-08,-1.6489e-08
-0.04,0,-0.04,0.15708,0.05236,-5.6464e-09,-4.9897e-08,-5.2321e-08,-2.2843e-08,2.8726e-09,1.6614e-08,4.4987e-08,-3.0283e-08,-2.0106e-09,-1.867e-08,-2.5105e-08,-1.9549e-08
0,0,-0.04,0.15708,0.05236,-1.0169e-08,-4.774e-08,-4.3335e-08,-2.2488e-08,2.541e-09,2.3079e-08,4.0062e-08,-3.1145e-08,-1.9972e-09,-1.9038e-08,-2.9904e-08,-1.6057e-08
0.04,0,-0.04,0.15708,0.05236,-1.5354e-08,-4.5051e-08,-3.4801e-08,-2.1551e-08,2.6739e-09,3.1585e-08,3.5484e-08,-3.1894e-08,-2.2354e-09,-2.018e-08,-3.6034e-08,-1.2685e-08
-0.04,0.04,-0.04,0.15708,0.05236,-5.8786e-09,-5.2072e-08,-5.7753e-08,-2.9895e-08,1.1167e-09,1.2629e-08,4.1336e-08,-2.5532e-08,8.7802e-10,-1.9871e-08,-2.332e-08,-1.4824e-08
0,0.04,-0.04,0.15708,0.05236,-9.5232e-09,-5.0157e-08,-4.9675e-08,-2.8625e-08,1.6312e-09,1.8503e-08,3.6143e-08,-2.6377e-08,1.0005e-09,-2.1137e-08,-2.7846e-08,-1.2783e-08
0.04,0.04,-0.04,0.15708,0.05236,-1.4147e-08,-4.6043e-08,-3.8782e-08,-2.6213e-08,2.1832e-09,2.5442e-08,3.1939e-08,-2.7208e-08,1.8804e-09,-2.0852e-08,-3.3673e-08,-1.016e-08
0,-0.08,0,0.15708,0.05236,-8.6894e-09,-4.8729e-08,-3.1289e-08,-1.1996e-08,9.0869e-09,2.8966e-08,3.696e-08,-4.1354e-08,-9.1627e-09,-1.2002e-08,-3.301e-08,-2.1659e-08
-0.04,-0.04,0,0.15708,0.05236,-4.1573e-09,-5.4702e-08,-4.1649e-08,-1.5855e-08,9.9418e-09,1.913e-08,4.0291e-08,-3.2947e-08,-6.739e-09,-1.2618e-08,-2.6777e-08,-2.062e-08
0,-0.04,0,0.15708,0.05236,-9.3464e-09,-5.2371e-08,-3.5473e-08,-1.5195e-08,8.9742e-09,2.5304e-08,3.5926e-08,-3.4234e-08,-7.7476e-09,-1.2625e-08,-3.2155e-08,-1.6289e-08
0.04,-0.04,0,0.15708,0.05236,-1.6962e-08,-4.887e-08,-2.9721e-08,-1.4326e-08,7.708e-09,3.2299e-08,3.2745e-08,-3.576e-08,-8.659e-09,-1.2491e-08,-3.9583e-08,-1.2798e-08
-0.08,0,0,0.15708,0.05236,-3.8121e-10,-6.265e-08,-5.51e-08,-2.011e-08,1.1592e-08,1.1175e-08,4.1269e-08,-2.6402e-08,-4.1242e-09,-1.3536e-08,-2.1577e-08,-1.8862e-08
-0.04,0,0,0.15708,0.05236,-4.4835e-09,-5.9064e-08,-4.7903e-08,-1.9702e-08,9.7429e-09,1.5948e-08,3.8059e-08,-2.7346e-08,-4.519e-09,-1.3803e-08,-2.5509e-08,-1.4919e-08
0,0,0,0.15708,0.05236,-9.3866e-09,-5.7439e-08,-3.9703e-08,-1.8895e-08,8.8242e-09,2.2117e-08,3.4449e-08,-2.9256e-08,-5.6049e-09,-1.3535e-08,-3.0736e-08,-1.2527e-08
0.04,0,0,0.15708,0.05236,-1.5729e-08,-5.2476e-08,-3.3644e-08,-1.7566e-08,7.2079e-09,2.8204e-08,3.0744e-08,-2.9555e-08,-6.1198e-09,-1.2851e-08,-3.7862e-08,-1.0113e-08
0.08,0,0,0.15708,0.05236,-2.3155e-08,-4.7965e-08,-2.6478e-08,-1.6819e-08,6.3911e-09,3.4458e-08,2.7359e-08,-3.0082e-08,-6.4207e-09,-1.1558e-08,-4.6394e-08,-7.3208e-09
-0.04,0.04,0,0.15708,0.05236,-5.1645e-09,-6.241e-08,-5.3468e-08,-2.5213e-08,9.0914e-09,1.3165e-08,3.5575e-08,-2.3553e-08,-1.9535e-09,-1.4236e-08,-2.4732e-08,-1.0883e-08
0,0.04,0,0.15708,0.05236,-9.1259e-09,-5.9652e-08,-4.4777e-08,-2.4512e-08,8.1077e-09,1.7726e-08,3.1814e-08,-2.4239e-08,-1.65e-09,-1.411e-08,-2.8957e-08,-8.9418e-09
0.04,0.04,0,0.15708,0.05236,-1.4617e-08,-5.4487e-08,-3.6595e-08,-2.2877e-08,7.0176e-09,2.4128e-08,2.8268e-08,-2.5179e-08,-1.7469e-09,-1.372e-08,-3.4297e-08,-7.6621e-09
0,0.08,0,0.15708,0.05236,-8.4004e-09,-6.0923e-08,-4.8073e-08,-3.0533e-08,7.0586e-09,1.4544e-08,2.9292e-08,-2.0803e-08,2.5189e-09,-1.4198e-08,-2.7114e-08,-6.8426e-09
-0.04,-0.04,0.04,0.15708,0.05236,-1.78e-09,-6.6087e-08,-3.7964e-08,-1.2053e-08,1.7297e-08,1.8212e-08,3.2995e-08,-2.8085e-08,-9.2357e-09,-9.1347e-09,-2.6755e-08,-1.4687e-08
0,-0.04,0.04,0.15708,0.05236,-7.7836e-09,-6.2509e-08,-3.3116e-08,-1.1355e-08,1.3974e-08,2.2882e-08,3.0305e-08,-2.9748e-08,-1.1146e-08,-8.219e-09,-3.1905e-08,-1.1345e-08
0.04,-0.04,0.04,0.15708,0.05236,-1.6564e-08,-5.7524e-08,-2.8328e-08,-1.0699e-08,1.1885e-08,2.9025e-08,2.7898e-08,-3.0765e-08,-1.3203e-08,-7.7313e-09,-3.8343e-08,-7.5157e-09
-0.04,0,0.04,0.15708,0.05236,-2.7592e-09,-7.3605e-08,-4.3051e-08,-1.5408e-08,1.6678e-08,1.534e-08,3.1778e-08,-2.4614e-08,-7.7609e-09,-9.3465e-09,-2.5423e-08,-9.1102e-09
0,0,0.04,0.15708,0.05236,-7.6586e-09,-6.7602e-08,-3.5998e-08,-1.474e-08,1.3872e-08,2.0303e-08,2.8823e-08,-2.5621e-08,-8.7346e-09,-8.275e-09,-3.0476e-08,-7.6924e-09
0.04,0,0.04,0.15708,0.05236,-1.5915e-08,-6.2115e-08,-3.0398e-08,-1.411e-08,1.191e-08,2.5155e-08,2.6824e-08,-2.5741e-08,-1.0193e-08,-7.1555e-09,-3.7144e-08,-5.5176e-09
-0.04,0.04,0.04,0.15708,0.05236,-3.2613e-09,-7.7401e-08,-4.6532e-08,-1.9535e-08,1.6504e-08,1.3035e-08,2.9875e-08,-2.1053e-08,-5.6494e-09,-9.0805e-09,-2.4183e-08,-6.5353e-09
0,0.04,0.04,0.15708,0.05236,-8.0702e-09,-7.0764e-08,-4.0181e-08,-1.8426e-08,1.3619e-08,1.6904e-08,2.7661e-08,-2.1972e-08,-5.915e-09,-8.0674e-09,-2.9247e-08,-5.3885e-09
0.04,0.04,0.04,0.15708,0.05236,-1.3603e-08,-6.4875e-08,-3.327e-08,-1.7232e-08,1.141e-08,2.1067e-08,2.5025e-08,-2.2245e-08,-5.81e-09,-6.8054e-09,-3.4686e-08,-3.5466e-09
0,0,0.08,0.15708,0.05236,-6.6146e-09,-8.0608e-08,-3.2964e-08,-8.8449e-09,1.8787e-08,1.886e-08,2.4196e-08,-2.1558e-08,-1.3967e-08,-4.2207e-09,-2.936e-08,-2.3422e-09
0,0,-0.08,0.05236,0.10472,-9.8068e-09,-4.1542e-08,-4.3426e-08,-2.8847e-08,-4.6921e-09,2.7619e-08,4.5862e-08,-3.2002e-08,3.3926e-09,-2.6418e-08,-2.9208e-08,-1.4536e-08
-0.04,-0.04,-0.04,0.05236,0.10472,-5.6326e-09,-4.9223e-08,-4.2181e-08,-2.2853e-08,3.9895e-10,2.1607e-08,4.7661e-08,-3.4213e-08,-1.6046e-09,-1.8381e-08,-2.64e-08,-1.9746e-08
0,-0.04,-0.04,0.05236,0.10472,-1.0414e-08,-4.7327e-08,-3.556e-08,-2.1839e-08,1.7857e-09,3.0563e-08,4.1797e-08,-3.5358e-08,-1.4879e-09,-1.9953e-08,-3.2218e-08,-1.5942e-08
0.04,-0.04,-0.04,0.05236,0.10472,-1.5824e-08,-4.3512e-08,-2.8886e-08,-2.1132e-08,1.6692e-09,3.9225e-08,3.7369e-08,-3.7754e-08,-1.9314e-09,-2.0409e-08,-3.8589e-08,-1.2486e-08
-0.04,0,-0.04,0.05236,0.10472,-5.8356e-09,-5.0779e-08,-4.8505e-08,-2.8215e-08,7.9115e-10,1.8527e-08,4.5132e-08,-2.9147e-08,1.1658e-09,-2.0562e-08,-2.5637e-08,-1.4493e-08
0,0,-0.04,0.05236,0.10472,-9.5841e-09,-4.9184e-08,-4.0242e-08,-2.7169e-08,1.1852e-09,2.6688e-08,3.9521e-08,-3.0028e-08,1.0188e-09,-2.1232e-08,-3.091e-08,-1.1974e-08
0.04,0,-0.04,0.05236,0.10472,-1.4682e-08,-4.6085e-08,-3.2998e-08,-2.5653e-08,1.6161e-09,3.4324e-08,3.5434e-08,-3.1169e-08,1.8233e-09,-2.3007e-08,-3.7375e-08,-9.1199e-09
-0.04,0.04,-0.04,0.05236,0.10472,-5.4393e-09,-5.1512e-08,-5.623e-08,-3.4799e-08,-9.8979e-10,1.4678e-08,4.0401e-08,-2.4267e-08,3.7543e-09,-2.1997e-08,-2.4048e-08,-1.0409e-08
0,0.04,-0.04,0.05236,0.10472,-9.1914e-09,-5.1254e-08,-4.6049e-08,-3.3701e-08,1.6889e-10,2.2426e-08,3.6293e-08,-2.5014e-08,4.8313e-09,-2.3634e-08,-2.9118e-08,-8.5914e-09
0.04,0.04,-0.04,0.05236,0.10472,-1.3458e-08,-4.7418e-08,-3.7378e-08,-3.1566e-08,1.3934e-09,2.9558e-08,3.2546e-08,-2.5648e-08,5.6256e-09,-2.508e-08,-3.3844e-08,-7.2009e-09
0,-0.08,0,0.05236,0.10472,-9.0745e-09,-5.1266e-08,-2.9066e-08,-1.6067e-08,6.8641e-09,2.9865e-08,3.643e-08,-3.7405e-08,-6.694e-09,-1.4073e-08,-3.3212e-08,-1.668e-08
-0.04,-0.04,0,0.05236,0.10472,-4.0969e-09,-5.7176e-08,-3.8605e-08,-2.0173e-08,7.2676e-09,2.1473e-08,3.9222e-08,-3.0344e-08,-3.545e-09,-1.428e-08,-2.7236e-08,-1.4741e-08
0,-0.04,0,0.05236,0.10472,-9.7927e-09,-5.5219e-08,-3.3451e-08,-1.9208e-08,6.8025e-09,2.8037e-08,3.6368e-08,-3.1375e-08,-4.3696e-09,-1.5059e-08,-3.3116e-08,-1.2025e-08
0.04,-0.04,0,0.05236,0.10472,-1.6524e-08,-5.1459e-08,-2.8158e-08,-1.8592e-08,6.0309e-09,3.4297e-08,3.1906e-08,-3.2215e-08,-5.3358e-09,-1.5112e-08,-3.9773e-08,-8.8765e-09
-0.08,0,0,0.05236,0.10472,-4.895e-10,-6.3686e-08,-5.1643e-08,-2.586e-08,8.3348e-09,1.2307e-08,4.0575e-08,-2.4483e-08,-1.1994e-09,-1.4875e-08,-2.2032e-08,-1.2578e-08
-0.04,0,0,0.05236,0.10472,-4.1339e-09,-6.1769e-08,-4.5005e-08,-2.4482e-08,7.7883e-09,1.8022e-08,3.753e-08,-2.5404e-08,-1.2498e-09,-1.5402e-08,-2.5705e-08,-1.0422e-08
0,0,0,0.05236,0.10472,-9.0371e-09,-5.8675e-08,-3.828e-08,-2.4116e-08,6.8306e-09,2.4331e-08,3.3351e-08,-2.6726e-08,-1.2975e-09,-1.5483e-08,-3.1239e-08,-8.0844e-09
0.04,0,0,0.05236,0.10472,-1.534e-08,-5.4251e-08,-3.1858e-08,-2.239e-08,5.8662e-09,3.1027e-08,3.002e-08,-2.7989e-08,-1.5939e-09,-1.5616e-08,-3.8533e-08,-5.9302e-09
0.08,0,0,0.05236,0.10472,-2.1751e-08,-4.8149e-08,-2.5994e-08,-2.0949e-08,5.3737e-09,3.7596e-08,2.7169e-08,-2.7991e-08,-1.2033e-09,-1.5423e-08,-4.7007e-08,-4.1333e-09
-0.04,0.04,0,0.05236,0.10472,-4.3253e-09,-6.2636e-08,-5.0836e-08,-3.2283e-08,7.6129e-09,1.519e-08,3.5033e-08,-2.1867e-08,1.6897e-09,-1.6724e-08,-2.5304e-08,-6.5753e-09
0,0.04,0,0.05236,0.10472,-8.7267e-09,-6.0321e-08,-4.2861e-08,-3.0466e-08,6.9046e-09,2.0622e-08,3.185e-08,-2.2385e-08,2.2151e-09,-1.6685e-08,-2.8697e-08,-4.5474e-09
0.04,0.04,0,0.05236,0.10472,-1.3887e-08,-5.5513e-08,-3.4753e-08,-2.771e-08,6.1562e-09,2.6017e-08,2.8924e-08,-2.3405e-08,3.3341e-09,-1.691e-08,-3.5651e-08,-3.5726e-09
0,0.08,0,0.05236,0.10472,-7.9552e-09,-6.033e-08,-4.6866e-08,-3.8524e-08,6.3545e-09,1.7329e-08,2.9603e-08,-1.9561e-08,7.3547e-09,-1.6935e-08,-2.7678e-08,-2.8955e-09
-0.04,-0.04,0.04,0.05236,0.10472,-1.4973e-09,-6.8869e-08,-3.6271e-08,-1.6146e-08,1.3701e-08,1.938e-08,3.2548e-08,-2.5499e-08,-6.5304e-09,-1.0882e-08,-2.7147e-08,-7.7714e-09
0,-0.04,0.04,0.05236,0.10472,-7.8417e-09,-6.4614e-08,-3.1171e-08,-1.6455e-08,1.2074e-08,2.4456e-08,2.9785e-08,-2.6687e-08,-7.3852e-09,-1.1042e-08,-3.2534e-08,-5.9378e-09
0.04,-0.04,0.04,0.05236,0.10472,-1.5433e-08,-6.0545e-08,-2.6556e-08,-1.5346e-08,1.0256e-08,3.0512e-08,2.683e-08,-2.7066e-08,-9.2281e-09,-1.0364e-08,-3.9046e-08,-3.6115e-09
-0.04,0,0.04,0.05236,0.10472,-2.3961e-09,-7.3296e-08,-4.061e-08,-2.1487e-08,1.4933e-08,1.7555e-08,3.0884e-08,-2.2169e-08,-4.6455e-09,-1.1379e-08,-2.5915e-08,-4.4289e-09
0,0,0.04,0.05236,0.10472,-7.262e-09,-7.0088e-08,-3.4668e-08,-1.9859e-08,1.2698e-08,2.1822e-08,2.8244e-08,-2.304e-08,-5.1054e-09,-1.0759e-08,-3.1514e-08,-2.8941e-09
0.04,0,0.04,0.05236,0.10472,-1.4976e-08,-6.3655e-08,-2.9363e-08,-1.8857e-08,1.0227e-08,2.7324e-08,2.5987e-08,-2.3338e-08,-5.6254e-09,-1.0125e-08,-3.6836e-08,-1.687e-09
-0.04,0.04,0.04,0.05236,0.10472,-2.8194e-09,-7.6172e-08,-4.5564e-08,-2.6322e-08,1.5836e-08,1.4663e-08,2.9077e-08,-1.95e-08,-1.0508e-09,-1.1437e-08,-2.4691e-08,-1.7014e-09
0,0.04,0.04,0.05236,0.10472,-7.6018e-09,-7.2019e-08,-3.8646e-08,-2.49e-08,1.224e-08,1.9603e-08,2.7644e-08,-1.9867e-08,-6.7776e-10,-1.066e-08,-2.923e-08,-1.1348e-10
0.04,0.04,0.04,0.05236,0.10472,-1.3e-08,-6.6491e-08,-3.246e-08,-2.344e-08,1.0906e-08,2.3535e-08,2.4974e-08,-2.0387e-08,-7.3702e-10,-8.9288e-09,-3.5365e-08,7.445e-11
0,0,0.08,0.05236,0.10472,-5.8626e-09,-8.2645e-08,-3.2228e-08,-1.4811e-08,1.7838e-08,2.0175e-08,2.3983e-08,-1.9264e-08,-9.2588e-09,-6.3103e-09,-2.965e-08,3.0447e-09
0,0,-0.08,0.10472,0.10472,-1.0464e-08,-4.0731e-08,-4.4078e-08,-2.6536e-08,-3.2788e-09,2.559e-08,4.4951e-08,-3.2604e-08,1.6865e-09,-2.6468e-08,-2.8608e-08,-1.6668e-08
-0.04,-0.04,-0.04,0.10472,0.10472,-5.1723e-09,-4.7893e-08,-4.3544e-08,-2.0711e-08,2.5076e-09,2.0357e-08,4.7975e-08,-3.5768e-08,-2.5537e-09,-1.7854e-08,-2.6027e-08,-2.1564e-08
0,-0.04,-0.04,0.10472,0.10472,-1.0528e-08,-4.5589e-08,-3.6861e-08,-1.9613e-08,2.8583e-09,2.8641e-08,4.2524e-08,-3.7299e-08,-3.0634e-09,-1.8329e-08,-3.2348e-08,-1.829e-08
0.04,-0.04,-0.04,0.10472,0.10472,-1.6333e-08,-4.3772e-08,-3.1143e-08,-1.8997e-08,2.8558e-09,3.8155e-08,3.8145e-08,-3.8246e-08,-3.4054e-09,-1.9723e-08,-3.9164e-08,-1.4659e-08
-0.04,0,-0.04,0.10472,0.10472,-5.5829e-09,-5.052e-08,-5.0527e-08,-2.5797e-08,1.4176e-09,1.6911e-08,4.4503e-08,-2.9253e-08,-6.9512e-10,-1.9875e-08,-2.5337e-08,-1.7083e-08
0,0,-0.04,0.10472,0.10472,-1.0231e-08,-4.8731e-08,-4.2459e-08,-2.5445e-08,1.9716e-09,2.4816e-08,3.9233e-08,-3.0856e-08,-4.0316e-10,-2.0721e-08,-2.9935e-08,-1.4112e-08
0.04,0,-0.04,0.10472,0.10472,-1.5139e-08,-4.5845e-08,-3.4074e-08,-2.2947e-08,2.0345e-09,3.3384e-08,3.5318e-08,-3.1406e-08,-2.2446e-10,-2.0524e-08,-3.6906e-08,-1.0836e-08
-0.04,0.04,-0.04,0.10472,0.10472,-6.1901e-09,-5.2953e-08,-5.718e-08,-3.2324e-08,6.3906e-10,1.3561e-08,4.0634e-08,-2.498e-08,2.0958e-09,-2.1319e-08,-2.4215e-08,-1.2445e-08
0,0.04,-0.04,0.10472,0.10472,-9.3705e-09,-4.999e-08,-4.7892e-08,-3.0549e-08,1.6476e-09,2.0824e-08,3.7036e-08,-2.5987e-08,3.3193e-09,-2.2142e-08,-2.8784e-08,-1.0672e-08
0.04,0.04,-0.04,0.10472,0.10472,-1.3954e-08,-4.6468e-08,-3.7896e-08,-2.914e-08,1.7059e-09,2.7268e-08,3.2586e-08,-2.6539e-08,4.0334e-09,-2.3229e-08,-3.449e-08,-8.5846e-09
0,-0.08,0,0.10472,0.10472,-9.8177e-09,-4.9822e-08,-3.0603e-08,-1.4346e-08,8.1207e-09,2.9132e-08,3.806e-08,-3.9672e-08,-8.0793e-09,-1.3076e-08,-3.2887e-08,-1.8038e-08
-0.04,-0.04,0,0.10472,0.10472,-4.1909e-09,-5.6987e-08,-4.0076e-08,-1.7732e-08,8.5639e-09,1.9955e-08,3.9467e-08,-3.1703e-08,-5.6107e-09,-1.3959e-08,-2.72e-08,-1.7747e-08
0,-0.04,0,0.10472,0.10472,-1.0246e-08,-5.4e-08,-3.3995e-08,-1.7315e-08,8.4774e-09,2.6491e-08,3.6552e-08,-3.299e-08,-5.5264e-09,-1.3771e-08,-3.2492e-08,-1.3596e-08
0.04,-0.04,0,0.10472,0.10472,-1.6734e-08,-4.9597e-08,-2.9734e-08,-1.6259e-08,7.4948e-09,3.4038e-08,3.2141e-08,-3.3607e-08,-7.0916e-09,-1.3977e-08,-3.9779e-08,-1.1028e-08
-0.08,0,0,0.10472,0.10472,-7.2175e-10,-6.2518e-08,-5.3695e-08,-2.2533e-08,1.0353e-08,1.1654e-08,4.1784e-08,-2.5945e-08,-2.8085e-09,-1.3982e-08,-2.1716e-08,-1.5896e-08
-0.04,0,0,0.10472,0.10472,-4.3642e-09,-6.0732e-08,-4.65e-08,-2.3033e-08,9.0874e-09,1.7257e-08,3.8035e-08,-2.6916e-08,-2.9859e-09,-1.4745e-08,-2.5437e-08,-1.2423e-08
0,0,0,0.10472,0.10472,-1.0052e-08,-5.7352e-08,-3.9004e-08,-2.1016e-08,7.7543e-09,2.3675e-08,3.4273e-08,-2.805e-08,-3.3624e-09,-1.5084e-08,-3.1417e-08,-9.8774e-09
0.04,0,0,0.10472,0.10472,-1.5833e-08,-5.3129e-08,-3.2523e-08,-2.0049e-08,7.0608e-09,2.9471e-08,3.0626e-08,-2.8557e-08,-3.5728e-09,-1.4633e-08,-3.825e-08,-7.8345e-09
0.08,0,0,0.10472,0.10472,-2.2724e-08,-4.7915e-08,-2.658e-08,-1.9319e-08,6.0882e-09,3.6122e-08,2.7375e-08,-2.864e-08,-4.134e-09,-1.4089e-08,-4.6501e-08,-5.8337e-09
-0.04,0.04,0,0.10472,0.10472,-5.0015e-09,-6.3527e-08,-5.2396e-08,-2.8232e-08,8.0967e-09,1.4389e-08,3.5579e-08,-2.267e-08,4.9488e-10,-1.5543e-08,-2.4572e-08,-8.9995e-09
0,0.04,0,0.10472,0.10472,-9.1779e-09,-6.0684e-08,-4.3508e-08,-2.6644e-08,7.144e-09,1.9682e-08,3.2242e-08,-2.3761e-08,3.5866e-10,-1.5093e-08,-2.9294e-08,-6.5729e-09
0.04,0.04,0,0.10472,0.10472,-1.3955e-08,-5.5037e-08,-3.5496e-08,-2.4792e-08,6.6918e-09,2.4597e-08,2.852e-08,-2.4298e-08,5.6481e-10,-1.4978e-08,-3.5127e-08,-5.5978e-09
0,0.08,0,0.10472,0.10472,-8.2926e-09,-5.9435e-08,-4.6697e-08,-3.4367e-08,7.1444e-09,1.5556e-08,2.9796e-08,-2.0115e-08,4.8176e-09,-1.6473e-08,-2.7965e-08,-4.5118e-09
-0.04,-0.04,0.04,0.10472,0.10472,-1.568e-09,-6.7642e-08,-3.7157e-08,-1.4084e-08,1.6074e-08,1.8166e-08,3.2414e-08,-2.7356e-08,-8.0251e-09,-9.6853e-09,-2.625e-08,-1.1669e-08
0,-0.04,0.04,0.10472,0.10472,-8.4896e-09,-6.3186e-08,-3.213e-08,-1.3728e-08,1.3175e-08,2.3607e-08,2.9871e-08,-2.7834e-08,-9.7148e-09,-1.0052e-08,-3.1771e-08,-8.0365e-09
0.04,-0.04,0.04,0.10472,0.10472,-1.6801e-08,-5.8669e-08,-2.7819e-08,-1.3268e-08,1.1421e-08,2.9683e-08,2.7814e-08,-2.9161e-08,-1.0697e-08,-9.0897e-09,-3.9851e-08,-5.3658e-09
-0.04,0,0.04,0.10472,0.10472,-2.6758e-09,-7.3428e-08,-4.1427e-08,-1.8048e-08,1.6392e-08,1.6629e-08,3.1291e-08,-2.4019e-08,-6.2582e-09,-1.0149e-08,-2.5551e-08,-7.533e-09
0,0,0.04,0.10472,0.10472,-8.6001e-09,-6.9597e-08,-3.5377e-08,-1.7061e-08,1.2798e-08,2.0793e-08,2.9005e-08,-2.4026e-08,-7.1383e-09,-9.7609e-09,-3.0906e-08,-5.4608e-09
0.04,0,0.04,0.10472,0.10472,-1.5327e-08,-6.304e-08,-2.9445e-08,-1.6364e-08,1.1132e-08,2.6045e-08,2.6597e-08,-2.481e-08,-7.6403e-09,-8.9066e-09,-3.648e-08,-3.1812e-09
-0.04,0.04,0.04,0.10472,0.10472,-3.4387e-09,-7.731e-08,-4.6279e-08,-2.3128e-08,1.6275e-08,1.3802e-08,2.9476e-08,-2.0418e-08,-3.5814e-09,-1.0344e-08,-2.4824e-08,-3.7726e-09
0,0.04,0.04,0.10472,0.10472,-7.6826e-09,-7.1632e-08,-3.8679e-08,-2.1711e-08,1.3773e-08,1.801e-08,2.7618e-08,-2.118e-08,-3.6683e-09,-9.7475e-09,-2.9216e-08,-2.4607e-09
0.04,0.04,0.04,0.10472,0.10472,-1.4486e-08,-6.5474e-08,-3.2951e-08,-2.0907e-08,1.1065e-08,2.2624e-08,2.5509e-08,-2.1317e-08,-3.4462e-09,-8.449e-09,-3.4615e-08,-1.4124e-09
0,0,0.08,0.10472,0.10472,-6.5114e-09,-8.1591e-08,-3.3256e-08,-1.1968e-08,1.8913e-08,1.9179e-08,2.4337e-08,-2.0473e-08,-1.1115e-08,-5.095e-09,-2.9603e-08,7.244e-10
0,0,-0.08,0.15708,0.10472,-1.0402e-08,-4.0955e-08,-4.6318e-08,-2.476e-08,-2.4291e-09,2.3687e-08,4.4859e-08,-3.2786e-08,3.5493e-10,-2.5427e-08,-2.7996e-08,-1.8267e-08
-0.04,-0.04,-0.04,0.15708,0.10472,-5.3738e-09,-4.7245e-08,-4.4721e-08,-1.845e-08,3.3587e-09,1.8476e-08,4.8226e-08,-3.5642e-08,-4.0617e-09,-1.6768e-08,-2.6108e-08,-2.4773e-08
0,-0.04,-0.04,0.15708,0.10472,-1.089e-08,-4.5136e-08,-3.7684e-08,-1.8053e-08,4.1214e-09,2.7659e-08,4.2283e-08,-3.7414e-08,-4.5981e-09,-1.7287e-08,-3.1214e-08,-2.0148e-08
0.04,-0.04,-0.04,0.15708,0.10472,-1.6212e-08,-4.2245e-08,-3.1091e-08,-1.7115e-08,3.9563e-09,3.6493e-08,3.7598e-08,-3.9291e-08,-5.5286e-09,-1.8682e-08,-3.8156e-08,-1.6184e-08
-0.04,0,-0.04,0.15708,0.10472,-5.8231e-09,-5.0466e-08,-5.2553e-08,-2.2833e-08,3.1828e-09,1.5983e-08,4.5322e-08,-2.9759e-08,-2.0313e-09,-1.813e-08,-2.4914e-08,-1.9263e-08
0,0,-0.04,0.15708,0.10472,-1.0334e-08,-4.7788e-08,-4.3437e-08,-2.2176e-08,2.8677e-09,2.3321e-08,4.009e-08,-3.1744e-08,-2.1073e-09,-1.9662e-08,-2.9157e-08,-1.5837e-08
0.04,0,-0.04,0.15708,0.10472,-1.5484e-08,-4.4686e-08,-3.5317e-08,-2.1321e-08,3.4748e-09,3.157e-08,3.4654e-08,-3.2382e-08,-1.6573e-09,-1.9889e-08,-3.6253e-08,-1.2963e-08
-0.04,0.04,-0.04,0.15708,0.10472,-6.1332e-09,-5.2146e-08,-6.0746e-08,-2.9073e-08,1.8209e-09,1.2331e-08,3.9585e-08,-2.5382e-08,8.3273e-10,-2.0065e-08,-2.3413e-08,-1.4251e-08
0,0.04,-0.04,0.15708,0.10472,-1.0302e-08,-4.9743e-08,-4.8091e-08,-2.8113e-08,2.2452e-09,1.8496e-08,3.6692e-08,-2.6351e-08,1.3128e-09,-2.1319e-08,-2.8221e-08,-1.1992e-08
0.04,0.04,-0.04,0.15708,0.10472,-1.3972e-08,-4.6432e-08,-3.9348e-08,-2.64e-08,2.493e-09,2.4695e-08,3.2466e-08,-2.7232e-08,1.3756e-09,-2.12e-08,-3.388e-08,-1.0465e-08
0,-0.08,0,0.15708,0.10472,-9.3601e-09,-4.8697e-08,-3.1021e-08,-1.181e-08,9.6789e-09,2.8466e-08,3.7921e-08,-4.1152e-08,-9.2975e-09,-1.2285e-08,-3.3696e-08,-2.0408e-08
-0.04,-0.04,0,0.15708,0.10472,-4.0663e-09,-5.6074e-08,-4.2365e-08,-1.5563e-08,1.0266e-08,1.8709e-08,4.0562e-08,-3.221e-08,-6.7998e-09,-1.303e-08,-2.6862e-08,-2.0321e-08
0,-0.04,0,0.15708,0.10472,-9.8365e-09,-5.356e-08,-3.5757e-08,-1.4766e-08,9.5002e-09,2.4464e-08,3.6151e-08,-3.4001e-08,-7.5558e-09,-1.3208e-08,-3.2068e-08,-1.6718e-08
0.04,-0.04,0,0.15708,0.10472,-1.7143e-08,-4.9503e-08,-3.0744e-08,-1.3945e-08,7.7548e-09,3.2666e-08,3.2223e-08,-3.5867e-08,-9.1832e-09,-1.3029e-08,-3.8762e-08,-1.2002e-08
-0.08,0,0,0.15708,0.10472,-6.5614e-10,-6.2267e-08,-5.5025e-08,-2.0384e-08,1.2375e-08,1.1298e-08,4.1826e-08,-2.6295e-08,-4.2172e-09,-1.361e-08,-2.1657e-08,-1.9299e-08
-0.04,0,0,0.15708,0.10472,-4.9174e-09,-5.9212e-08,-4.7099e-08,-1.9204e-08,9.9363e-09,1.6077e-08,3.7603e-08,-2.7965e-08,-4.732e-09,-1.3364e-08,-2.5372e-08,-1.4827e-08
0,0,0,0.15708,0.10472,-9.7137e-09,-5.6719e-08,-4.0198e-08,-1.9215e-08,8.8666e-09,2.1845e-08,3.4534e-08,-2.9159e-08,-5.0841e-09,-1.3652e-08,-3.0288e-08,-1.2053e-08
0.04,0,0,0.15708,0.10472,-1.6279e-08,-5.2676e-08,-3.3829e-08,-1.7889e-08,7.7799e-09,2.7626e-08,3.1422e-08,-2.9504e-08,-5.6745e-09,-1.3194e-08,-3.6483e-08,-9.7973e-09
0.08,0,0,0.15708,0.10472,-2.3266e-08,-4.7888e-08,-2.7072e-08,-1.6927e-08,6.8505e-09,3.4657e-08,2.7452e-08,-3.0119e-08,-6.9006e-09,-1.1875e-08,-4.5348e-08,-7.1319e-09
-0.04,0.04,0,0.15708,0.10472,-5.0323e-09,-6.2639e-08,-5.3651e-08,-2.4939e-08,9.5495e-09,1.3104e-08,3.4945e-08,-2.3188e-08,-2.1783e-09,-1.4634e-08,-2.4871e-08,-1.1412e-08
0,0.04,0,0.15708,0.10472,-9.3105e-09,-5.8714e-08,-4.4736e-08,-2.3357e-08,7.6571e-09,1.7324e-08,3.1668e-08,-2.4857e-08,-1.4819e-09,-1.4335e-08,-2.9207e-08,-9.0449e-09
0.04,0.04,0,0.15708,0.10472,-1.4843e-08,-5.4301e-08,-3.5951e-08,-2.2551e-08,7.4547e-09,2.3577e-08,2.8758e-08,-2.4934e-08,-1.1401e-09,-1.385e-08,-3.4986e-08,-6.683e-09
0,0.08,0,0.15708,0.10472,-8.2532e-09,-5.8936e-08,-4.9431e-08,-3.0051e-08,7.0291e-09,1.4235e-08,2.8713e-08,-2.1056e-08,3.284e-09,-1.4969e-08,-2.6738e-08,-6.6004e-09
-0.04,-0.04,0.04,0.15708,0.10472,-9.3212e-10,-6.7803e-08,-3.8978e-08,-1.1744e-08,1.6911e-08,1.7622e-08,3.2604e-08,-2.8351e-08,-9.7211e-09,-9.0094e-09,-2.621e-08,-1.3526e-08
0,-0.04,0.04,0.15708,0.10472,-8.1986e-09,-6.2387e-08,-3.3282e-08,-1.1435e-08,1.4486e-08,2.2728e-08,3.0802e-08,-2.9852e-08,-1.1024e-08,-8.9925e-09,-3.1816e-08,-1.0483e-08
0.04,-0.04,0.04,0.15708,0.10472,-1.5844e-08,-5.7559e-08,-2.8366e-08,-1.1026e-08,1.2121e-08,2.7953e-08,2.7897e-08,-3.0369e-08,-1.3369e-08,-7.9156e-09,-3.9697e-08,-7.4659e-09
-0.04,0,0.04,0.15708,0.10472,-3.4572e-09,-7.2521e-08,-4.3427e-08,-1.5072e-08,1.7303e-08,1.5055e-08,3.1549e-08,-2.4768e-08,-7.7866e-09,-9.5323e-09,-2.5491e-08,-9.8039e-09
0,0,0.04,0.15708,0.10472,-9.0507e-09,-6.6776e-08,-3.7302e-08,-1.4672e-08,1.407e-08,1.9604e-08,2.9023e-08,-2.5135e-08,-8.4692e-09,-9.0597e-09,-2.9539e-08,-6.9534e-09
0.04,0,0.04,0.15708,0.10472,-1.6011e-08,-6.2447e-08,-3.0977e-08,-1.2942e-08,1.1889e-08,2.532e-08,2.6641e-08,-2.6118e-08,-1.0316e-08,-7.0535e-09,-3.6427e-08,-5.1266e-09
-0.04,0.04,0.04,0.15708,0.10472,-3.4142e-09,-7.6388e-08,-4.7327e-08,-1.8572e-08,1.7268e-08,1.2772e-08,2.9861e-08,-2.1201e-08,-5.1507e-09,-9.1715e-09,-2.4343e-08,-7.2201e-09
0,0.04,0.04,0.15708,0.10472,-8.6105e-09,-7.0508e-08,-3.9958e-08,-1.8406e-08,1.3871e-08,1.6939e-08,2.7769e-08,-2.1592e-08,-5.0888e-09,-8.2412e-09,-2.9041e-08,-4.7374e-09
0.04,0.04,0.04,0.15708,0.10472,-1.3598e-08,-6.4477e-08,-3.3118e-08,-1.723e-08,1.1863e-08,2.1688e-08,2.5267e-08,-2.2521e-08,-5.8094e-09,-7.1751e-09,-3.4342e-08,-3.589e-09
0,0,0.08,0.15708,0.10472,-6.3974e-09,-8.1473e-08,-3.3543e-08,-8.9734e-09,1.9415e-08,1.8085e-08,2.4582e-08,-2.1476e-08,-1.3454e-08,-4.4174e-09,-2.9458e-08,-1.291e-09
0,0,-0.08,0.05236,0.15708,-9.8799e-09,-4.1004e-08,-4.2431e-08,-2.8594e-08,-3.9741e-09,2.7749e-08,4.5035e-08,-3.2802e-08,3.2977e-09,-2.7053e-08,-2.9526e-08,-1.5092e-08
-0.04,-0.04,-0.04,0.05236,0.15708,-5.5877e-09,-4.8996e-08,-4.2397e-08,-2.2698e-08,1.7065e-09,2.1366e-08,4.8306e-08,-3.4466e-08,-1.4385e-09,-1.8748e-08,-2.6676e-08,-2.0065e-08
0,-0.04,-0.04,0.05236,0.15708,-1.0154e-08,-4.6659e-08,-3.5428e-08,-2.2331e-08,1.4508e-09,2.9822e-08,4.1777e-08,-3.6185e-08,-1.5308e-09,-1.9801e-08,-3.231e-08,-1.5838e-08
0.04,-0.04,-0.04,0.05236,0.15708,-1.5772e-08,-4.3741e-08,-2.9221e-08,-2.0888e-08,1.8451e-09,3.9714e-08,3.725e-08,-3.6659e-08,-1.765e-09,-2.0693e-08,-3.9329e-08,-1.268e-08
-0.04,0,-0.04,0.05236,0.15708,-5.5714e-09,-5.1328e-08,-4.9098e-08,-2.8169e-08,-2.8031e-10,1.8411e-08,4.45e-08,-2.8451e-08,7.3247e-10,-2.0387e-08,-2.6118e-08,-1.3893e-08
0,0,-0.04,0.05236,0.15708,-9.9723e-09,-4.9041e-08,-4.0347e-08,-2.6828e-08,1.8318e-09,2.7024e-08,4.0136e-08,-2.9694e-08,1.1866e-09,-2.1816e-08,-2.9838e-08,-1.1561e-08
0.04,0,-0.04,0.05236,0.15708,-1.5213e-08,-4.5183e-08,-3.3954e-08,-2.5237e-08,1.9352e-09,3.3683e-08,3.5177e-08,-3.0741e-08,2.0739e-09,-2.2656e-08,-3.6992e-08,-9.1137e-09
-0.04,0.04,-0.04,0.05236,0.15708,-5.3457e-09,-5.2522e-08,-5.6718e-08,-3.5858e-08,3.9678e-13,1.5046e-08,4.1062e-08,-2.4344e-08,3.8637e-09,-2.1897e-08,-2.4296e-08,-1.0069e-08
0,0.04,-0.04,0.05236,0.15708,-9.345e-09,-5.1304e-08,-4.6416e-08,-3.3782e-08,3.1415e-10,2.1762e-08,3.6565e-08,-2.4742e-08,4.9758e-09,-2.3851e-08,-2.8781e-08,-8.5574e-09
0.04,0.04,-0.04,0.05236,0.15708,-1.3424e-08,-4.6668e-08,-3.6432e-08,-3.1548e-08,1.7919e-09,2.8496e-08,3.2252e-08,-2.5972e-08,6.1343e-09,-2.4655e-08,-3.5078e-08,-6.8816e-09
0,-0.08,0,0.05236,0.15708,-9.6293e-09,-5.0525e-08,-2.9418e-08,-1.6009e-08,6.8139e-09,3.024e-08,3.6636e-08,-3.8326e-08,-6.5829e-09,-1.3881e-08,-3.3548e-08,-1.6003e-08
-0.04,-0.04,0,0.05236,0.15708,-3.7907e-09,-5.7951e-08,-3.9475e-08,-2.0157e-08,7.773e-09,2.0301e-08,3.9818e-08,-3.0549e-08,-3.9291e-09,-1.4763e-08,-2.7431e-08,-1.5156e-08
0,-0.04,0,0.05236,0.15708,-9.763e-09,-5.5819e-08,-3.3489e-08,-1.9716e-08,6.9303e-09,2.7754e-08,3.5851e-08,-3.1566e-08,-4.1983e-09,-1.4929e-08,-3.2553e-08,-1.111e-08
0.04,-0.04,0,0.05236,0.15708,-1.6907e-08,-5.0631e-08,-2.8472e-08,-1.8702e-08,6.1146e-09,3.4706e-08,3.1568e-08,-3.2554e-08,-5.301e-09,-1.5841e-08,-3.9127e-08,-8.6642e-09
-0.08,0,0,0.05236,0.15708,-5.5061e-10,-6.3262e-08,-5.1579e-08,-2.584e-08,8.5273e-09,1.2636e-08,4.095e-08,-2.4708e-08,-1.7577e-09,-1.5069e-08,-2.1797e-08,-1.3305e-08
-0.04,0,0,0.05236,0.15708,-4.6021e-09,-6.0932e-08,-4.6355e-08,-2.529e-08,7.5162e-09,1.7368e-08,3.7136e-08,-2.5967e-08,-1.2463e-09,-1.5098e-08,-2.5984e-08,-9.9732e-09
0,0,0,0.05236,0.15708,-9.0308e-09,-5.6643e-08,-3.8055e-08,-2.3937e-08,7.307e-09,2.3702e-08,3.3651e-08,-2.6923e-08,-1.3152e-09,-1.6525e-08,-3.1218e-08,-7.9755e-09
0.04,0,0,0.05236,0.15708,-1.5068e-08,-5.311e-08,-3.1549e-08,-2.3635e-08,5.7509e-09,3.0567e-08,3.0468e-08,-2.733e-08,-1.3536e-09,-1.6075e-08,-3.743e-08,-6.1011e-09
0.08,0,0,0.05236,0.15708,-2.3056e-08,-4.8064e-08,-2.5186e-08,-2.0839e-08,5.3877e-09,3.7421e-08,2.7246e-08,-2.7912e-08,-2.1717e-09,-1.6217e-08,-4.6299e-08,-4.4859e-09
-0.04,0.04,0,0.05236,0.15708,-4.4985e-09,-6.3268e-08,-5.0131e-08,-3.1231e-08,7.3269e-09,1.5319e-08,3.4808e-08,-2.2007e-08,1.9113e-09,-1.6193e-08,-2.4944e-08,-5.9348e-09
0,0.04,0,0.05236,0.15708,-8.8743e-09,-5.9535e-08,-4.3181e-08,-2.9925e-08,6.8997e-09,2.1088e-08,3.1642e-08,-2.247e-08,2.7625e-09,-1.6844e-08,-2.9433e-08,-4.6973e-09
0.04,0.04,0,0.05236,0.15708,-1.377e-08,-5.5472e-08,-3.5009e-08,-2.8476e-08,5.6617e-09,2.6672e-08,2.871e-08,-2.3228e-08,2.7782e-09,-1.66e-08,-3.63e-08,-3.5254e-09
0,0.08,0,0.05236,0.15708,-7.8217e-09,-6.0399e-08,-4.7349e-08,-3.8524e-08,6.6351e-09,1.7548e-08,2.9841e-08,-1.9354e-08,6.8737e-09,-1.6915e-08,-2.7871e-08,-2.9419e-09
-0.04,-0.04,0.04,0.05236,0.15708,-2.0096e-09,-6.8604e-08,-3.6177e-08,-1.6951e-08,1.453e-08,1.9377e-08,3.2337e-08,-2.5523e-08,-6.2034e-09,-1.109e-08,-2.6985e-08,-8.3798e-09
0,-0.04,0.04,0.05236,0.15708,-8.1672e-09,-6.4622e-08,-3.1035e-08,-1.5803e-08,1.2092e-08,2.4672e-08,2.9227e-08,-2.6181e-08,-7.9269e-09,-1.064e-08,-3.196e-08,-6.2981e-09
0.04,-0.04,0.04,0.05236,0.15708,-1.6419e-08,-5.957e-08,-2.6836e-08,-1.5442e-08,1.013e-08,3.045e-08,2.6506e-08,-2.7679e-08,-8.9595e-09,-1.0472e-08,-3.8934e-08,-3.5911e-09
-0.04,0,0.04,0.05236,0.15708,-2.7913e-09,-7.4167e-08,-4.04e-08,-2.0688e-08,1.4357e-08,1.7516e-08,3.1202e-08,-2.2173e-08,-4.1679e-09,-1.1231e-08,-2.5905e-08,-4.8135e-09
0,0,0.04,0.05236,0.15708,-7.8643e-09,-6.8615e-08,-3.5079e-08,-1.9498e-08,1.2209e-08,2.1963e-08,2.8645e-08,-2.2983e-08,-4.9065e-09,-1.0726e-08,-3.1198e-08,-2.3099e-09
0.04,0,0.04,0.05236,0.15708,-1.4934e-08,-6.2878e-08,-2.9959e-08,-1.8876e-08,1.0463e-08,2.7761e-08,2.6059e-08,-2.3624e-08,-5.4386e-09,-1.0459e-08,-3.7225e-08,-1.4501e-09
-0.04,0.04,0.04,0.05236,0.15708,-3.33e-09,-7.7741e-08,-4.5149e-08,-2.6442e-08,1.5678e-08,1.5121e-08,2.985e-08,-1.9122e-08,-1.2508e-09,-1.1949e-08,-2.4922e-08,-1.4068e-09
0,0.04,0.04,0.05236,0.15708,-8.3479e-09,-7.1429e-08,-3.9131e-08,-2.5672e-08,1.2619e-08,1.908e-08,2.7404e-08,-1.9829e-08,-4.1891e-10,-1.0696e-08,-2.9322e-08,-7.1708e-10
0.04,0.04,0.04,0.05236,0.15708,-1.3192e-08,-6.5109e-08,-3.2868e-08,-2.4531e-08,1.1063e-08,2.3837e-08,2.4977e-08,-2.017e-08,-7.4668e-10,-9.8142e-09,-3.4895e-08,4.2671e-10
0,0,0.08,0.05236,0.15708,-6.0908e-09,-8.3333e-08,-3.1776e-08,-1.4835e-08,1.8235e-08,1.9973e-08,2.4079e-08,-1.9316e-08,-9.0557e-09,-6.2646e-09,-2.9644e-08,3.0148e-09
0,0,-0.08,0.10472,0.15708,-1.0229e-08,-4.0668e-08,-4.3995e-08,-2.6696e-08,-3.292e-09,2.5297e-08,4.5709e-08,-3.2356e-08,1.4797e-09,-2.6375e-08,-2.8724e-08,-1.6365e-08
-0.04,-0.04,-0.04,0.10472,0.15708,-5.455e-09,-4.785e-08,-4.3385e-08,-2.0497e-08,2.8853e-09,2.1065e-08,4.8042e-08,-3.4828e-08,-2.8505e-09,-1.7687e-08,-2.6357e-08,-2.2251e-08
0,-0.04,-0.04,0.10472,0.15708,-1.0252e-08,-4.5574e-08,-3.7499e-08,-1.9635e-08,3.1317e-09,2.8191e-08,4.2241e-08,-3.6708e-08,-3.3044e-09,-1.869e-08,-3.1929e-08,-1.7394e-08
0.04,-0.04,-0.04,0.10472,0.15708,-1.6258e-08,-4.2648e-08,-3.1158e-08,-1.8756e-08,2.946e-09,3.7221e-08,3.7202e-08,-3.8115e-08,-3.9753e-09,-1.961e-08,-3.8173e-08,-1.3874e-08
-0.04,0,-0.04,0.10472,0.15708,-5.8671e-09,-5.0281e-08,-5.0379e-08,-2.5462e-08,1.683e-09,1.7581e-08,4.4775e-08,-2.9194e-08,-4.1073e-10,-1.9206e-08,-2.504e-08,-1.6491e-08
0,0,-0.04,0.10472,0.15708,-1.0349e-08,-4.8225e-08,-4.238e-08,-2.4851e-08,2.2231e-09,2.3905e-08,4.004e-08,-3.0563e-08,-2.806e-10,-2.0138e-08,-2.9755e-08,-1.3718e-08
0.04,0,-0.04,0.10472,0.15708,-1.5498e-08,-4.5263e-08,-3.4147e-08,-2.3001e-08,2.6607e-09,3.2555e-08,3.4923e-08,-3.1574e-08,-2.1249e-10,-2.1148e-08,-3.634e-08,-1.1027e-08
-0.04,0.04,-0.04,0.10472,0.15708,-6.0425e-09,-5.2256e-08,-5.6855e-08,-3.2809e-08,6.8947e-10,1.2814e-08,4.1741e-08,-2.4463e-08,2.6229e-09,-2.1451e-08,-2.4186e-08,-1.2497e-08
0,0.04,-0.04,0.10472,0.15708,-9.8825e-09,-4.9837e-08,-4.8441e-08,-3.0282e-08,1.8367e-09,1.9578e-08,3.6499e-08,-2.5888e-08,3.5551e-09,-2.2361e-08,-2.8206e-08,-1.0347e-08
0.04,0.04,-0.04,0.10472,0.15708,-1.419e-08,-4.7354e-08,-3.8369e-08,-2.9011e-08,2.2946e-09,2.7436e-08,3.2086e-08,-2.6587e-08,3.6533e-09,-2.2827e-08,-3.4663e-08,-8.7909e-09
0,-0.08,0,0.10472,0.15708,-9.3106e-09,-4.9035e-08,-3.0509e-08,-1.3974e-08,8.5188e-09,2.8611e-08,3.7941e-08,-3.958e-08,-7.8637e-09,-1.3561e-08,-3.4227e-08,-1.8209e-08
-0.04,-0.04,0,0.10472,0.15708,-4.2314e-09,-5.7561e-08,-4.0461e-08,-1.7891e-08,1.0311e-08,2.0331e-08,4.0424e-08,-3.1693e-08,-5.2664e-09,-1.3821e-08,-2.6844e-08,-1.83e-08
0,-0.04,0,0.10472,0.15708,-9.5021e-09,-5.4457e-08,-3.4726e-08,-1.7497e-08,8.5776e-09,2.6721e-08,3.6414e-08,-3.3769e-08,-5.9661e-09,-1.3999e-08,-3.1836e-08,-1.4018e-08
0.04,-0.04,0,0.10472,0.15708,-1.6193e-08,-4.9843e-08,-3.008e-08,-1.6156e-08,7.2507e-09,3.3483e-08,3.2142e-08,-3.4266e-08,-7.3246e-09,-1.4435e-08,-3.9051e-08,-1.0108e-08
-0.08,0,0,0.10472,0.15708,-5.234e-10,-6.1571e-08,-5.4631e-08,-2.2638e-08,1.0588e-08,1.1277e-08,4.1376e-08,-2.5683e-08,-2.7237e-09,-1.4282e-08,-2.1835e-08,-1.4611e-08
-0.04,0,0,0.10472,0.15708,-4.4827e-09,-5.9858e-08,-4.6354e-08,-2.1909e-08,9.5034e-09,1.6585e-08,3.7643e-08,-2.6806e-08,-3.2411e-09,-1.4679e-08,-2.5844e-08,-1.2438e-08
0,0,0,0.10472,0.15708,-9.6598e-09,-5.7592e-08,-3.8968e-08,-2.1509e-08,7.8066e-09,2.3139e-08,3.4311e-08,-2.8477e-08,-3.3672e-09,-1.482e-08,-3.0621e-08,-9.6274e-09
0.04,0,0,0.10472,0.15708,-1.5599e-08,-5.296e-08,-3.2615e-08,-1.9922e-08,6.898e-09,2.9165e-08,3.0894e-08,-2.8671e-08,-3.757e-09,-1.551e-08,-3.768e-08,-7.5388e-09
0.08,0,0,0.10472,0.15708,-2.2873e-08,-4.8189e-08,-2.6823e-08,-1.9028e-08,6.3806e-09,3.5137e-08,2.7273e-08,-2.9241e-08,-3.9452e-09,-1.4175e-08,-4.7146e-08,-5.3902e-09
-0.04,0.04,0,0.10472,0.15708,-4.8906e-09,-6.3425e-08,-5.1799e-08,-2.873e-08,9.5013e-09,1.3317e-08,3.5256e-08,-2.2645e-08,-1.2892e-10,-1.5849e-08,-2.4573e-08,-8.7979e-09
0,0.04,0,0.10472,0.15708,-9.4857e-09,-6.0048e-08,-4.4244e-08,-2.6988e-08,7.6158e-09,1.9396e-08,3.2052e-08,-2.3794e-08,7.3428e-10,-1.5704e-08,-2.9323e-08,-6.6882e-09
0.04,0.04,0,0.10472,0.15708,-1.4302e-08,-5.4616e-08,-3.6097e-08,-2.5147e-08,6.9785e-09,2.4622e-08,2.8703e-08,-2.4152e-08,9.8471e-10,-1.4959e-08,-3.565e-08,-5.5554e-09
0,0.08,0,0.10472,0.15708,-8.8357e-09,-5.9218e-08,-4.7386e-08,-3.5671e-08,7.6264e-09,1.5404e-08,2.9692e-08,-2.025e-08,5.1647e-09,-1.7334e-08,-2.7224e-08,-4.934e-09
-0.04,-0.04,0.04,0.10472,0.15708,-2.0646e-09,-6.932e-08,-3.7006e-08,-1.416e-08,1.6058e-08,1.8918e-08,3.2548e-08,-2.7277e-08,-8.3626e-09,-1.002e-08,-2.6532e-08,-1.1089e-08
0,-0.04,0.04,0.10472,0.15708,-8.8612e-09,-6.3155e-08,-3.2157e-08,-1.3891e-08,1.3327e-08,2.349e-08,3.0474e-08,-2.8375e-08,-9.0697e-09,-9.9009e-09,-3.2324e-08,-8.4848e-09
0.04,-0.04,0.04,0.10472,0.15708,-1.6424e-08,-5.9103e-08,-2.7893e-08,-1.3242e-08,1.1376e-08,2.9515e-08,2.7329e-08,-2.8577e-08,-1.1029e-08,-9.5752e-09,-3.9469e-08,-5.1987e-09
-0.04,0,0.04,0.10472,0.15708,-2.8639e-09,-7.2534e-08,-4.1616e-08,-1.7852e-08,1.6674e-08,1.6641e-08,3.0912e-08,-2.3457e-08,-5.6112e-09,-1.0262e-08,-2.5587e-08,-6.7768e-09
0,0,0.04,0.10472,0.15708,-9.0958e-09,-6.8936e-08,-3.5604e-08,-1.7902e-08,1.3617e-08,2.1161e-08,2.8764e-08,-2.4907e-08,-6.7696e-09,-1.0102e-08,-3.1065e-08,-4.6155e-09
0.04,0,0.04,0.10472,0.15708,-1.5278e-08,-6.1293e-08,-3.1019e-08,-1.6287e-08,1.1396e-08,2.5613e-08,2.5905e-08,-2.493e-08,-8.118e-09,-9.1658e-09,-3.7209e-08,-3.1842e-09
-0.04,0.04,0.04,0.10472,0.15708,-3.4874e-09,-7.8858e-08,-4.6621e-08,-2.261e-08,1.664e-08,1.3842e-08,3.02e-08,-2.0433e-08,-3.1866e-09,-1.0584e-08,-2.4772e-08,-3.81e-09
0,0.04,0.04,0.10472,0.15708,-7.8997e-09,-7.0862e-08,-4.1158e-08,-2.2263e-08,1.3888e-08,1.8149e-08,2.7429e-08,-2.1187e-08,-2.7733e-09,-9.2463e-09,-2.869e-08,-2.5821e-09
0.04,0.04,0.04,0.10472,0.15708,-1.3768e-08,-6.5152e-08,-3.3083e-08,-2.0237e-08,1.1604e-08,2.2395e-08,2.5126e-08,-2.1747e-08,-3.8822e-09,-8.2185e-09,-3.4596e-08,-1.6396e-09
0,0,0.08,0.10472,0.15708,-6.6713e-09,-8.1603e-08,-3.2981e-08,-1.2285e-08,1.8594e-08,1.9132e-08,2.4121e-08,-1.9916e-08,-1.0671e-08,-5.656e-09,-2.9394e-08,1.3905e-09
0,0,-0.08,0.15708,0.15708,-1.0672e-08,-4.087e-08,-4.6144e-08,-2.4543e-08,-1.4133e-09,2.4153e-08,4.5235e-08,-3.3265e-08,3.4862e-10,-2.6014e-08,-2.806e-08,-1.8426e-08
-0.04,-0.04,-0.04,0.15708,0.15708,-6.0537e-09,-4.7106e-08,-4.45e-08,-1.8416e-08,4.5802e-09,1.889e-08,4.7883e-08,-3.619e-08,-4.0972e-09,-1.72e-08,-2.6026e-08,-2.4906e-08
0,-0.04,-0.04,0.15708,0.15708,-1.0962e-08,-4.4356e-08,-3.7615e-08,-1.8206e-08,4.2158e-09,2.691e-08,4.3342e-08,-3.792e-08,-4.3823e-09,-1.7934e-08,-3.1125e-08,-2.0123e-08
0.04,-0.04,-0.04,0.15708,0.15708,-1.7415e-08,-4.2056e-08,-3.1582e-08,-1.6804e-08,4.4007e-09,3.5997e-08,3.7224e-08,-3.9629e-08,-5.5016e-09,-1.8688e-08,-3.7227e-08,-1.6007e-08
-0.04,0,-0.04,0.15708,0.15708,-5.8115e-09,-5.06e-08,-5.2097e-08,-2.3676e-08,3.9209e-09,1.5844e-08,4.3864e-08,-3.0242e-08,-1.9757e-09,-1.8733e-08,-2.4737e-08,-1.8985e-08
0,0,-0.04,0.15708,0.15708,-1.0811e-08,-4.7668e-08,-4.3856e-08,-2.2001e-08,3.0704e-09,2.328e-08,3.9506e-08,-3.1827e-08,-1.765e-09,-1.9758e-08,-2.9953e-08,-1.5591e-08
0.04,0,-0.04,0.15708,0.15708,-1.6111e-08,-4.4776e-08,-3.5672e-08,-2.0794e-08,3.5762e-09,3.0699e-08,3.5049e-08,-3.2958e-08,-1.7325e-09,-2.0229e-08,-3.6417e-08,-1.274e-08
-0.04,0.04,-0.04,0.15708,0.15708,-5.9063e-09,-5.2385e-08,-5.8554e-08,-2.9463e-08,1.8428e-09,1.2063e-08,4.1294e-08,-2.5754e-08,7.098e-10,-2.0461e-08,-2.3351e-08,-1.4319e-08
0,0.04,-0.04,0.15708,0.15708,-1.03e-08,-5.0629e-08,-4.9959e-08,-2.829e-08,3.1467e-09,1.8419e-08,3.6458e-08,-2.6434e-08,1.8113e-09,-2.1029e-08,-2.8162e-08,-1.1486e-08
0.04,0.04,-0.04,0.15708,0.15708,-1.4943e-08,-4.5006e-08,-3.9951e-08,-2.6067e-08,3.1938e-09,2.4888e-08,3.2465e-08,-2.7088e-08,2.073e-09,-2.2417e-08,-3.3711e-08,-9.999e-09
0,-0.08,0,0.15708,0.15708,-9.9148e-09,-4.8395e-08,-3.1999e-08,-1.2008e-08,1.0243e-08,2.8454e-08,3.7923e-08,-4.1235e-08,-9.1892e-09,-1.2221e-08,-3.2853e-08,-2.0252e-08
-0.04,-0.04,0,0.15708,0.15708,-4.6714e-09,-5.5239e-08,-4.1937e-08,-1.5217e-08,1.0844e-08,1.8642e-08,4.0222e-08,-3.248e-08,-6.3297e-09,-1.3521e-08,-2.7049e-08,-1.9617e-08
0,-0.04,0,0.15708,0.15708,-9.8682e-09,-5.264e-08,-3.6437e-08,-1.5202e-08,1.0039e-08,2.4962e-08,3.6051e-08,-3.4274e-08,-7.7799e-09,-1.3186e-08,-3.1721e-08,-1.5641e-08
0.04,-0.04,0,0.15708,0.15708,-1.7688e-08,-4.9618e-08,-3.0314e-08,-1.424e-08,7.8462e-09,3.1613e-08,3.2567e-08,-3.5121e-08,-8.4111e-09,-1.2928e-08,-3.906e-08,-1.2248e-08
-0.08,0,0,0.15708,0.15708,-6.752e-10,-6.1248e-08,-5.5864e-08,-1.9933e-08,1.2725e-08,1.0992e-08,4.1305e-08,-2.6522e-08,-4.3883e-09,-1.3612e-08,-2.1632e-08,-1.8538e-08
-0.04,0,0,0.15708,0.15708,-5.1562e-09,-6.0251e-08,-4.8482e-08,-2.0025e-08,9.9312e-09,1.5989e-08,3.8614e-08,-2.768e-08,-4.3918e-09,-1.4543e-08,-2.5383e-08,-1.5125e-08
0,0,0,0.15708,0.15708,-9.7228e-09,-5.7547e-08,-4.0716e-08,-1.8744e-08,9.8195e-09,2.1612e-08,3.3921e-08,-2.909e-08,-4.7886e-09,-1.4499e-08,-3.135e-08,-1.219e-08
0.04,0,0,0.15708,0.15708,-1.6241e-08,-5.101e-08,-3.3152e-08,-1.8143e-08,8.0507e-09,2.7221e-08,3.0677e-08,-2.9441e-08,-5.8487e-09,-1.3764e-08,-3.7158e-08,-9.1474e-09
0.08,0,0,0.15708,0.15708,-2.3217e-08,-4.7749e-08,-2.7366e-08,-1.7147e-08,6.7742e-09,3.3929e-08,2.7851e-08,-2.9785e-08,-6.6163e-09,-1.2803e-08,-4.5767e-08,-6.7458e-09
-0.04,0.04,0,0.15708,0.15708,-5.5818e-09,-6.1218e-08,-5.3529e-08,-2.5112e-08,1.045e-08,1.3182e-08,3.4805e-08,-2.338e-08,-1.5116e-09,-1.4475e-08,-2.4297e-08,-1.1093e-08
0,0.04,0,0.15708,0.15708,-9.5002e-09,-5.8437e-08,-4.3897e-08,-2.4387e-08,8.9521e-09,1.7497e-08,3.1799e-08,-2.4718e-08,-1.1767e-09,-1.4231e-08,-2.9195e-08,-8.9864e-09
0.04,0.04,0,0.15708,0.15708,-1.4645e-08,-5.4734e-08,-3.6258e-08,-2.2604e-08,7.632e-09,2.2775e-08,2.7846e-08,-2.4734e-08,-1.5391e-09,-1.3998e-08,-3.5435e-08,-6.7328e-09
0,0.08,0,0.15708,0.15708,-9.3655e-09,-5.9941e-08,-4.7188e-08,-3.0449e-08,7.8238e-09,1.4396e-08,2.9213e-08,-2.0767e-08,3.0392e-09,-1.4804e-08,-2.7066e-08,-6.4129e-09
-0.04,-0.04,0.04,0.15708,0.15708,-2.0082e-09,-6.5368e-08,-3.8683e-08,-1.1982e-08,1.7696e-08,1.7218e-08,3.362e-08,-2.8884e-08,-9.8135e-09,-9.1131e-09,-2.6604e-08,-1.4451e-08
0,-0.04,0.04,0.15708,0.15708,-8.945e-09,-6.3595e-08,-3.3583e-08,-1.1182e-08,1.4641e-08,2.2977e-08,3.0018e-08,-2.9473e-08,-1.0627e-08,-9.3159e-09,-3.1467e-08,-1.0762e-08
0.04,-0.04,0.04,0.15708,0.15708,-1.7278e-08,-5.7534e-08,-2.8616e-08,-1.0792e-08,1.2199e-08,2.7837e-08,2.7528e-08,-3.105e-08,-1.2864e-08,-8.048e-09,-3.8485e-08,-6.7022e-09
-0.04,0,0.04,0.15708,0.15708,-3.3909e-09,-7.3382e-08,-4.2765e-08,-1.4732e-08,1.8539e-08,1.5553e-08,3.1571e-08,-2.5205e-08,-7.8755e-09,-9.9882e-09,-2.5301e-08,-1.0059e-08
0,0,0.04,0.15708,0.15708,-9.3264e-09,-6.784e-08,-3.6775e-08,-1.4037e-08,1.5203e-08,1.9948e-08,2.9019e-08,-2.4902e-08,-9.1752e-09,-8.8076e-09,-3.0441e-08,-6.1553e-09
0.04,0,0.04,0.15708,0.15708,-1.6385e-08,-6.1513e-08,-3.1655e-08,-1.331e-08,1.2243e-08,2.4534e-08,2.6524e-08,-2.67e-08,-9.9594e-09,-7.5875e-09,-3.5902e-08,-4.5278e-09
-0.04,0.04,0.04,0.15708,0.15708,-3.9419e-09,-7.611e-08,-4.7757e-08,-1.9326e-08,1.6814e-08,1.2559e-08,2.9964e-08,-2.1597e-08,-4.7108e-09,-9.4599e-09,-2.4071e-08,-6.4576e-09
0,0.04,0.04,0.15708,0.15708,-9.1202e-09,-7.0483e-08,-4.0784e-08,-1.8583e-08,1.486e-08,1.6467e-08,2.7495e-08,-2.1539e-08,-5.1647e-09,-8.8547e-09,-2.8659e-08,-4.6552e-09
0.04,0.04,0.04,0.15708,0.15708,-1.5013e-08,-6.3329e-08,-3.4045e-08,-1.7411e-08,1.196e-08,2.1168e-08,2.5496e-08,-2.2559e-08,-6.0893e-09,-6.8149e-09,-3.4654e-08,-2.9021e-09
0,0,0.08,0.15708,0.15708,-6.6148e-09,-7.8695e-08,-3.3754e-08,-8.7557e-09,2.0359e-08,1.8036e-08,2.4573e-08,-2.1386e-08,-1.3362e-08,-4.3142e-09,-2.9127e-08,-1.5052e-09
