0,0,-0.08,0.05236,0.05236,-9.1309e-09,-4.0596e-08,-3.9057e-08,-2.7844e-08,-5.0644e-09,2.9814e-08,4.8153e-08,-3.4752e-08,3.6007e-09,-2.9517e-08,-2.8017e-08,-1.4917e-08
-0.04,-0.04,-0.04,0.05236,0.05236,-5.6437e-09,-4.5665e-08,-4.0789e-08,-2.206e-08,-7.6965e-10,2.1105e-08,4.7067e-08,-3.4802e-08,-2.3553e-09,-1.7812e-08,-2.54e-08,-1.9562e-08
0,-0.04,-0.04,0.05236,0.05236,-9.594e-09,-4.9233e-08,-3.5015e-08,-2.2698e-08,3.1255e-09,3.2683e-08,4.2074e-08,-3.3715e-08,-1.7616e-09,-1.9576e-08,-3.5216e-08,-1.5423e-08
0.04,-0.04,-0.04,0.05236,0.05236,-1.6661e-08,-4.3803e-08,-3.0597e-08,-2.0369e-08,-9.3819e-11,4.1489e-08,3.6406e-08,-3.5728e-08,-1.6587e-09,-2.1902e-08,-3.8528e-08,-1.2991e-08
-0.04,0,-0.04,0.05236,0.05236,-6.2939e-09,-5.0818e-08,-4.7916e-08,-2.7592e-08,1.3171e-09,1.6477e-08,4.6722e-08,-2.8226e-08,1.8227e-10,-1.9368e-08,-2.6031e-08,-1.6853e-08
0,0,-0.04,0.05236,0.05236,-1.2228e-08,-4.7853e-08,-3.5684e-08,-2.7451e-08,-2.5615e-10,2.7494e-08,3.8608e-08,-2.8731e-08,2.9099e-09,-2.2726e-08,-3.1883e-08,-1.3675e-08
0.04,0,-0.04,0.05236,0.05236,-1.4307e-08,-4.827e-08,-3.1177e-08,-2.7059e-08,8.6567e-10,3.5885e-08,3.7872e-08,-3.1275e-08,2.6767e-09,-2.2429e-08,-3.7356e-08,-1.0157e-08
-0.04,0.04,-0.04,0.05236,0.05236,-6.2835e-09,-5.0734e-08,-6.2614e-08,-3.4456e-08,3.2304e-09,1.5625e-08,3.931e-08,-2.3118e-08,2.1545e-09,-2.2253e-08,-2.3903e-08,-9.4997e-09
0,0.04,-0.04,0.05236,0.05236,-7.5195e-09,-4.8753e-08,-4.5426e-08,-3.552e-08,-7.9453e-10,2.1137e-08,3.6529e-08,-2.4925e-08,5.0409e-09,-2.0574e-08,-2.8895e-08,-7.5418e-09
0.04,0.04,-0.04,0.05236,0.05236,-1.4081e-08,-4.7686e-08,-3.2676e-08,-3.0202e-08,4.7982e-09,2.8232e-08,3.1488e-08,-2.5786e-08,6.335e-09,-1.97e-08,-3.3681e-08,-7.1458e-09
0,-0.08,0,0.05236,0.05236,-8.8242e-09,-5.5947e-08,-3.2212e-08,-1.5467e-08,9.3059e-09,2.5873e-08,3.5295e-08,-3.6675e-08,-6.632e-09,-1.4624e-08,-3.5386e-08,-1.8532e-08
-0.04,-0.04,0,0.05236,0.05236,-4.227e-09,-5.837e-08,-3.5965e-08,-1.8383e-08,7.3321e-09,1.9443e-08,4.3363e-08,-2.9082e-08,-3.2311e-09,-1.3782e-08,-2.7053e-08,-1.8639e-08
0,-0.04,0,0.05236,0.05236,-1.0857e-08,-5.7008e-08,-3.0845e-08,-1.9593e-08,5.2228e-09,2.9417e-08,3.6146e-08,-3.2468e-08,-4.5132e-09,-1.5398e-08,-3.3511e-08,-1.5446e-08
0.04,-0.04,0,0.05236,0.05236,-1.7753e-08,-4.6711e-08,-2.9138e-08,-1.7601e-08,6.5807e-09,3.5571e-08,3.32e-08,-3.4051e-08,-5.1514e-09,-1.4229e-08,-3.8296e-08,-9.4884e-09
-0.08,0,0,0.05236,0.05236,-1.6872e-09,-6.0963e-08,-5.3033e-08,-2.8848e-08,6.4664e-09,1.4523e-08,4.0089e-08,-2.467e-08,-6.8606e-10,-1.4831e-08,-2.208e-08,-1.0296e-08
-0.04,0,0,0.05236,0.05236,-4.3243e-09,-6.3881e-08,-4.819e-08,-2.2842e-08,8.1785e-09,1.6774e-08,3.537e-08,-2.7594e-08,-1.466e-09,-1.5945e-08,-2.663e-08,-9.2802e-09
0,0,0,0.05236,0.05236,-6.9479e-09,-5.6215e-08,-3.6711e-08,-2.5269e-08,8.2315e-09,2.1361e-08,3.1543e-08,-2.5352e-08,-1.5996e-09,-1.6443e-08,-3.0799e-08,-7.6509e-09
0.04,0,0,0.05236,0.05236,-1.4133e-08,-5.5124e-08,-3.0166e-08,-2.2798e-08,8.2261e-09,3.4817e-08,3.2346e-08,-2.8137e-08,-1.5408e-09,-1.5215e-08,-3.7066e-08,-5.5456e-09
0.08,0,0,0.05236,0.05236,-2.2115e-08,-4.9275e-08,-2.7263e-08,-2.2693e-08,4.9777e-09,3.9035e-08,2.8561e-08,-2.8243e-08,-2.6846e-09,-1.9054e-08,-4.7577e-08,-3.0824e-09
-0.04,0.04,0,0.05236,0.05236,-4.9328e-09,-6.2645e-08,-4.6086e-08,-3.0024e-08,8.2849e-09,1.7296e-08,3.2457e-08,-2.2059e-08,6.6595e-10,-1.5788e-08,-2.6187e-08,-6.9416e-09
0,0.04,0,0.05236,0.05236,-8.4392e-09,-6.2162e-08,-3.9393e-08,-3.0197e-08,6.8705e-09,1.9589e-08,3.12e-08,-2.1157e-08,2.055e-09,-1.3923e-08,-3.0292e-08,-5.5172e-09
0.04,0.04,0,0.05236,0.05236,-1.0583e-08,-5.5826e-08,-3.2141e-08,-2.849e-08,6.5663e-09,2.532e-08,2.9177e-08,-2.3669e-08,8.5253e-10,-1.7597e-08,-3.3255e-08,-2.3721e-09
0,0.08,0,0.05236,0.05236,-8.3491e-09,-5.9197e-08,-4.5868e-08,-3.5413e-08,6.0431e-09,1.7626e-08,2.9199e-08,-2.0529e-08,4.4752e-09,-1.7264e-08,-2.6788e-08,-4.0327e-09
-0.04,-0.04,0.04,0.05236,0.05236,-2.6191e-09,-7.29e-08,-4.0301e-08,-1.8994e-08,1.0958e-08,1.8886e-08,3.2853e-08,-2.5806e-08,-5.9452e-09,-1.0489e-08,-2.7409e-08,-1.0639e-08
0,-0.04,0.04,0.05236,0.05236,-6.3743e-09,-6.8903e-08,-3.5238e-08,-1.5781e-08,1.1501e-08,2.4849e-08,2.8778e-08,-2.9212e-08,-9.8902e-09,-1.022e-08,-3.0922e-08,-3.9579e-09
0.04,-0.04,0.04,0.05236,0.05236,-1.4169e-08,-5.7802e-08,-2.6524e-08,-1.5366e-08,9.7403e-09,3.0285e-08,2.748e-08,-2.4482e-08,-1.1049e-08,-9.2345e-09,-3.9998e-08,-4.4796e-09
-0.04,0,0.04,0.05236,0.05236,-4.2896e-09,-7.5161e-08,-4.0943e-08,-2.0354e-08,1.5949e-08,1.7517e-08,3.2755e-08,-2.2724e-08,-5.7547e-09,-1.0132e-08,-2.6179e-08,-5.1482e-09
0,0,0.04,0.05236,0.05236,-8.579e-09,-6.8813e-08,-3.2412e-08,-2.1961e-08,1.1774e-08,2.1288e-08,3.0262e-08,-2.3792e-08,-6.2104e-09,-1.0329e-08,-2.8822e-08,-2.8395e-09
0.04,0,0.04,0.05236,0.05236,-1.5118e-08,-5.4711e-08,-3.0737e-08,-1.7839e-08,9.7492e-09,2.6947e-08,2.7845e-08,-2.4913e-08,-4.2116e-09,-1.1432e-08,-3.3342e-08,4.9602e-10
-0.04,0.04,0.04,0.05236,0.05236,-1.9915e-09,-6.7969e-08,-4.6107e-08,-2.9095e-08,1.7002e-08,1.596e-08,2.7446e-08,-2.049e-08,-1.4362e-09,-9.7846e-09,-2.5194e-08,-1.8206e-09
0,0.04,0.04,0.05236,0.05236,-8.0426e-09,-6.8293e-08,-3.6759e-08,-2.7096e-08,1.2466e-08,1.7746e-08,2.6791e-08,-1.8951e-08,4.0364e-10,-9.7554e-09,-2.9033e-08,-4.4968e-10
0.04,0.04,0.04,0.05236,0.05236,-1.3448e-08,-6.6241e-08,-3.4849e-08,-2.7583e-08,1.019e-08,2.3521e-08,2.5476e-08,-2.0684e-08,3.5019e-10,-9.5724e-09,-3.3301e-08,2.9057e-10
0,0,0.08,0.05236,0.05236,-6.2889e-09,-7.8135e-08,-3.3698e-08,-1.602e-08,1.6051e-08,1.9687e-08,2.4738e-08,-1.7431e-08,-9.1948e-09,-6.9792e-09,-2.9849e-08,4.6234e-09
0,0,-0.08,0.10472,0.05236,-9.8625e-09,-4.2964e-08,-4.4367e-08,-2.7062e-08,-3.5386e-09,2.619e-08,4.489e-08,-3.3037e-08,3.5422e-09,-2.8125e-08,-2.9604e-08,-1.8251e-08
-0.04,-0.04,-0.04,0.10472,0.05236,-6.2446e-09,-5.1287e-08,-3.9852e-08,-1.8205e-08,4.1509e-09,2.1316e-08,4.5478e-08,-4.0241e-08,-3.1239e-09,-1.6223e-08,-2.6974e-08,-2.5334e-08
0,-0.04,-0.04,0.10472,0.05236,-7.6601e-09,-4.729e-08,-3.7144e-08,-2.2583e-08,1.4851e-09,3.4675e-08,4.0201e-08,-3.8477e-08,-3.0329e-09,-1.9753e-08,-3.1115e-08,-2.1168e-08
0.04,-0.04,-0.04,0.10472,0.05236,-1.4061e-08,-4.0868e-08,-3.0711e-08,-2.0533e-08,3.6444e-09,4.1642e-08,3.6903e-08,-3.8326e-08,-3.6801e-09,-1.9354e-08,-3.8398e-08,-1.6216e-08
-0.04,0,-0.04,0.10472,0.05236,-7.7698e-09,-5.0261e-08,-5.1829e-08,-2.5892e-08,-1.5822e-09,1.5988e-08,4.6009e-08,-2.9662e-08,-1.3535e-10,-1.8165e-08,-2.5288e-08,-1.6345e-08
0,0,-0.04,0.10472,0.05236,-1.096e-08,-4.7392e-08,-3.9502e-08,-2.338e-08,2.9665e-09,2.5229e-08,3.9035e-08,-3.225e-08,7.1881e-10,-1.918e-08,-3.21e-08,-1.1823e-08
0.04,0,-0.04,0.10472,0.05236,-1.4019e-08,-4.3638e-08,-3.2401e-08,-2.2938e-08,1.6297e-09,3.4006e-08,3.3819e-08,-3.1643e-08,-3.8985e-10,-2.3861e-08,-3.6956e-08,-9.9094e-09
-0.04,0.04,-0.04,0.10472,0.05236,-6.8935e-09,-5.4241e-08,-5.4804e-08,-2.8899e-08,-1.8773e-09,1.4244e-08,4.4372e-08,-2.2379e-08,2.1981e-09,-2.5115e-08,-2.4339e-08,-1.2938e-08
0,0.04,-0.04,0.10472,0.05236,-9.1117e-09,-4.804e-08,-4.4277e-08,-3.2549e-08,-2.1211e-10,2.4761e-08,3.5314e-08,-2.5775e-08,5.5574e-09,-2.2782e-08,-2.871e-08,-1.0333e-08
0.04,0.04,-0.04,0.10472,0.05236,-1.3969e-08,-4.8637e-08,-3.6337e-08,-2.7206e-08,2.2596e-09,2.4607e-08,3.3162e-08,-2.6302e-08,3.6344e-10,-2.6475e-08,-3.3452e-08,-7.5777e-09
0,-0.08,0,0.10472,0.05236,-1.0231e-08,-4.6349e-08,-2.9705e-08,-1.4024e-08,8.0305e-09,2.8894e-08,3.5215e-08,-4.2e-08,-7.9032e-09,-1.4859e-08,-3.5336e-08,-1.9316e-08
-0.04,-0.04,0,0.10472,0.05236,-4.7785e-09,-5.8578e-08,-4.3997e-08,-1.8698e-08,1.0717e-08,1.7885e-08,4.0936e-08,-3.2665e-08,-6.1255e-09,-1.3547e-08,-2.3821e-08,-1.5209e-08
0,-0.04,0,0.10472,0.05236,-8.4012e-09,-5.2006e-08,-3.5622e-08,-1.7452e-08,8.3623e-09,2.9589e-08,3.6619e-08,-2.9435e-08,-6.1287e-09,-1.327e-08,-3e-08,-1.6018e-08
0.04,-0.04,0,0.10472,0.05236,-1.5759e-08,-4.8083e-08,-2.8405e-08,-1.7376e-08,8.6698e-09,3.3474e-08,3.3399e-08,-3.6655e-08,-7.2974e-09,-1.3252e-08,-3.9626e-08,-1.3419e-08
-0.08,0,0,0.10472,0.05236,8.3676e-10,-5.7732e-08,-4.6875e-08,-2.7298e-08,9.5551e-09,9.9596e-09,4.2402e-08,-2.4757e-08,-2.8071e-09,-1.1898e-08,-2.1749e-08,-1.4786e-08
-0.04,0,0,0.10472,0.05236,-3.509e-09,-6.0273e-08,-5.0519e-08,-2.0565e-08,8.2945e-09,1.7642e-08,3.6578e-08,-2.846e-08,-3.9295e-09,-1.7164e-08,-2.6761e-08,-1.5023e-08
0,0,0,0.10472,0.05236,-7.3992e-09,-5.5251e-08,-3.4805e-08,-2.083e-08,5.7268e-09,2.071e-08,3.2822e-08,-2.5885e-08,-2.1166e-09,-1.684e-08,-2.9417e-08,-1.1525e-08
0.04,0,0,0.10472,0.05236,-1.5844e-08,-5.258e-08,-3.3726e-08,-2.1576e-08,7.3486e-09,3.1421e-08,3.0789e-08,-2.9508e-08,-2.1303e-09,-1.4354e-08,-3.7991e-08,-8.1774e-09
0.08,0,0,0.10472,0.05236,-2.0832e-08,-4.6535e-08,-2.875e-08,-1.8764e-08,4.6419e-09,3.1751e-08,2.6528e-08,-2.8603e-08,-3.2481e-09,-1.3293e-08,-4.5883e-08,-5.044e-09
-0.04,0.04,0,0.10472,0.05236,-6.8017e-09,-5.8295e-08,-4.782e-08,-2.8931e-08,7.9902e-09,1.3591e-08,3.6724e-08,-2.2648e-08,-1.2259e-10,-1.3765e-08,-2.3992e-08,-8.4841e-09
0,0.04,0,0.10472,0.05236,-7.065e-09,-6.2838e-08,-4.5242e-08,-2.9697e-08,5.8492e-09,2.1587e-08,3.1229e-08,-2.4229e-08,-8.9309e-11,-1.1449e-08,-3.1006e-08,-6.9501e-09
0.04,0.04,0,0.10472,0.05236,-1.4505e-08,-5.4406e-08,-3.6935e-08,-2.6261e-08,6.8772e-09,2.5326e-08,2.7242e-08,-2.4703e-08,-2.7861e-10,-1.232e-08,-3.3864e-08,-2.6217e-09
0,0.08,0,0.10472,0.05236,-6.4898e-09,-5.9665e-08,-4.4911e-08,-3.2259e-08,8.0588e-09,1.4318e-08,2.9701e-08,-2.041e-08,7.0725e-09,-1.5891e-08,-2.7546e-08,-5.8381e-09
-0.04,-0.04,0.04,0.10472,0.05236,3.7728e-10,-7.0416e-08,-3.5496e-08,-1.3649e-08,1.5206e-08,1.9345e-08,3.2016e-08,-2.8239e-08,-8.0853e-09,-9.7294e-09,-2.5221e-08,-1.2765e-08
0,-0.04,0.04,0.10472,0.05236,-7.8853e-09,-6.7039e-08,-3.1974e-08,-1.5026e-08,1.3737e-08,2.2006e-08,3.0315e-08,-2.8261e-08,-8.0572e-09,-8.8924e-09,-2.9015e-08,-8.2162e-09
0.04,-0.04,0.04,0.10472,0.05236,-1.5803e-08,-5.4615e-08,-2.8879e-08,-1.3274e-08,9.7223e-09,2.9388e-08,2.911e-08,-2.5453e-08,-1.0869e-08,-8.5325e-09,-3.9866e-08,-7.6815e-09
-0.04,0,0.04,0.10472,0.05236,-1.8793e-09,-6.7996e-08,-3.8249e-08,-1.9197e-08,1.7636e-08,1.597e-08,3.503e-08,-2.2435e-08,-4.914e-09,-1.1843e-08,-2.5805e-08,-3.3927e-09
0,0,0.04,0.10472,0.05236,-6.4597e-09,-7.086e-08,-3.7134e-08,-1.7631e-08,1.4211e-08,1.8741e-08,2.8713e-08,-2.336e-08,-4.0117e-09,-1.0392e-08,-3.0199e-08,-4.0571e-09
0.04,0,0.04,0.10472,0.05236,-1.5873e-08,-5.9892e-08,-2.8994e-08,-2.0601e-08,1.1957e-08,2.6513e-08,2.5628e-08,-2.729e-08,-9.6821e-09,-8.8442e-09,-3.942e-08,-3.7784e-09
-0.04,0.04,0.04,0.10472,0.05236,-4.2649e-09,-7.5047e-08,-4.4029e-08,-2.563e-08,1.7164e-08,1.5767e-08,3.2058e-08,-1.9096e-08,-1.2353e-09,-1.1148e-08,-2.7937e-08,-4.4585e-09
0,0.04,0.04,0.10472,0.05236,-6.1731e-09,-7.4476e-08,-4.3171e-08,-2.3738e-08,1.3176e-08,2.0821e-08,2.6596e-08,-2.0757e-08,-2.6234e-09,-9.4954e-09,-2.7301e-08,-2.7674e-09
0.04,0.04,0.04,0.10472,0.05236,-1.2647e-08,-6.7604e-08,-3.2299e-08,-1.9104e-08,1.2391e-08,2.2369e-08,2.7016e-08,-2.0623e-08,-5.2162e-09,-1.0636e-08,-3.8198e-08,-1.8515e-09
0,0,0.08,0.10472,0.05236,-5.5028e-09,-7.7432e-08,-3.208e-08,-1.0982e-08,1.8036e-08,2.0354e-08,2.4115e-08,-2.0173e-08,-1.2711e-08,-5.8491e-09,-3.0242e-08,2.1237e-09
0,0,-0.08,0.15708,0.05236,-1.2434e-08,-4.0355e-08,-5.1828e-08,-2.2567e-08,-2.7464e-09,2.1186e-08,4.3716e-08,-3.2009e-08,4.9893e-10,-2.4278e-08,-2.8623e-08,-1.7372e-08
-0.04,-0.04,-0.04,0.15708,0.05236,-4.1999e-09,-4.353e-08,-4.2615e-08,-1.8159e-08,1.6988e-09,2.512e-08,4.6321e-08,-3.5676e-08,-4.3144e-09,-1.6835e-08,-2.5745e-08,-2.1973e-08
0,-0.04,-0.04,0.15708,0.05236,-8.6539e-09,-5.1163e-08,-4.3205e-08,-1.7326e-08,4.3971e-09,3.2019e-08,4.4203e-08,-3.8606e-08,-4.041e-09,-1.8715e-08,-2.9143e-08,-2.3627e-08
0.04,-0.04,-0.04,0.15708,0.05236,-1.69e-08,-4.5569e-08,-3.1901e-08,-1.3639e-08,3.0216e-09,3.8689e-08,3.7347e-08,-4.189e-08,-5.3513e-09,-1.9527e-08,-4.0786e-08,-1.6345e-08
-0.04,0,-0.04,0.15708,0.05236,-4.869e-09,-5.0313e-08,-6.0076e-08,-2.059e-08,9.7971e-10,1.3984e-08,4.3375e-08,-2.9066e-08,-1.3601e-09,-1.7784e-08,-2.5408e-08,-2.0142e-08
0,0,-0.04,0.15708,0.05236,-8.5217e-09,-4.4514e-08,-4.4289e-08,-2.4874e-08,5.2469e-09,2.4531e-08,3.5148e-08,-3.1065e-08,-2.8244e-09,-1.9212e-08,-2.7533e-08,-1.8223e-08
0.04,0,-0.04,0.15708,0.05236,-1.1382e-08,-4.1666e-08,-3.4321e-08,-2.1713e-08,3.3375e-09,2.8235e-08,3.6725e-08,-3.2681e-08,-3.0835e-09,-1.7658e-08,-3.6264e-08,-1.225e-08
-0.04,0.04,-0.04,0.15708,0.05236,-4.9594e-09,-5.2369e-08,-5.7634e-08,-3.3408e-08,1.3815e-09,1.294e-08,4.278e-08,-2.6452e-08,1.9349e-09,-1.8537e-08,-2.5e-08,-1.4561e-08
0,0.04,-0.04,0.15708,0.05236,-1.08e-08,-5.2122e-08,-4.7985e-08,-2.8407e-08,1.8814e-09,2.0766e-08,4.0102e-08,-2.4963e-08,8.599e-10,-1.9551e-08,-2.5724e-08,-1.1086e-08
0.04,0.04,-0.04,0.15708,0.05236,-1.575e-08,-5.1141e-08,-3.8402e-08,-2.6703e-08,4.1153e-09,2.2945e-08,3.1887e-08,-2.7326e-08,1.3741e-09,-2.2205e-08,-3.2295e-08,-1.2092e-08
0,-0.08,0,0.15708,0.05236,-9.408e-09,-5.1987e-08,-3.1144e-08,-1.27e-08,9.7639e-09,2.621e-08,3.5487e-08,-3.7798e-08,-8.5718e-09,-1.3173e-08,-3.2391e-08,-2.2245e-08
-0.04,-0.04,0,0.15708,0.05236,-2.4371e-09,-5.6751e-08,-4.1507e-08,-1.811e-08,1.2014e-08,1.9054e-08,3.5552e-08,-3.3732e-08,-7.6194e-09,-1.3198e-08,-2.5322e-08,-2.0757e-08
0,-0.04,0,0.15708,0.05236,-6.1e-09,-5.2443e-08,-3.515e-08,-1.5383e-08,7.3934e-09,2.6055e-08,3.7237e-08,-3.4779e-08,-7.6326e-09,-1.2943e-08,-3.2929e-08,-1.9763e-08
0.04,-0.04,0,0.15708,0.05236,-1.5025e-08,-4.6345e-08,-3.2988e-08,-1.5156e-08,7.6912e-09,3.775e-08,2.9546e-08,-3.9564e-08,-6.6955e-09,-1.4684e-08,-3.8087e-08,-1.1552e-08
-0.08,0,0,0.15708,0.05236,-7.0217e-10,-6.3059e-08,-5.131e-08,-1.862e-08,9.9289e-09,9.2516e-09,4.6656e-08,-2.5406e-08,-2.7113e-09,-1.2836e-08,-1.999e-08,-2.0398e-08
-0.04,0,0,0.15708,0.05236,-2.8036e-09,-6.3404e-08,-4.8721e-08,-1.9333e-08,9.4363e-09,1.6502e-08,3.715e-08,-2.5397e-08,-6.0319e-09,-1.4415e-08,-2.3986e-08,-1.5389e-08
0,0,0,0.15708,0.05236,-9.3277e-09,-5.8192e-08,-4.2675e-08,-1.8947e-08,7.831e-09,2.1851e-08,3.5029e-08,-2.9658e-08,-5.5916e-09,-1.3135e-08,-3.2024e-08,-1.398e-08
0.04,0,0,0.15708,0.05236,-1.2655e-08,-5.1204e-08,-3.3484e-08,-1.9099e-08,6.792e-09,2.5972e-08,2.7436e-08,-2.9694e-08,-4.8588e-09,-1.0521e-08,-3.2768e-08,-1.0043e-08
0.08,0,0,0.15708,0.05236,-2.3694e-08,-4.7999e-08,-2.8049e-08,-1.7731e-08,6.6913e-09,3.4025e-08,2.5841e-08,-2.7361e-08,-6.4215e-09,-9.3689e-09,-4.3278e-08,-5.5894e-09
-0.04,0.04,0,0.15708,0.05236,-4.933e-09,-5.7358e-08,-5.3408e-08,-2.321e-08,9.0247e-09,1.4354e-08,3.3182e-08,-2.3011e-08,-4.1049e-09,-1.5419e-08,-2.4751e-08,-1.1319e-08
0,0.04,0,0.15708,0.05236,-8.0845e-09,-5.6837e-08,-4.4077e-08,-2.513e-08,6.4043e-09,1.6498e-08,3.3086e-08,-2.3972e-08,-2.6289e-09,-1.5553e-08,-2.8593e-08,-8.9223e-09
0.04,0.04,0,0.15708,0.05236,-1.4296e-08,-5.3004e-08,-3.9145e-08,-2.2778e-08,7.1151e-09,2.113e-08,2.7945e-08,-2.6011e-08,-3.4879e-09,-1.2206e-08,-3.7028e-08,-8.142e-09
0,0.08,0,0.15708,0.05236,-7.3477e-09,-5.3624e-08,-4.8103e-08,-3.3837e-08,8.572e-09,1.4644e-08,2.9901e-08,-2.0184e-08,2.0264e-09,-1.4907e-08,-2.7541e-08,-5.4223e-09
-0.04,-0.04,0.04,0.15708,0.05236,-1.6671e-09,-6.5907e-08,-3.957e-08,-1.1554e-08,1.808e-08,1.8454e-08,3.1839e-08,-2.9936e-08,-9.5968e-09,-8.3648e-09,-2.649e-08,-1.732e-08
0,-0.04,0.04,0.15708,0.05236,-6.5979e-09,-6.6549e-08,-3.6439e-08,-1.0627e-08,1.232e-08,2.3258e-08,2.9068e-08,-2.9318e-08,-1.0959e-08,-8.0617e-09,-3.284e-08,-1.1325e-08
0.04,-0.04,0.04,0.15708,0.05236,-1.9107e-08,-5.643e-08,-2.8056e-08,-1.0736e-08,1.0977e-08,3.0969e-08,2.8925e-08,-2.6273e-08,-1.2309e-08,-6.0523e-09,-3.9088e-08,-5.9876e-09
-0.04,0,0.04,0.15708,0.05236,-3.0032e-09,-6.5347e-08,-4.0222e-08,-1.3983e-08,1.674e-08,1.5648e-08,3.0873e-08,-2.3252e-08,-7.9396e-09,-8.4805e-09,-2.5567e-08,-1.1647e-08
0,0,0.04,0.15708,0.05236,-6.9112e-09,-6.2473e-08,-3.6395e-08,-1.3657e-08,1.474e-08,1.9676e-08,2.9528e-08,-2.3588e-08,-8.3249e-09,-6.2883e-09,-2.729e-08,-7.4414e-09
0.04,0,0.04,0.15708,0.05236,-1.3497e-08,-6.1137e-08,-3.3767e-08,-1.5924e-08,1.0162e-08,2.6751e-08,3.0197e-08,-2.6768e-08,-1.0921e-08,-5.6968e-09,-3.5057e-08,-4.237e-09
-0.04,0.04,0.04,0.15708,0.05236,-3.883e-09,-7.3263e-08,-4.708e-08,-1.7558e-08,1.8756e-08,1.2859e-08,3.0528e-08,-2.1567e-08,-5.3451e-09,-8.2013e-09,-2.25e-08,-6.7337e-09
0,0.04,0.04,0.15708,0.05236,-6.1893e-09,-7.0492e-08,-4.1792e-08,-1.9628e-08,1.4138e-08,1.6245e-08,2.6977e-08,-2.2229e-08,-8.101e-09,-5.0466e-09,-2.9756e-08,-6.97e-09
0.04,0.04,0.04,0.15708,0.05236,-1.5353e-08,-6.3584e-08,-3.0123e-08,-1.6842e-08,1.2016e-08,2.001e-08,2.5342e-08,-2.1358e-08,-5.9601e-09,-4.0458e-09,-3.647e-08,-4.3503e-09
0,0,0.08,0.15708,0.05236,-5.8477e-09,-7.8712e-08,-3.4741e-08,-9.9056e-09,1.9337e-08,1.9233e-08,2.3298e-08,-2.3534e-08,-1.3396e-08,-4.7605e-09,-3.151e-08,-1.6726e-09
0,0,-0.08,0.05236,0.10472,-9.8799e-09,-4.331e-08,-4.2752e-08,-2.9284e-08,-1.9212e-09,3.4399e-08,3.9874e-08,-3.1348e-08,1.6259e-09,-2.5226e-08,-3.0607e-08,-1.5636e-08
-0.04,-0.04,-0.04,0.05236,0.10472,-3.025e-09,-5.0222e-08,-4.2164e-08,-2.1926e-08,1.2776e-09,2.2829e-08,5.1514e-08,-3.7169e-08,-1.3635e-09,-1.8534e-08,-2.7668e-08,-1.983e-08
0,-0.04,-0.04,0.05236,0.10472,-1.0363e-08,-4.89e-08,-3.3503e-08,-2.4005e-08,2.1619e-09,2.6503e-08,4.2842e-08,-3.6609e-08,-1.7571e-09,-2.0193e-08,-3.2829e-08,-1.6375e-08
0.04,-0.04,-0.04,0.05236,0.10472,-1.4679e-08,-4.5242e-08,-2.8448e-08,-1.8792e-08,1.566e-09,3.6661e-08,3.7859e-08,-3.8216e-08,-2.2323e-09,-2.0209e-08,-3.8908e-08,-1.2115e-08
-0.04,0,-0.04,0.05236,0.10472,-4.7147e-09,-5.1981e-08,-4.3744e-08,-2.8025e-08,1.4803e-09,1.8585e-08,4.2364e-08,-2.9982e-08,-1.1589e-10,-2.0128e-08,-2.4933e-08,-1.3204e-08
0,0,-0.04,0.05236,0.10472,-1.0582e-08,-4.9163e-08,-4.4702e-08,-2.6461e-08,7.9096e-10,2.8758e-08,3.9879e-08,-2.9713e-08,1.8481e-09,-2.111e-08,-2.9832e-08,-1.2503e-08
0.04,0,-0.04,0.05236,0.10472,-1.4022e-08,-4.5319e-08,-3.2853e-08,-2.6073e-08,1.5738e-09,3.0812e-08,3.6275e-08,-3.2782e-08,1.6658e-09,-2.2924e-08,-3.5872e-08,-8.7416e-09
-0.04,0.04,-0.04,0.05236,0.10472,-5.5736e-09,-5.4619e-08,-6.0289e-08,-3.3114e-08,1.2302e-09,1.6747e-08,4.3125e-08,-2.4602e-08,3.9566e-09,-2.1578e-08,-2.5484e-08,-1.1496e-08
0,0.04,-0.04,0.05236,0.10472,-9.4612e-09,-4.8668e-08,-4.6698e-08,-3.4479e-08,1.714e-10,2.1447e-08,3.4905e-08,-2.5728e-08,5.0599e-09,-2.4626e-08,-2.6022e-08,-8.0872e-09
0.04,0.04,-0.04,0.05236,0.10472,-1.2894e-08,-4.6421e-08,-3.9671e-08,-3.267e-08,1.6116e-09,2.1527e-08,3.1674e-08,-2.9244e-08,6.8371e-09,-2.3625e-08,-3.6536e-08,-6.4973e-09
0,-0.08,0,0.05236,0.10472,-5.9386e-09,-4.9171e-08,-3.0548e-08,-1.4949e-08,5.2485e-09,3.3983e-08,3.7531e-08,-3.6652e-08,-7.001e-09,-1.4876e-08,-3.3566e-08,-1.1908e-08
-0.04,-0.04,0,0.05236,0.10472,-4.2621e-09,-5.8361e-08,-3.6744e-08,-2.0127e-08,8.3306e-09,2.1572e-08,3.6822e-08,-3.0678e-08,-3.4661e-09,-1.2371e-08,-2.6393e-08,-1.5823e-08
0,-0.04,0,0.05236,0.10472,-1.0145e-08,-5.0627e-08,-3.4011e-08,-2.0544e-08,7.1683e-09,2.8617e-08,3.2452e-08,-2.9166e-08,-4.6506e-09,-1.5531e-08,-3.3203e-08,-8.8506e-09
0.04,-0.04,0,0.05236,0.10472,-1.495e-08,-5.052e-08,-2.3752e-08,-1.7395e-08,7.4909e-09,3.4603e-08,2.9476e-08,-3.2537e-08,-5.194e-09,-1.3735e-08,-3.7699e-08,-8.6253e-09
-0.08,0,0,0.05236,0.10472,-1.0604e-09,-5.8845e-08,-4.7244e-08,-2.4029e-08,8.1224e-09,1.2454e-08,4.1048e-08,-2.46e-08,5.8222e-11,-1.6037e-08,-2.4269e-08,-1.3619e-08
-0.04,0,0,0.05236,0.10472,-4.8704e-09,-6.5096e-08,-4.6681e-08,-2.3799e-08,1.136e-08,1.8631e-08,3.9491e-08,-2.6939e-08,-2.503e-09,-1.5952e-08,-2.5062e-08,-9.6831e-09
0,0,0,0.05236,0.10472,-8.6634e-09,-5.4589e-08,-3.5451e-08,-2.3845e-08,4.3052e-09,2.3416e-08,3.3002e-08,-2.671e-08,-1.789e-09,-1.5614e-08,-2.9217e-08,-9.6347e-09
0.04,0,0,0.05236,0.10472,-1.4283e-08,-5.1294e-08,-3.0821e-08,-2.3175e-08,5.6335e-09,3.2473e-08,3.1624e-08,-2.8345e-08,-4.1907e-10,-1.5777e-08,-3.7821e-08,-5.85e-09
0.08,0,0,0.05236,0.10472,-2.0025e-08,-4.8691e-08,-2.6702e-08,-2.0969e-08,6.9062e-09,4.004e-08,2.7031e-08,-2.7152e-08,-2.4412e-09,-1.8097e-08,-4.4203e-08,-3.3122e-09
-0.04,0.04,0,0.05236,0.10472,-3.9447e-09,-6.1275e-08,-4.8619e-08,-3.29e-08,4.0258e-09,1.5784e-08,3.3844e-08,-2.4383e-08,8.3726e-11,-1.7643e-08,-2.5316e-08,-6.4793e-09
0,0.04,0,0.05236,0.10472,-8.184e-09,-5.9516e-08,-4.0081e-08,-2.8707e-08,6.7762e-09,1.9014e-08,3.2402e-08,-2.2425e-08,2.881e-09,-1.6212e-08,-2.967e-08,-8.602e-09
0.04,0.04,0,0.05236,0.10472,-1.326e-08,-5.8947e-08,-3.8075e-08,-2.8156e-08,7.1217e-09,2.553e-08,2.9597e-08,-2.2928e-08,2.55e-09,-1.7666e-08,-3.7411e-08,-5.4359e-09
0,0.08,0,0.05236,0.10472,-7.6654e-09,-6.5093e-08,-4.6462e-08,-4.4193e-08,3.7458e-09,1.5851e-08,2.988e-08,-2.008e-08,6.1666e-09,-1.6237e-08,-2.7704e-08,-4.9266e-09
-0.04,-0.04,0.04,0.05236,0.10472,-1.0338e-09,-6.4911e-08,-3.4721e-08,-1.6585e-08,1.7262e-08,1.7538e-08,3.313e-08,-2.7076e-08,-7.7528e-09,-1.1127e-08,-2.8829e-08,-9.0025e-09
0,-0.04,0.04,0.05236,0.10472,-7.7096e-09,-6.4696e-08,-3.078e-08,-1.5783e-08,1.263e-08,2.6426e-08,2.8129e-08,-2.4986e-08,-8.0509e-09,-9.4296e-09,-3.2378e-08,-7.6561e-09
0.04,-0.04,0.04,0.05236,0.10472,-1.7443e-08,-6.2517e-08,-3.0073e-08,-1.6963e-08,1.1476e-08,2.8884e-08,2.8781e-08,-2.9008e-08,-8.9043e-09,-1.0034e-08,-3.8282e-08,-3.9139e-09
-0.04,0,0.04,0.05236,0.10472,-4.2781e-09,-7.3794e-08,-4.0354e-08,-2.0388e-08,1.2386e-08,1.728e-08,2.9718e-08,-2.1334e-08,-4.8013e-09,-1.092e-08,-2.6726e-08,-2.1925e-09
0,0,0.04,0.05236,0.10472,-8.5863e-09,-6.6466e-08,-3.4885e-08,-1.9211e-08,1.0853e-08,1.7671e-08,2.958e-08,-2.207e-08,-7.2636e-09,-9.5585e-09,-3.1749e-08,-3.2016e-09
0.04,0,0.04,0.05236,0.10472,-1.4567e-08,-6.2868e-08,-3.0194e-08,-1.8733e-08,1.0824e-08,2.4378e-08,2.3718e-08,-2.1844e-08,-5.0085e-09,-8.8367e-09,-3.4497e-08,-2.3913e-11
-0.04,0.04,0.04,0.05236,0.10472,-2.0664e-09,-7.6854e-08,-4.7522e-08,-2.9315e-08,1.6702e-08,1.514e-08,3.058e-08,-1.9642e-08,-3.8308e-11,-1.1892e-08,-2.5433e-08,-3.2991e-09
0,0.04,0.04,0.05236,0.10472,-9.618e-09,-6.7786e-08,-3.5617e-08,-2.3949e-08,1.3908e-08,1.6368e-08,2.6933e-08,-1.9246e-08,-9.2089e-10,-8.4631e-09,-2.8853e-08,1.4046e-11
0.04,0.04,0.04,0.05236,0.10472,-1.1841e-08,-6.5189e-08,-2.9918e-08,-2.7091e-08,1.3609e-08,2.4793e-08,2.4383e-08,-2.0086e-08,-1.9012e-09,-1.2268e-08,-3.6005e-08,1.8776e-10
0,0,0.08,0.05236,0.10472,-4.5418e-09,-7.566e-08,-3.171e-08,-1.4678e-08,1.5492e-08,2.1618e-08,2.3369e-08,-1.968e-08,-9.063e-09,-7.3458e-09,-2.9746e-08,1.0711e-09
0,0,-0.08,0.10472,0.10472,-1.1925e-08,-3.9358e-08,-4.4752e-08,-2.6164e-08,-4.7977e-09,2.3646e-08,4.4702e-08,-3.1699e-08,2.3591e-09,-2.5343e-08,-2.9369e-08,-1.8031e-08
-0.04,-0.04,-0.04,0.10472,0.10472,-2.8076e-09,-4.4973e-08,-4.2191e-08,-1.9867e-08,2.0959e-09,1.8411e-08,4.9435e-08,-3.7294e-08,-2.6517e-09,-1.9202e-08,-2.779e-08,-2.266e-08
0,-0.04,-0.04,0.10472,0.10472,-1.0119e-08,-4.6595e-08,-3.406e-08,-1.8667e-08,2.6293e-09,3.2993e-08,4.2178e-08,-3.6794e-08,-3.001e-09,-2.1329e-08,-3.0209e-08,-1.9573e-08
0.04,-0.04,-0.04,0.10472,0.10472,-1.7264e-08,-4.216e-08,-3.2421e-08,-1.7599e-08,2.9248e-09,3.6429e-08,3.506e-08,-3.5218e-08,-4.2209e-09,-1.851e-08,-4.1847e-08,-1.3314e-08
-0.04,0,-0.04,0.10472,0.10472,-7.1861e-09,-5.4651e-08,-4.9436e-08,-2.2831e-08,7.0916e-11,1.7059e-08,4.5475e-08,-2.8266e-08,-1.9086e-09,-1.9301e-08,-2.5752e-08,-1.9696e-08
0,0,-0.04,0.10472,0.10472,-1.2799e-08,-4.9713e-08,-4.233e-08,-2.7496e-08,1.8966e-09,2.4324e-08,3.9622e-08,-3.1666e-08,1.5384e-09,-1.9209e-08,-3.2739e-08,-1.2388e-08
0.04,0,-0.04,0.10472,0.10472,-1.668e-08,-4.4537e-08,-3.4171e-08,-2.2249e-08,3.1238e-09,3.5391e-08,3.5217e-08,-3.5618e-08,6.886e-10,-2.0603e-08,-3.6757e-08,-1.0061e-08
-0.04,0.04,-0.04,0.10472,0.10472,-4.6334e-09,-5.0497e-08,-6.1111e-08,-3.4098e-08,2.297e-10,1.1045e-08,4.2001e-08,-2.4648e-08,2.5959e-09,-2.017e-08,-2.4198e-08,-1.3483e-08
0,0.04,-0.04,0.10472,0.10472,-9.0729e-09,-5.0291e-08,-4.6854e-08,-3.0802e-08,8.7087e-10,1.9961e-08,3.563e-08,-2.472e-08,2.4773e-09,-2.5664e-08,-2.8661e-08,-1.0629e-08
0.04,0.04,-0.04,0.10472,0.10472,-1.3865e-08,-4.9688e-08,-3.6304e-08,-2.774e-08,6.1272e-10,2.3628e-08,3.0745e-08,-2.6588e-08,5.1462e-09,-2.3977e-08,-3.5002e-08,-7.9886e-09
0,-0.08,0,0.10472,0.10472,-1.0695e-08,-5.5224e-08,-3.0602e-08,-1.2386e-08,6.0798e-09,2.7371e-08,3.1437e-08,-4.1375e-08,-9.2806e-09,-1.4577e-08,-3.2699e-08,-2.145e-08
-0.04,-0.04,0,0.10472,0.10472,-1.8396e-09,-5.6687e-08,-3.891e-08,-1.9081e-08,9.9639e-09,1.8992e-08,3.8371e-08,-2.8232e-08,-4.728e-09,-1.3754e-08,-2.719e-08,-1.4642e-08
0,-0.04,0,0.10472,0.10472,-1.1071e-08,-5.4188e-08,-3.4675e-08,-1.6509e-08,9.5509e-09,2.7583e-08,3.7208e-08,-3.3999e-08,-5.642e-09,-1.3826e-08,-3.1693e-08,-1.8168e-08
0.04,-0.04,0,0.10472,0.10472,-1.5711e-08,-4.5996e-08,-3.066e-08,-1.71e-08,5.9526e-09,3.0579e-08,3.1242e-08,-3.4753e-08,-5.475e-09,-1.5978e-08,-4.0302e-08,-9.7484e-09
-0.08,0,0,0.10472,0.10472,-1.1437e-09,-5.8359e-08,-5.86e-08,-2.3394e-08,9.0954e-09,1.1683e-08,4.0755e-08,-2.4653e-08,-2.149e-09,-1.3084e-08,-2.0546e-08,-1.442e-08
-0.04,0,0,0.10472,0.10472,-3.2721e-09,-5.9734e-08,-4.3118e-08,-2.5621e-08,5.8764e-09,2.0289e-08,3.6978e-08,-2.5927e-08,-3.876e-09,-1.5468e-08,-2.5824e-08,-1.2667e-08
0,0,0,0.10472,0.10472,-9.2678e-09,-5.9086e-08,-4.13e-08,-2.288e-08,6.2652e-09,2.8433e-08,3.5148e-08,-2.8262e-08,-3.1911e-09,-1.5181e-08,-3.4817e-08,-9.8818e-09
0.04,0,0,0.10472,0.10472,-1.5904e-08,-5.3577e-08,-3.0692e-08,-2.0963e-08,7.9419e-09,3.1045e-08,2.9838e-08,-2.6714e-08,-1.6124e-09,-1.7587e-08,-3.5667e-08,-6.855e-09
0.08,0,0,0.10472,0.10472,-2.1444e-08,-4.814e-08,-2.7067e-08,-1.6997e-08,7.4765e-09,3.9507e-08,2.8199e-08,-2.5611e-08,-4.8528e-09,-1.4324e-08,-4.7834e-08,-3.5853e-09
-0.04,0.04,0,0.10472,0.10472,-3.9216e-09,-6.2074e-08,-5.2944e-08,-2.8181e-08,5.4868e-09,1.5658e-08,3.5428e-08,-2.253e-08,2.8538e-10,-1.3977e-08,-2.543e-08,-7.7988e-09
0,0.04,0,0.10472,0.10472,-9.9716e-09,-6.1837e-08,-4.5622e-08,-2.5765e-08,9.1894e-09,2.015e-08,3.1483e-08,-2.2578e-08,-6.1033e-11,-1.7478e-08,-2.7217e-08,-5.12e-09
0.04,0.04,0,0.10472,0.10472,-1.2918e-08,-5.3413e-08,-3.6134e-08,-2.3099e-08,6.4829e-09,2.6695e-08,2.8674e-08,-2.4366e-08,-8.7249e-10,-1.6648e-08,-3.592e-08,-4.1097e-09
0,0.08,0,0.10472,0.10472,-7.5299e-09,-5.3321e-08,-4.5593e-08,-3.6165e-08,7.1253e-09,1.7119e-08,2.8924e-08,-2.1329e-08,4.9175e-09,-1.7756e-08,-2.7867e-08,-5.6894e-09
-0.04,-0.04,0.04,0.10472,0.10472,-2.4543e-09,-7.0596e-08,-3.6365e-08,-1.4378e-08,1.5873e-08,1.8784e-08,3.3e-08,-2.664e-08,-8.3045e-09,-9.3485e-09,-2.6899e-08,-1.3409e-08
0,-0.04,0.04,0.10472,0.10472,-1.1259e-08,-6.6598e-08,-3.4171e-08,-1.444e-08,1.1311e-08,2.1463e-08,2.9441e-08,-2.96e-08,-9.8665e-09,-9.9359e-09,-3.3278e-08,-7.2807e-09
0.04,-0.04,0.04,0.10472,0.10472,-1.9517e-08,-5.8394e-08,-2.5329e-08,-1.2522e-08,1.3013e-08,2.986e-08,2.5323e-08,-2.8394e-08,-1.1358e-08,-8.5831e-09,-4.0572e-08,-5.527e-09
-0.04,0,0.04,0.10472,0.10472,-3.2974e-09,-7.2979e-08,-4.3017e-08,-1.6021e-08,1.5046e-08,1.6886e-08,3.3626e-08,-2.3925e-08,-4.5876e-09,-1.0855e-08,-2.5617e-08,-6.2442e-09
0,0,0.04,0.10472,0.10472,-8.8543e-09,-6.5096e-08,-3.5079e-08,-1.6043e-08,1.2563e-08,2.3105e-08,2.9041e-08,-2.3593e-08,-6.4657e-09,-1.0131e-08,-3.1243e-08,-6.912e-09
0.04,0,0.04,0.10472,0.10472,-1.5334e-08,-6.6773e-08,-3.0483e-08,-1.4246e-08,1.0668e-08,2.5326e-08,2.5516e-08,-2.5207e-08,-7.8209e-09,-1.1925e-08,-3.8029e-08,-3.4527e-09
-0.04,0.04,0.04,0.10472,0.10472,-2.7226e-09,-7.0748e-08,-4.4825e-08,-2.2472e-08,1.398e-08,1.2272e-08,3.2478e-08,-1.8466e-08,-2.7131e-09,-7.259e-09,-2.5017e-08,-3.5402e-09
0,0.04,0.04,0.10472,0.10472,-7.8137e-09,-7.1718e-08,-4.0892e-08,-2.0621e-08,1.1054e-08,1.7081e-08,2.6592e-08,-2.2205e-08,-2.7559e-09,-9.8181e-09,-3.0113e-08,-3.6729e-09
0.04,0.04,0.04,0.10472,0.10472,-1.3523e-08,-6.7966e-08,-3.2056e-08,-2.2676e-08,1.2075e-08,2.0482e-08,2.5903e-08,-2.1734e-08,-5.5996e-09,-8.2746e-09,-3.2367e-08,-9.4569e-10
0,0,0.08,0.10472,0.10472,-3.6242e-09,-8.1234e-08,-3.1834e-08,-1.039e-08,1.9079e-08,1.7641e-08,2.6709e-08,-2.0759e-08,-1.271e-08,-6.5652e-09,-2.7521e-08,-1.2304e-09
0,0,-0.08,0.15708,0.10472,-1.0075e-08,-4.3307e-08,-4.9458e-08,-2.5453e-08,-4.2573e-09,2.6304e-08,4.901e-08,-3.3249e-08,3.026e-10,-2.2673e-08,-2.7281e-08,-1.8836e-08
-0.04,-0.04,-0.04,0.15708,0.10472,-3.0963e-09,-4.8051e-08,-4.162e-08,-1.9766e-08,7.4413e-09,2.0071e-08,4.5947e-08,-3.6822e-08,-4.3974e-09,-1.7551e-08,-2.5883e-08,-2.5359e-08
0,-0.04,-0.04,0.15708,0.10472,-1.1638e-08,-4.2721e-08,-3.8545e-08,-1.8044e-08,4.554e-09,2.4071e-08,3.8607e-08,-3.7865e-08,-3.6776e-09,-1.6693e-08,-3.0553e-08,-1.7856e-08
0.04,-0.04,-0.04,0.15708,0.10472,-1.5879e-08,-4.2703e-08,-2.9136e-08,-1.6982e-08,5.0201e-09,3.9338e-08,3.6473e-08,-3.6559e-08,-4.4787e-09,-1.9643e-08,-4.0055e-08,-1.6088e-08
-0.04,0,-0.04,0.15708,0.10472,-6.8458e-09,-5.2613e-08,-5.5039e-08,-2.3747e-08,1.5883e-09,1.5395e-08,4.6472e-08,-3.0602e-08,-1.4338e-09,-2.003e-08,-2.5106e-08,-2.2884e-08
0,0,-0.04,0.15708,0.10472,-8.3606e-09,-5.1927e-08,-3.9775e-08,-2.2225e-08,4.0986e-09,2.2331e-08,3.7761e-08,-3.1573e-08,-1.4487e-09,-2.0093e-08,-2.9724e-08,-1.4041e-08
0.04,0,-0.04,0.15708,0.10472,-1.5713e-08,-4.5974e-08,-3.471e-08,-2.2125e-08,2.51e-09,2.8712e-08,3.5629e-08,-3.2394e-08,-2.1977e-09,-1.9515e-08,-3.8196e-08,-1.2907e-08
-0.04,0.04,-0.04,0.15708,0.10472,-5.6369e-09,-5.0949e-08,-5.7683e-08,-2.7578e-08,1.0895e-09,1.3187e-08,4.4664e-08,-2.4989e-08,-1.0717e-10,-2.1986e-08,-2.3276e-08,-1.5304e-08
0,0.04,-0.04,0.15708,0.10472,-1.1789e-08,-5.4114e-08,-4.7308e-08,-2.8244e-08,2.2054e-09,1.7021e-08,3.8305e-08,-2.6073e-08,2.2344e-09,-1.9199e-08,-2.7516e-08,-1.3569e-08
0.04,0.04,-0.04,0.15708,0.10472,-1.5526e-08,-4.7518e-08,-4.5027e-08,-2.6675e-08,2.8828e-09,2.5582e-08,3.2443e-08,-2.7492e-08,2.8856e-09,-1.8834e-08,-3.3928e-08,-9.2054e-09
0,-0.08,0,0.15708,0.10472,-9.1389e-09,-5.1238e-08,-3.1362e-08,-1.3953e-08,8.5438e-09,2.9418e-08,3.7391e-08,-4.0441e-08,-9.1574e-09,-1.1898e-08,-3.4523e-08,-2.0353e-08
-0.04,-0.04,0,0.15708,0.10472,-1.9918e-09,-5.2131e-08,-3.8147e-08,-1.3446e-08,9.3844e-09,1.7881e-08,4.041e-08,-3.3783e-08,-6.4168e-09,-1.2812e-08,-2.5977e-08,-2.4314e-08
0,-0.04,0,0.15708,0.10472,-9.0023e-09,-5.484e-08,-3.7295e-08,-1.5376e-08,9.9827e-09,2.8844e-08,3.5073e-08,-3.365e-08,-6.7298e-09,-1.4021e-08,-3.2409e-08,-1.3043e-08
0.04,-0.04,0,0.15708,0.10472,-1.5304e-08,-4.8808e-08,-3.1274e-08,-1.4366e-08,1.0072e-08,3.0008e-08,3.3406e-08,-3.3687e-08,-8.3534e-09,-1.4432e-08,-3.6726e-08,-1.2516e-08
-0.08,0,0,0.15708,0.10472,-2.1138e-09,-6.5469e-08,-5.2506e-08,-2.0318e-08,1.5927e-08,1.1585e-08,4.6135e-08,-2.8712e-08,-4.36e-09,-1.136e-08,-2.327e-08,-1.7919e-08
-0.04,0,0,0.15708,0.10472,-4.3812e-09,-6.0245e-08,-5.0156e-08,-1.7655e-08,9.1141e-09,1.7528e-08,3.7437e-08,-2.6406e-08,-5.0794e-09,-1.1998e-08,-2.5253e-08,-1.6851e-08
0,0,0,0.15708,0.10472,-7.7368e-09,-5.6754e-08,-4.007e-08,-1.922e-08,8.5737e-09,2.6659e-08,3.2932e-08,-3.0806e-08,-4.6111e-09,-1.3341e-08,-3.1651e-08,-1.1901e-08
0.04,0,0,0.15708,0.10472,-1.385e-08,-5.4513e-08,-3.3497e-08,-1.7143e-08,7.8443e-09,2.7364e-08,2.9795e-08,-3.0387e-08,-8.2524e-09,-1.2878e-08,-3.5984e-08,-1.0904e-08
0.08,0,0,0.15708,0.10472,-2.3021e-08,-5.0237e-08,-2.6721e-08,-1.487e-08,7.5882e-09,3.0135e-08,2.865e-08,-3.0201e-08,-2.5014e-09,-1.2029e-08,-4.6412e-08,-6.9555e-09
-0.04,0.04,0,0.15708,0.10472,-5.463e-09,-6.7773e-08,-5.4194e-08,-2.3872e-08,1.0388e-08,1.3246e-08,3.7862e-08,-2.3141e-08,-1.9114e-09,-1.5719e-08,-2.5674e-08,-1.265e-08
0,0.04,0,0.15708,0.10472,-7.583e-09,-5.891e-08,-4.2201e-08,-2.1509e-08,7.8214e-09,1.981e-08,3.0138e-08,-2.4522e-08,-4.5559e-10,-1.4286e-08,-2.7486e-08,-8.4569e-09
0.04,0.04,0,0.15708,0.10472,-1.6431e-08,-5.5284e-08,-3.7119e-08,-2.2466e-08,6.2589e-09,2.2143e-08,2.7654e-08,-2.3263e-08,-1.646e-09,-1.392e-08,-3.5449e-08,-5.3227e-09
0,0.08,0,0.15708,0.10472,-9.1893e-09,-5.9277e-08,-4.7613e-08,-3.0934e-08,7.2856e-09,1.634e-08,3.0585e-08,-2.2665e-08,2.2499e-09,-1.6065e-08,-2.6633e-08,-5.8067e-09
-0.04,-0.04,0.04,0.15708,0.10472,-4.5306e-09,-7.0719e-08,-3.6732e-08,-1.1506e-08,1.8082e-08,1.6924e-08,2.8451e-08,-2.7952e-08,-9.8847e-09,-8.7946e-09,-2.9185e-08,-1.0813e-08
0,-0.04,0.04,0.15708,0.10472,-8.9896e-09,-6.0778e-08,-3.18e-08,-1.0517e-08,1.5372e-08,2.2734e-08,3.1418e-08,-2.8917e-08,-1.1489e-08,-8.8284e-09,-3.2717e-08,-7.2908e-09
0.04,-0.04,0.04,0.15708,0.10472,-1.3251e-08,-5.3491e-08,-2.8449e-08,-9.3678e-09,1.1867e-08,2.8598e-08,2.9825e-08,-3.2857e-08,-1.5231e-08,-9.396e-09,-3.6687e-08,-5.2548e-09
-0.04,0,0.04,0.15708,0.10472,-8.559e-10,-7.0996e-08,-3.9472e-08,-1.5667e-08,1.7026e-08,1.4193e-08,3.1484e-08,-2.6085e-08,-6.4379e-09,-9.695e-09,-2.4956e-08,-9.7515e-09
0,0,0.04,0.15708,0.10472,-9.4107e-09,-6.9604e-08,-3.8807e-08,-1.3587e-08,1.4118e-08,1.9988e-08,2.9306e-08,-2.7458e-08,-6.8918e-09,-7.5567e-09,-3.0709e-08,-6.9129e-09
0.04,0,0.04,0.15708,0.10472,-1.6289e-08,-6.4841e-08,-3.0972e-08,-1.3729e-08,1.1694e-08,2.3244e-08,2.696e-08,-2.5314e-08,-1.1595e-08,-7.0535e-09,-3.3992e-08,-4.3341e-09
-0.04,0.04,0.04,0.15708,0.10472,-2.3753e-09,-7.4978e-08,-4.6963e-08,-2.2098e-08,1.4407e-08,1.1523e-08,2.9782e-08,-2.0191e-08,-4.7392e-09,-7.7798e-09,-2.5952e-08,-6.3075e-09
0,0.04,0.04,0.15708,0.10472,-8.9037e-09,-6.4697e-08,-3.8301e-08,-1.9489e-08,1.492e-08,1.7642e-08,2.9534e-08,-2.2806e-08,-5.5793e-09,-8.061e-09,-3.034e-08,-6.4449e-09
0.04,0.04,0.04,0.15708,0.10472,-1.5676e-08,-6.669e-08,-3.243e-08,-1.7628e-08,1.2235e-08,2.1292e-08,2.4551e-08,-2.2447e-08,-7.5663e-09,-5.7241e-09,-3.4441e-08,-2.8519e-09
0,0,0.08,0.15708,0.10472,-3.9443e-09,-8.1471e-08,-3.2835e-08,-8.1529e-09,1.829e-08,1.939e-08,2.3559e-08,-2.225e-08,-1.3405e-08,-3.6874e-09,-2.8964e-08,-1.6418e-09
0,0,-0.08,0.05236,0.15708,-9.9868e-09,-4.2041e-08,-4.599e-08,-2.5542e-08,-3.4382e-09,2.3722e-08,4.5476e-08,-3.2753e-08,3.5333e-09,-2.9632e-08,-2.9308e-08,-1.5469e-08
-0.04,-0.04,-0.04,0.05236,0.15708,-6.9247e-09,-4.6591e-08,-4.1448e-08,-2.3353e-08,4.6402e-10,2.4581e-08,4.9117e-08,-3.6188e-08,-2.1172e-09,-1.9546e-08,-2.8399e-08,-2.0422e-08
0,-0.04,-0.04,0.05236,0.15708,-1.1617e-08,-4.8542e-08,-3.3964e-08,-2.1798e-08,2.7329e-09,3.155e-08,4.296e-08,-3.7665e-08,1.4834e-10,-1.864e-08,-3.1793e-08,-1.298e-08
0.04,-0.04,-0.04,0.05236,0.15708,-1.6358e-08,-4.5188e-08,-2.809e-08,-2.0206e-08,1.9078e-09,3.7644e-08,3.8142e-08,-3.4929e-08,-4.3381e-09,-2.0271e-08,-3.8501e-08,-1.1536e-08
-0.04,0,-0.04,0.05236,0.15708,-5.6489e-09,-5.1514e-08,-5.1489e-08,-3.0466e-08,1.4028e-09,1.6844e-08,4.2088e-08,-2.8752e-08,3.291e-09,-2.3192e-08,-2.5642e-08,-1.4026e-08
0,0,-0.04,0.05236,0.15708,-1.1237e-08,-4.6779e-08,-3.8788e-08,-2.6529e-08,1.9396e-09,2.6651e-08,4.1994e-08,-3.15e-08,9.0153e-10,-2.3054e-08,-2.7711e-08,-1.1671e-08
0.04,0,-0.04,0.05236,0.15708,-1.5287e-08,-4.6579e-08,-3.5729e-08,-2.6005e-08,1.6224e-10,3.0828e-08,3.481e-08,-2.9786e-08,3.1323e-09,-2.25e-08,-4.0054e-08,-8.1449e-09
-0.04,0.04,-0.04,0.05236,0.15708,-5.2291e-09,-5.4348e-08,-6.0319e-08,-3.3601e-08,1.9154e-10,1.4145e-08,4.2522e-08,-2.4425e-08,4.069e-09,-2.5144e-08,-2.275e-08,-9.7073e-09
0,0.04,-0.04,0.05236,0.15708,-8.8504e-09,-4.6632e-08,-5.016e-08,-3.2337e-08,-2.6943e-10,2.184e-08,3.6786e-08,-2.5658e-08,5.4929e-09,-2.1701e-08,-2.8252e-08,-9.1179e-09
0.04,0.04,-0.04,0.05236,0.15708,-1.416e-08,-4.3926e-08,-3.4916e-08,-2.9563e-08,-6.3771e-10,2.8266e-08,3.0181e-08,-2.4305e-08,6.4141e-09,-2.8211e-08,-3.4422e-08,-6.4096e-09
0,-0.08,0,0.05236,0.15708,-9.4624e-09,-5.1755e-08,-2.7785e-08,-1.7379e-08,7.5458e-09,3.0811e-08,3.4782e-08,-3.4462e-08,-7.7887e-09,-1.3743e-08,-3.2445e-08,-1.5965e-08
-0.04,-0.04,0,0.05236,0.15708,-4.7135e-09,-6.1434e-08,-3.9855e-08,-1.907e-08,5.557e-09,2.1608e-08,3.6767e-08,-2.8105e-08,-3.4753e-09,-1.5921e-08,-2.685e-08,-1.4148e-08
0,-0.04,0,0.05236,0.15708,-1.0174e-08,-5.5428e-08,-3.0491e-08,-1.9043e-08,6.4867e-09,2.7385e-08,3.6674e-08,-3.4166e-08,-5.6116e-09,-1.6398e-08,-3.1325e-08,-1.5209e-08
0.04,-0.04,0,0.05236,0.15708,-1.5337e-08,-5.1993e-08,-2.9162e-08,-1.622e-08,8.5618e-09,3.4366e-08,3.0953e-08,-3.48e-08,-5.5971e-09,-1.5375e-08,-4.1974e-08,-8.6193e-09
-0.08,0,0,0.05236,0.15708,1.0993e-09,-6.5858e-08,-5.2119e-08,-2.3418e-08,1.1273e-08,1.1762e-08,4.0158e-08,-2.4764e-08,-2.0312e-09,-1.3202e-08,-2.1308e-08,-1.1287e-08
-0.04,0,0,0.05236,0.15708,-3.0601e-09,-5.785e-08,-4.4741e-08,-2.2957e-08,9.7464e-09,1.845e-08,3.5872e-08,-2.7441e-08,-5.2152e-10,-1.5887e-08,-2.5191e-08,-5.8731e-09
0,0,0,0.05236,0.15708,-7.5699e-09,-6.1722e-08,-4.0446e-08,-2.3275e-08,6.1689e-09,2.4158e-08,3.531e-08,-2.8071e-08,-3.3514e-10,-1.6438e-08,-3.0099e-08,-6.0562e-09
0.04,0,0,0.05236,0.15708,-1.3893e-08,-5.2184e-08,-3.1869e-08,-2.3503e-08,4.4974e-09,3.0367e-08,3.1651e-08,-2.8515e-08,-3.9314e-09,-1.5374e-08,-3.5087e-08,-7.0261e-09
0.08,0,0,0.05236,0.15708,-2.2598e-08,-4.7191e-08,-2.5934e-08,-2.0485e-08,4.7908e-09,3.9696e-08,2.8109e-08,-2.9188e-08,-4.4533e-10,-1.7249e-08,-4.5457e-08,-5.4225e-09
-0.04,0.04,0,0.05236,0.15708,-2.8552e-09,-6.0905e-08,-4.8446e-08,-3.1596e-08,1.0565e-08,1.5987e-08,3.6432e-08,-2.1487e-08,1.2535e-09,-1.5973e-08,-2.5185e-08,-2.7152e-09
0,0.04,0,0.05236,0.15708,-1.0351e-08,-6.3241e-08,-4.3699e-08,-3.059e-08,7.7827e-09,1.9451e-08,3.0544e-08,-2.5045e-08,5.6394e-09,-1.7769e-08,-3.1583e-08,-5.8896e-09
0.04,0.04,0,0.05236,0.15708,-1.698e-08,-4.9529e-08,-3.9101e-08,-3.0125e-08,6.0248e-09,2.6246e-08,2.8006e-08,-2.4564e-08,2.8114e-09,-1.6746e-08,-3.6532e-08,-4.3333e-09
0,0.08,0,0.05236,0.15708,-9.3916e-09,-5.6826e-08,-4.481e-08,-3.9145e-08,4.8963e-09,1.724e-08,3.0041e-08,-1.9027e-08,1.0832e-08,-1.7453e-08,-2.7501e-08,-2.1723e-09
-0.04,-0.04,0.04,0.05236,0.15708,-3.3722e-09,-6.9103e-08,-3.5398e-08,-1.5796e-08,1.5685e-08,1.873e-08,3.0689e-08,-2.5123e-08,-7.557e-09,-1.2229e-08,-2.6995e-08,-9.7707e-09
0,-0.04,0.04,0.05236,0.15708,-9.6957e-09,-6.322e-08,-3.1097e-08,-1.7527e-08,1.2791e-08,2.5147e-08,3.2648e-08,-3.0859e-08,-7.4997e-09,-9.2248e-09,-3.3749e-08,-6.5734e-09
0.04,-0.04,0.04,0.05236,0.15708,-1.2848e-08,-5.4796e-08,-2.6916e-08,-1.5211e-08,8.6467e-09,2.7379e-08,2.7965e-08,-2.6901e-08,-1.132e-08,-1.1196e-08,-4.0755e-08,-1.4951e-09
-0.04,0,0.04,0.05236,0.15708,-1.3813e-09,-7.5916e-08,-4.0894e-08,-2.2438e-08,1.2698e-08,1.7327e-08,3.0247e-08,-2.1862e-08,-3.9477e-09,-1.0294e-08,-2.4113e-08,-2.2681e-09
0,0,0.04,0.05236,0.15708,-6.9001e-09,-7.4076e-08,-3.7345e-08,-1.9124e-08,1.1735e-08,2.1783e-08,2.9712e-08,-2.46e-08,-5.7285e-09,-1.1336e-08,-3.01e-08,-2.834e-09
0.04,0,0.04,0.05236,0.15708,-1.3712e-08,-6.588e-08,-2.9271e-08,-1.8544e-08,1.0788e-08,2.598e-08,2.7561e-08,-2.2084e-08,-5.606e-09,-8.4067e-09,-3.6978e-08,-3.9104e-09
-0.04,0.04,0.04,0.05236,0.15708,-2.9115e-09,-7.7965e-08,-4.4836e-08,-2.6898e-08,1.3292e-08,1.4859e-08,2.9312e-08,-1.8814e-08,-2.0416e-09,-1.1924e-08,-2.3276e-08,-2.7519e-09
0,0.04,0.04,0.05236,0.15708,-8.6979e-09,-6.7282e-08,-3.6154e-08,-2.2945e-08,1.4358e-08,1.9632e-08,2.7101e-08,-2.1215e-08,-1.3599e-09,-1.0152e-08,-2.8225e-08,-4.0901e-10
0.04,0.04,0.04,0.05236,0.15708,-1.5418e-08,-7.1296e-08,-3.1561e-08,-2.3784e-08,1.0131e-08,2.0428e-08,2.4477e-08,-2.0434e-08,-1.8359e-10,-9.3429e-09,-3.3509e-08,-4.3538e-10
0,0,0.08,0.05236,0.15708,-6.88e-09,-8.6517e-08,-3.4233e-08,-1.5607e-08,1.9963e-08,1.9038e-08,2.3798e-08,-1.9392e-08,-1.2343e-08,-7.5143e-09,-2.8427e-08,4.7518e-09
0,0,-0.08,0.10472,0.15708,-8.3803e-09,-3.8931e-08,-4.3914e-08,-2.6774e-08,-2.9815e-09,2.6647e-08,4.8204e-08,-3.2755e-08,7.0998e-10,-2.5945e-08,-2.7874e-08,-1.73e-08
-0.04,-0.04,-0.04,0.10472,0.15708,-3.8438e-09,-4.9554e-08,-4.4847e-08,-2.2045e-08,4.7405e-09,2.0431e-08,4.9227e-08,-3.5963e-08,-4.1155e-09,-1.7669e-08,-2.3223e-08,-2.1853e-08
0,-0.04,-0.04,0.10472,0.15708,-9.727e-09,-4.7091e-08,-3.612e-08,-2.1427e-08,3.9578e-09,2.4964e-08,4.0241e-08,-3.571e-08,-2.1222e-09,-1.7481e-08,-3.0786e-08,-1.3798e-08
0.04,-0.04,-0.04,0.10472,0.15708,-1.6419e-08,-4.0621e-08,-3.4179e-08,-2.1383e-08,3.8301e-09,3.2889e-08,3.5978e-08,-3.5953e-08,-2.5972e-09,-1.6785e-08,-3.7442e-08,-1.3518e-08
-0.04,0,-0.04,0.10472,0.15708,-6.1384e-09,-5.1806e-08,-5.0882e-08,-2.529e-08,4.639e-10,2.057e-08,4.3572e-08,-3.1073e-08,-5.8154e-10,-2.1611e-08,-2.5844e-08,-1.7713e-08
0,0,-0.04,0.10472,0.15708,-1.025e-08,-5.118e-08,-4.5233e-08,-2.6581e-08,2.3586e-09,2.4212e-08,3.9559e-08,-3.184e-08,-1.3202e-09,-2.0238e-08,-3.1023e-08,-1.161e-08
0.04,0,-0.04,0.10472,0.15708,-1.7355e-08,-4.3893e-08,-3.0425e-08,-2.3192e-08,3.4967e-09,2.9641e-08,3.7157e-08,-3.0572e-08,1.4256e-09,-1.998e-08,-3.7264e-08,-9.1599e-09
-0.04,0.04,-0.04,0.10472,0.15708,-6.5553e-09,-5.2654e-08,-5.2453e-08,-2.9344e-08,2.6228e-09,1.4075e-08,4.4386e-08,-2.4082e-08,8.7071e-10,-1.8734e-08,-2.3953e-08,-1.3497e-08
0,0.04,-0.04,0.10472,0.15708,-9.8564e-09,-4.8912e-08,-4.5223e-08,-2.9498e-08,1.1099e-09,2.2224e-08,3.5306e-08,-2.6604e-08,2.3128e-09,-2.1066e-08,-2.8274e-08,-1.1844e-08
0.04,0.04,-0.04,0.10472,0.15708,-1.4859e-08,-4.7622e-08,-4.2705e-08,-2.906e-08,3.6852e-09,3.086e-08,3.326e-08,-2.5783e-08,4.0936e-09,-2.2838e-08,-3.4939e-08,-7.6138e-09
0,-0.08,0,0.10472,0.15708,-9.8828e-09,-4.9672e-08,-3.1086e-08,-1.4852e-08,9.1932e-09,3.2321e-08,3.6037e-08,-4.2613e-08,-6.9087e-09,-1.4785e-08,-3.0839e-08,-1.4196e-08
-0.04,-0.04,0,0.10472,0.15708,-4.4071e-09,-5.465e-08,-4.2128e-08,-2.0904e-08,9.7461e-09,1.8273e-08,3.6418e-08,-2.9354e-08,-5.0116e-09,-1.4188e-08,-2.4217e-08,-1.5394e-08
0,-0.04,0,0.10472,0.15708,-9.0575e-09,-5.2905e-08,-3.7332e-08,-1.8242e-08,7.0987e-09,2.756e-08,3.608e-08,-3.0505e-08,-5.6796e-09,-1.3546e-08,-3.0724e-08,-1.4647e-08
0.04,-0.04,0,0.10472,0.15708,-1.7277e-08,-5.1454e-08,-3.0388e-08,-1.6743e-08,6.6832e-09,3.0716e-08,3.2476e-08,-3.4379e-08,-6.5418e-09,-1.223e-08,-3.7165e-08,-1.2134e-08
-0.08,0,0,0.10472,0.15708,-3.2825e-10,-6.4995e-08,-4.8103e-08,-2.4764e-08,1.0655e-08,1.2293e-08,4.029e-08,-2.6512e-08,-2.8379e-09,-1.3587e-08,-2.0392e-08,-1.6718e-08
-0.04,0,0,0.10472,0.15708,-4.4646e-09,-5.6549e-08,-4.4143e-08,-2.4732e-08,1.1316e-08,1.6035e-08,3.6602e-08,-2.7186e-08,-2.0402e-09,-1.4073e-08,-2.5485e-08,-1.2419e-08
0,0,0,0.10472,0.15708,-7.3862e-09,-5.7889e-08,-4.0567e-08,-2.0565e-08,6.7748e-09,2.3338e-08,3.4404e-08,-2.734e-08,-4.0998e-09,-1.444e-08,-3.0154e-08,-1.2168e-08
0.04,0,0,0.10472,0.15708,-1.7827e-08,-5.4779e-08,-3.2026e-08,-1.9971e-08,7.4598e-09,2.9957e-08,2.9141e-08,-2.8777e-08,-4.689e-09,-1.2608e-08,-4.1004e-08,-8.67e-09
0.08,0,0,0.10472,0.15708,-2.5273e-08,-4.8427e-08,-2.8667e-08,-1.8369e-08,7.0789e-09,3.3837e-08,2.6645e-08,-2.8769e-08,-1.6288e-09,-1.1202e-08,-4.2868e-08,-5.8641e-09
-0.04,0.04,0,0.10472,0.15708,-3.8161e-09,-6.3498e-08,-5.0139e-08,-2.5373e-08,8.2933e-09,1.5423e-08,3.4298e-08,-2.3332e-08,-5.1447e-10,-1.5145e-08,-2.5264e-08,-8.6987e-09
0,0.04,0,0.10472,0.15708,-9.9003e-09,-5.9096e-08,-4.7109e-08,-2.9107e-08,7.5358e-09,1.9123e-08,3.2497e-08,-2.4255e-08,-9.4208e-10,-1.4801e-08,-3.0129e-08,-6.2785e-09
0.04,0.04,0,0.10472,0.15708,-1.3058e-08,-5.4116e-08,-3.6119e-08,-2.5299e-08,7.6119e-09,2.4696e-08,2.9748e-08,-2.3566e-08,2.0966e-09,-1.8661e-08,-3.4335e-08,-4.456e-09
0,0.08,0,0.10472,0.15708,-9.0574e-09,-6.0144e-08,-4.8647e-08,-3.1994e-08,7.7506e-09,1.7134e-08,2.6882e-08,-1.9438e-08,6.6884e-09,-1.3825e-08,-2.5447e-08,-4.1603e-09
-0.04,-0.04,0.04,0.10472,0.15708,-3.9456e-10,-6.5907e-08,-3.5682e-08,-1.3139e-08,1.976e-08,1.9282e-08,3.0408e-08,-2.5107e-08,-9.6017e-09,-1.0478e-08,-2.892e-08,-1.0794e-08
0,-0.04,0.04,0.10472,0.15708,-1.057e-08,-6.2996e-08,-2.8721e-08,-1.2568e-08,1.3292e-08,2.3502e-08,2.9665e-08,-2.7319e-08,-1.0224e-08,-1.081e-08,-3.2243e-08,-9.361e-09
0.04,-0.04,0.04,0.10472,0.15708,-1.6393e-08,-5.6577e-08,-2.6359e-08,-1.2712e-08,1.0409e-08,2.9348e-08,2.7017e-08,-2.8916e-08,-1.0752e-08,-9.1879e-09,-3.8104e-08,-5.0467e-09
-0.04,0,0.04,0.10472,0.15708,-3.378e-09,-7.2717e-08,-4.4381e-08,-2.0433e-08,1.4819e-08,1.6404e-08,3.3466e-08,-2.2698e-08,-7.1913e-09,-1.0245e-08,-2.669e-08,-5.7117e-09
0,0,0.04,0.10472,0.15708,-1.0245e-08,-6.5079e-08,-3.8462e-08,-1.701e-08,1.3788e-08,1.9682e-08,2.9374e-08,-2.3512e-08,-9.4258e-09,-1.1809e-08,-3.1389e-08,-7.3696e-09
0.04,0,0.04,0.10472,0.15708,-1.3874e-08,-6.1751e-08,-2.8431e-08,-1.6914e-08,1.0478e-08,2.8781e-08,2.5979e-08,-2.5965e-08,-9.7077e-09,-7.2984e-09,-3.5037e-08,-2.1351e-09
-0.04,0.04,0.04,0.10472,0.15708,-5.0188e-09,-8.3843e-08,-4.5882e-08,-2.3673e-08,1.9161e-08,1.3819e-08,2.8693e-08,-2.0236e-08,-1.8548e-09,-1.003e-08,-2.5015e-08,-5.1853e-09
0,0.04,0.04,0.10472,0.15708,-8.2999e-09,-7.6906e-08,-3.8521e-08,-2.4804e-08,1.3756e-08,1.8698e-08,2.7935e-08,-2.0743e-08,-3.5119e-09,-7.8146e-09,-2.852e-08,-1.4486e-09
0.04,0.04,0.04,0.10472,0.15708,-1.417e-08,-6.6414e-08,-3.3081e-08,-2.0911e-08,1.0042e-08,2.4548e-08,2.5907e-08,-2.0097e-08,-7.851e-09,-9.4207e-09,-3.4749e-08,-1.8686e-09
0,0,0.08,0.10472,0.15708,-5.8703e-09,-8.2043e-08,-3.2076e-08,-1.4691e-08,1.7925e-08,1.8031e-08,2.5018e-08,-1.9272e-08,-9.9422e-09,-5.5285e-09,-2.6782e-08,1.6687e-09
0,0,-0.08,0.15708,0.15708,-1.0196e-08,-3.8885e-08,-4.9778e-08,-2.515e-08,-2.2554e-09,2.7442e-08,4.253e-08,-3.2355e-08,6.7984e-11,-2.4848e-08,-2.7617e-08,-1.7685e-08
-0.04,-0.04,-0.04,0.15708,0.15708,-6.4984e-09,-4.3922e-08,-4.7251e-08,-1.5849e-08,4.9906e-09,1.9599e-08,4.9513e-08,-3.0829e-08,-4.5109e-09,-1.671e-08,-2.3773e-08,-2.1347e-08
0,-0.04,-0.04,0.15708,0.15708,-1.2084e-08,-4.459e-08,-3.6452e-08,-1.7636e-08,6.795e-09,2.9268e-08,4.467e-08,-3.83e-08,-4.2374e-09,-1.74e-08,-3.1422e-08,-1.9995e-08
0.04,-0.04,-0.04,0.15708,0.15708,-1.5918e-08,-4.4598e-08,-3.0318e-08,-1.6605e-08,3.7353e-09,3.6327e-08,3.5253e-08,-4.2406e-08,-5.7526e-09,-1.8034e-08,-3.6581e-08,-1.4678e-08
-0.04,0,-0.04,0.15708,0.15708,-6.7126e-09,-4.9552e-08,-5.2375e-08,-2.3029e-08,3.6345e-09,1.5835e-08,4.4038e-08,-3.1493e-08,-2.8803e-09,-1.937e-08,-2.7018e-08,-1.5967e-08
0,0,-0.04,0.15708,0.15708,-1.2002e-08,-5.0344e-08,-4.2529e-08,-2.4519e-08,3.9076e-09,2.602e-08,4.0761e-08,-3.1159e-08,-2.9723e-09,-2.0892e-08,-2.9777e-08,-1.5554e-08
0.04,0,-0.04,0.15708,0.15708,-1.5054e-08,-4.2104e-08,-3.3071e-08,-1.8919e-08,3.6114e-09,2.8085e-08,3.4718e-08,-3.1489e-08,-1.5901e-09,-2.0117e-08,-3.3335e-08,-1.1384e-08
-0.04,0.04,-0.04,0.15708,0.15708,-6.1611e-09,-5.0754e-08,-5.6211e-08,-2.7491e-08,2.0162e-09,1.1059e-08,4.5486e-08,-2.7525e-08,1.5642e-10,-2.2187e-08,-2.362e-08,-1.3232e-08
0,0.04,-0.04,0.15708,0.15708,-1.1534e-08,-4.7139e-08,-4.849e-08,-2.7113e-08,3.8397e-09,1.6718e-08,3.9184e-08,-2.5883e-08,1.0617e-09,-1.7496e-08,-2.8176e-08,-1.4024e-08
0.04,0.04,-0.04,0.15708,0.15708,-1.4212e-08,-4.673e-08,-4.4118e-08,-2.573e-08,1.7842e-09,2.8052e-08,3.0814e-08,-2.626e-08,3.3738e-09,-2.3271e-08,-3.7255e-08,-9.7201e-09
0,-0.08,0,0.15708,0.15708,-1.2256e-08,-4.8261e-08,-3.1363e-08,-1.3122e-08,1.186e-08,2.678e-08,3.8223e-08,-4.6183e-08,-9.0442e-09,-1.3682e-08,-3.2227e-08,-2.0356e-08
-0.04,-0.04,0,0.15708,0.15708,-4.0644e-09,-5.5766e-08,-4.2955e-08,-1.3807e-08,1.3206e-08,1.9187e-08,4.1916e-08,-3.2112e-08,-6.2462e-09,-1.3088e-08,-2.6411e-08,-1.9013e-08
0,-0.04,0,0.15708,0.15708,-1.1432e-08,-5.2607e-08,-3.5283e-08,-1.6513e-08,8.9469e-09,2.1138e-08,4.3623e-08,-3.2134e-08,-8.5752e-09,-1.2293e-08,-3.1284e-08,-1.4595e-08
0.04,-0.04,0,0.15708,0.15708,-1.6921e-08,-5.1367e-08,-3.095e-08,-1.2871e-08,8.8443e-09,3.4182e-08,3.1983e-08,-3.5972e-08,-9.6594e-09,-1.3978e-08,-3.7309e-08,-1.0889e-08
-0.08,0,0,0.15708,0.15708,-2.101e-09,-5.9514e-08,-6.0621e-08,-2.1521e-08,7.6355e-09,1.2102e-08,4.3191e-08,-2.6482e-08,-4.596e-09,-1.3491e-08,-2.0051e-08,-1.9868e-08
-0.04,0,0,0.15708,0.15708,-6.1726e-09,-6.1173e-08,-4.7835e-08,-1.8854e-08,8.8872e-09,1.5457e-08,3.5906e-08,-2.9076e-08,-4.4895e-09,-1.3229e-08,-2.5478e-08,-1.7567e-08
0,0,0,0.15708,0.15708,-1.0114e-08,-5.9495e-08,-4.0182e-08,-1.9043e-08,9.2274e-09,2.4049e-08,3.0969e-08,-2.8785e-08,-4.8e-09,-1.2877e-08,-3.0148e-08,-1.2838e-08
0.04,0,0,0.15708,0.15708,-1.7251e-08,-5.3126e-08,-3.1268e-08,-1.8461e-08,1.0297e-08,2.7282e-08,3.2275e-08,-2.9704e-08,-6.3021e-09,-1.2528e-08,-3.5331e-08,-8.7848e-09
0.08,0,0,0.15708,0.15708,-2.0709e-08,-4.8147e-08,-2.8407e-08,-1.7502e-08,5.5106e-09,3.7631e-08,2.7712e-08,-2.8446e-08,-4.5206e-09,-1.2932e-08,-4.7731e-08,-6.6026e-09
-0.04,0.04,0,0.15708,0.15708,-3.7767e-09,-6.5873e-08,-5.6659e-08,-2.4625e-08,9.5203e-09,1.247e-08,3.7884e-08,-2.2359e-08,-1.7473e-09,-1.3711e-08,-2.5944e-08,-1.1087e-08
0,0.04,0,0.15708,0.15708,-1.1828e-08,-5.7278e-08,-4.6881e-08,-2.47e-08,1.0506e-08,1.8669e-08,3.108e-08,-2.2281e-08,-2.333e-09,-1.2814e-08,-2.8693e-08,-9.1701e-09
0.04,0.04,0,0.15708,0.15708,-1.4779e-08,-5.6086e-08,-3.8516e-08,-2.2904e-08,5.768e-09,2.095e-08,2.7474e-08,-2.3762e-08,-2.6288e-09,-1.886e-08,-3.3841e-08,-6.0037e-09
0,0.08,0,0.15708,0.15708,-9.081e-09,-6.9152e-08,-5.1074e-08,-3.0355e-08,7.418e-09,1.3745e-08,2.9815e-08,-2.0389e-08,5.0237e-09,-1.7268e-08,-2.5871e-08,-7.7714e-09
-0.04,-0.04,0.04,0.15708,0.15708,-2.4481e-09,-6.7575e-08,-3.7927e-08,-1.1077e-08,1.8904e-08,1.5719e-08,2.9464e-08,-3.0108e-08,-9.2869e-09,-7.9685e-09,-2.611e-08,-1.7072e-08
0,-0.04,0.04,0.15708,0.15708,-1.0834e-08,-6.1045e-08,-3.8744e-08,-1.1593e-08,1.4502e-08,2.1517e-08,3.0953e-08,-2.9115e-08,-1.2404e-08,-8.4202e-09,-3.5298e-08,-1.2868e-08
0.04,-0.04,0.04,0.15708,0.15708,-1.7804e-08,-5.7359e-08,-2.7161e-08,-1.1765e-08,1.057e-08,2.8182e-08,2.7461e-08,-3.0014e-08,-1.3477e-08,-7.9611e-09,-3.9036e-08,-6.4486e-09
-0.04,0,0.04,0.15708,0.15708,-3.0826e-09,-8.0844e-08,-4.5286e-08,-1.3454e-08,1.2868e-08,1.5192e-08,3.1955e-08,-2.4811e-08,-7.2999e-09,-9.267e-09,-2.6391e-08,-9.2227e-09
0,0,0.04,0.15708,0.15708,-7.476e-09,-6.3804e-08,-3.5425e-08,-1.2586e-08,1.3402e-08,1.8659e-08,2.9219e-08,-2.5417e-08,-8.3264e-09,-8.629e-09,-3.1566e-08,-5.546e-09
0.04,0,0.04,0.15708,0.15708,-1.7211e-08,-5.9621e-08,-2.9698e-08,-1.4276e-08,1.167e-08,2.3713e-08,2.4124e-08,-2.5635e-08,-8.9969e-09,-1.1874e-08,-3.4787e-08,-4.5371e-09
-0.04,0.04,0.04,0.15708,0.15708,-5.575e-09,-7.7568e-08,-4.5882e-08,-1.8526e-08,1.7729e-08,1.2152e-08,3.0811e-08,-2.0682e-08,-7.3335e-09,-8.5698e-09,-2.3943e-08,-8.7176e-09
0,0.04,0.04,0.15708,0.15708,-8.6613e-09,-6.7608e-08,-3.9066e-08,-1.508e-08,1.7283e-08,1.6512e-08,2.548e-08,-2.2654e-08,-4.376e-09,-9.0668e-09,-2.9042e-08,-5.5069e-09
0.04,0.04,0.04,0.15708,0.15708,-1.5299e-08,-6.5252e-08,-3.5038e-08,-1.9253e-08,1.035e-08,2.1222e-08,2.6075e-08,-2.2934e-08,-3.4431e-09,-4.387e-09,-3.6041e-08,-2.9043e-09
0,0,0.08,0.15708,0.15708,-4.4036e-09,-8.1219e-08,-3.5663e-08,-7.1323e-09,1.9591e-08,1.6328e-08,2.3183e-08,-2.3594e-08,-1.5748e-08,-6.7905e-09,-2.842e-08,5.0793e-11
