0,0,-0.08,0.05236,0.05236,1.0031e-08,-2.8121e-08,-1.3986e-08,7.2753e-09,3.9942e-08,2.6368e-08,4.7032e-08,1.5779e-08,-1.3794e-09
-0.04,-0.04,-0.04,0.05236,0.05236,1.1764e-08,-2.7709e-08,-1.6379e-08,6.8414e-09,3.855e-08,3.5238e-08,4.6178e-08,7.9705e-09,-1.0788e-08
0,-0.04,-0.04,0.05236,0.05236,1.2827e-08,-2.5263e-08,-1.991e-08,8.1346e-09,4.2842e-08,3.1126e-08,3.9888e-08,1.3325e-08,-1.305e-08
0.04,-0.04,-0.04,0.05236,0.05236,1.453e-08,-2.3408e-08,-2.3665e-08,1.1109e-08,4.5576e-08,2.7417e-08,3.4781e-08,2.0154e-08,-1.4563e-08
-0.04,0,-0.04,0.05236,0.05236,1.3223e-08,-3.2588e-08,-1.583e-08,3.5842e-09,4.1972e-08,3.0317e-08,4.7314e-08,8.297e-09,-5.1235e-09
0,0,-0.04,0.05236,0.05236,1.4999e-08,-2.9855e-08,-1.8534e-08,4.2349e-09,4.6429e-08,2.699e-08,4.1016e-08,1.6219e-08,-6.8053e-09
0.04,0,-0.04,0.05236,0.05236,1.6935e-08,-2.786e-08,-2.2511e-08,5.4077e-09,4.9885e-08,2.3563e-08,3.5344e-08,2.3232e-08,-7.7497e-09
-0.04,0.04,-0.04,0.05236,0.05236,1.5418e-08,-3.8531e-08,-1.5024e-08,5.4187e-10,4.4832e-08,2.579e-08,4.7866e-08,8.8857e-09,-1.5754e-09
0,0.04,-0.04,0.05236,0.05236,1.7152e-08,-3.5255e-08,-1.7527e-08,8.5931e-10,5.0441e-08,2.3404e-08,4.1467e-08,1.8036e-08,-1.8567e-09
0.04,0.04,-0.04,0.05236,0.05236,1.9277e-08,-3.1783e-08,-2.163e-08,1.9488e-09,5.4151e-08,2.0377e-08,3.5511e-08,2.7013e-08,-2.5962e-09
0,-0.08,0,0.05236,0.05236,1.3819e-08,-2.2424e-08,-2.4394e-08,1.0118e-08,4.1872e-08,3.5694e-08,3.3329e-08,1.0822e-08,-2.4572e-08
-0.04,-0.04,0,0.05236,0.05236,1.4431e-08,-2.825e-08,-2.0287e-08,3.3272e-09,4.3428e-08,3.4488e-08,3.9e-08,7.4831e-09,-1.384e-08
0,-0.04,0,0.05236,0.05236,1.6224e-08,-2.6338e-08,-2.4219e-08,5.5453e-09,4.8633e-08,3.01e-08,3.4839e-08,1.3309e-08,-1.6296e-08
0.04,-0.04,0,0.05236,0.05236,1.7933e-08,-2.4104e-08,-3.0033e-08,5.4205e-09,5.2274e-08,2.6875e-08,3.0729e-08,1.8294e-08,-1.8035e-08
-0.08,0,0,0.05236,0.05236,1.493e-08,-3.7121e-08,-1.5659e-08,-1.1892e-09,4.2835e-08,3.252e-08,4.3283e-08,3.2449e-09,-7.3001e-09
-0.04,0,0,0.05236,0.05236,1.65e-08,-3.3752e-08,-1.91e-08,-7.8814e-11,4.827e-08,2.9283e-08,3.9635e-08,9.0726e-09,-9.0324e-09
0,0,0,0.05236,0.05236,1.8482e-08,-3.1399e-08,-2.3743e-08,6.1622e-10,5.3811e-08,2.6096e-08,3.559e-08,1.4896e-08,-1.047e-08
0.04,0,0,0.05236,0.05236,2.0463e-08,-2.8011e-08,-2.7734e-08,1.5527e-09,5.8429e-08,2.3044e-08,3.1321e-08,2.1167e-08,-1.0972e-08
0.08,0,0,0.05236,0.05236,2.3374e-08,-2.5566e-08,-3.4527e-08,2.7386e-09,6.2678e-08,2.0593e-08,2.7454e-08,2.6773e-08,-1.1966e-08
-0.04,0.04,0,0.05236,0.05236,1.8819e-08,-4.1245e-08,-1.8297e-08,-2.5845e-09,5.249e-08,2.5019e-08,4.0794e-08,1.0288e-08,-4.907e-09
0,0.04,0,0.05236,0.05236,2.1449e-08,-3.676e-08,-2.169e-08,-2.1534e-09,5.7552e-08,2.2781e-08,3.5449e-08,1.6776e-08,-5.5531e-09
0.04,0.04,0,0.05236,0.05236,2.5046e-08,-3.3347e-08,-2.7026e-08,-2.0203e-09,6.3609e-08,2.0108e-08,3.1644e-08,2.3797e-08,-6.0216e-09
0,0.08,0,0.05236,0.05236,2.5189e-08,-4.3328e-08,-2.0691e-08,-3.9117e-09,6.1749e-08,1.9549e-08,3.5546e-08,1.7576e-08,-2.091e-09
-0.04,-0.04,0.04,0.05236,0.05236,1.6803e-08,-2.8378e-08,-2.2507e-08,-2.7706e-09,4.9349e-08,3.1687e-08,3.2292e-08,7.9367e-09,-1.5848e-08
0,-0.04,0.04,0.05236,0.05236,1.8745e-08,-2.6266e-08,-2.7657e-08,-5.3843e-10,5.5633e-08,2.8654e-08,2.9781e-08,1.2601e-08,-1.8222e-08
0.04,-0.04,0.04,0.05236,0.05236,2.1158e-08,-2.4267e-08,-3.4022e-08,1.6836e-10,6.1217e-08,2.5336e-08,2.6455e-08,1.6423e-08,-1.9764e-08
-0.04,0,0.04,0.05236,0.05236,1.8969e-08,-3.3997e-08,-2.1756e-08,-5.4701e-09,5.4885e-08,2.7013e-08,3.2403e-08,9.1397e-09,-1.1019e-08
0,0,0.04,0.05236,0.05236,2.1938e-08,-3.0433e-08,-2.6931e-08,-4.1844e-09,6.32e-08,2.4259e-08,2.9618e-08,1.4024e-08,-1.2811e-08
0.04,0,0.04,0.05236,0.05236,2.4798e-08,-2.8333e-08,-3.2936e-08,-4.0541e-09,6.8302e-08,2.1907e-08,2.7364e-08,1.8496e-08,-1.3581e-08
-0.04,0.04,0.04,0.05236,0.05236,2.2493e-08,-4.0631e-08,-2.0431e-08,-6.6734e-09,6.0888e-08,2.2997e-08,3.2728e-08,1.0076e-08,-7.3152e-09
0,0.04,0.04,0.05236,0.05236,2.5386e-08,-3.654e-08,-2.498e-08,-6.644e-09,6.9722e-08,2.1132e-08,3.0111e-08,1.5474e-08,-8.3101e-09
0.04,0.04,0.04,0.05236,0.05236,2.927e-08,-3.2859e-08,-3.1164e-08,-6.2088e-09,7.6791e-08,1.8986e-08,2.7216e-08,2.072e-08,-8.6084e-09
0,0,0.08,0.05236,0.05236,2.4316e-08,-2.9703e-08,-2.8594e-08,-1.1669e-08,7.4031e-08,2.2389e-08,2.4636e-08,1.2736e-08,-1.3582e-08
0,0,-0.08,0.10472,0.05236,1.1709e-08,-2.8279e-08,-1.2963e-08,9.4053e-09,3.9544e-08,2.5737e-08,4.699e-08,1.5876e-08,1.4855e-09
-0.04,-0.04,-0.04,0.10472,0.05236,1.2307e-08,-2.7738e-08,-1.5865e-08,8.8847e-09,3.7367e-08,3.576e-08,4.6909e-08,7.304e-09,-7.8771e-09
0,-0.04,-0.04,0.10472,0.05236,1.3924e-08,-2.5192e-08,-1.9068e-08,1.1826e-08,4.0485e-08,3.068e-08,4.0312e-08,1.4182e-08,-1.0096e-08
0.04,-0.04,-0.04,0.10472,0.05236,1.5305e-08,-2.3616e-08,-2.2977e-08,1.347e-08,4.3426e-08,2.6811e-08,3.6013e-08,2.0729e-08,-1.0569e-08
-0.04,0,-0.04,0.10472,0.05236,1.4272e-08,-3.2777e-08,-1.539e-08,5.33e-09,4.2271e-08,3.0213e-08,4.7095e-08,8.9415e-09,-2.8167e-09
0,0,-0.04,0.10472,0.05236,1.5704e-08,-2.9702e-08,-1.8245e-08,7.3335e-09,4.487e-08,2.6772e-08,4.1079e-08,1.5328e-08,-3.6326e-09
0.04,0,-0.04,0.10472,0.05236,1.7614e-08,-2.7201e-08,-2.2139e-08,7.4929e-09,4.9248e-08,2.323e-08,3.5569e-08,2.3803e-08,-4.7352e-09
-0.04,0.04,-0.04,0.10472,0.05236,1.6036e-08,-3.9463e-08,-1.4324e-08,2.2098e-09,4.4681e-08,2.5851e-08,4.7092e-08,1.0097e-08,1.2732e-09
0,0.04,-0.04,0.10472,0.05236,1.7933e-08,-3.4663e-08,-1.7296e-08,3.2412e-09,4.9397e-08,2.2878e-08,4.1369e-08,1.8887e-08,-9.2618e-11
0.04,0.04,-0.04,0.10472,0.05236,2.0061e-08,-3.2218e-08,-2.093e-08,3.8865e-09,5.2387e-08,2.0514e-08,3.5602e-08,2.7172e-08,-1.45e-10
0,-0.08,0,0.10472,0.05236,1.4977e-08,-2.2452e-08,-2.4774e-08,1.3319e-08,4.1047e-08,3.6255e-08,3.3465e-08,1.1122e-08,-2.2736e-08
-0.04,-0.04,0,0.10472,0.05236,1.5285e-08,-2.8344e-08,-1.947e-08,5.8118e-09,4.2538e-08,3.453e-08,3.8597e-08,8.2549e-09,-1.1768e-08
0,-0.04,0,0.10472,0.05236,1.6723e-08,-2.6246e-08,-2.3461e-08,7.084e-09,4.7462e-08,3.0655e-08,3.529e-08,1.3306e-08,-1.3883e-08
0.04,-0.04,0,0.10472,0.05236,1.8629e-08,-2.3891e-08,-2.8532e-08,8.8343e-09,5.0326e-08,2.6343e-08,3.1551e-08,1.839e-08,-1.514e-08
-0.08,0,0,0.10472,0.05236,1.4903e-08,-3.5877e-08,-1.5555e-08,5.1506e-10,4.1562e-08,3.345e-08,4.4354e-08,3.4295e-09,-5.466e-09
-0.04,0,0,0.10472,0.05236,1.6909e-08,-3.3894e-08,-1.914e-08,1.9538e-09,4.7344e-08,2.9451e-08,3.9462e-08,8.8275e-09,-6.6882e-09
0,0,0,0.10472,0.05236,1.9659e-08,-3.093e-08,-2.2739e-08,2.5221e-09,5.2888e-08,2.558e-08,3.6131e-08,1.4988e-08,-7.5611e-09
0.04,0,0,0.10472,0.05236,2.1994e-08,-2.7887e-08,-2.7414e-08,3.536e-09,5.6583e-08,2.3229e-08,3.1276e-08,2.1199e-08,-9.0351e-09
0.08,0,0,0.10472,0.05236,2.5191e-08,-2.5458e-08,-3.4531e-08,4.4645e-09,6.1554e-08,2.0396e-08,2.7924e-08,2.716e-08,-9.1199e-09
-0.04,0.04,0,0.10472,0.05236,2.0108e-08,-4.0739e-08,-1.7764e-08,-1.2548e-09,5.1051e-08,2.5084e-08,4.0704e-08,9.9612e-09,-2.6839e-09
0,0.04,0,0.10472,0.05236,2.2378e-08,-3.625e-08,-2.1365e-08,-4.5476e-11,5.6396e-08,2.2324e-08,3.5308e-08,1.6721e-08,-3.6019e-09
0.04,0.04,0,0.10472,0.05236,2.6167e-08,-3.3217e-08,-2.5804e-08,-2.7872e-10,6.3341e-08,1.9987e-08,3.0825e-08,2.3926e-08,-3.5856e-09
0,0.08,0,0.10472,0.05236,2.567e-08,-4.5043e-08,-2.0106e-08,-2.2949e-09,6.2336e-08,1.9608e-08,3.4785e-08,1.9045e-08,-5.0463e-10
-0.04,-0.04,0.04,0.10472,0.05236,1.7561e-08,-2.8192e-08,-2.2257e-08,-1.3082e-10,4.8039e-08,3.1811e-08,3.3467e-08,8.2278e-09,-1.3912e-08
0,-0.04,0.04,0.10472,0.05236,1.9714e-08,-2.5579e-08,-2.7448e-08,1.9383e-09,5.321e-08,2.8793e-08,2.9337e-08,1.2484e-08,-1.5813e-08
0.04,-0.04,0.04,0.10472,0.05236,2.2253e-08,-2.3829e-08,-3.2696e-08,2.8116e-09,5.8942e-08,2.5397e-08,2.6649e-08,1.7077e-08,-1.7733e-08
-0.04,0,0.04,0.10472,0.05236,1.9671e-08,-3.3755e-08,-2.1529e-08,-3.2518e-09,5.4152e-08,2.7127e-08,3.3357e-08,9.6943e-09,-9.3469e-09
0,0,0.04,0.10472,0.05236,2.2463e-08,-3.042e-08,-2.6306e-08,-2.2354e-09,6.0505e-08,2.4696e-08,3.011e-08,1.4004e-08,-1.0504e-08
0.04,0,0.04,0.10472,0.05236,2.6097e-08,-2.8122e-08,-3.1455e-08,-1.2892e-09,6.6552e-08,2.1665e-08,2.714e-08,1.8289e-08,-1.1575e-08
-0.04,0.04,0.04,0.10472,0.05236,2.2009e-08,-3.9949e-08,-2.0774e-08,-5.1082e-09,5.9881e-08,2.3484e-08,3.2746e-08,1.0404e-08,-5.522e-09
0,0.04,0.04,0.10472,0.05236,2.6137e-08,-3.6108e-08,-2.4225e-08,-4.7791e-09,6.741e-08,2.1527e-08,2.9853e-08,1.5087e-08,-6.3243e-09
0.04,0.04,0.04,0.10472,0.05236,3.0777e-08,-3.2507e-08,-2.9971e-08,-4.5764e-09,7.4491e-08,1.911e-08,2.7215e-08,2.1247e-08,-7.0813e-09
0,0,0.08,0.10472,0.05236,2.4826e-08,-2.921e-08,-2.8546e-08,-8.3075e-09,6.9969e-08,2.2816e-08,2.505e-08,1.2504e-08,-1.2113e-08
0,0,-0.08,0.15708,0.05236,1.3059e-08,-2.847e-08,-1.257e-08,1.108e-08,3.8205e-08,2.5436e-08,4.5719e-08,1.7744e-08,4.7982e-09
-0.04,-0.04,-0.04,0.15708,0.05236,1.3226e-08,-2.8071e-08,-1.5929e-08,1.1441e-08,3.6707e-08,3.5027e-08,4.6239e-08,7.8584e-09,-4.0816e-09
0,-0.04,-0.04,0.15708,0.05236,1.4896e-08,-2.5562e-08,-1.8611e-08,1.2969e-08,3.9422e-08,3.0179e-08,4.0436e-08,1.4961e-08,-6.8999e-09
0.04,-0.04,-0.04,0.15708,0.05236,1.6949e-08,-2.3389e-08,-2.3087e-08,1.4436e-08,4.2286e-08,2.6317e-08,3.4908e-08,2.0857e-08,-7.7764e-09
-0.04,0,-0.04,0.15708,0.05236,1.4791e-08,-3.2395e-08,-1.484e-08,7.2117e-09,4.0533e-08,3.0032e-08,4.663e-08,9.1665e-09,-1.409e-10
0,0,-0.04,0.15708,0.05236,1.6498e-08,-3.0271e-08,-1.7432e-08,8.2605e-09,4.3917e-08,2.6046e-08,4.0787e-08,1.7026e-08,-8.3441e-10
0.04,0,-0.04,0.15708,0.05236,1.9316e-08,-2.7521e-08,-2.0568e-08,9.9893e-09,4.7451e-08,2.2756e-08,3.5433e-08,2.4557e-08,-1.6107e-09
-0.04,0.04,-0.04,0.15708,0.05236,1.6663e-08,-3.92e-08,-1.3908e-08,3.8309e-09,4.3407e-08,2.6159e-08,4.8155e-08,9.9927e-09,2.6963e-09
0,0.04,-0.04,0.15708,0.05236,1.8577e-08,-3.5671e-08,-1.6426e-08,4.8231e-09,4.8091e-08,2.2446e-08,4.0759e-08,1.8064e-08,3.2745e-09
0.04,0.04,-0.04,0.15708,0.05236,2.1295e-08,-3.1438e-08,-1.9665e-08,5.6839e-09,5.1353e-08,2.0353e-08,3.5051e-08,2.8207e-08,2.1629e-09
0,-0.08,0,0.15708,0.05236,1.5508e-08,-2.2282e-08,-2.4347e-08,1.5373e-08,3.9631e-08,3.4545e-08,3.3738e-08,1.1754e-08,-1.8324e-08
-0.04,-0.04,0,0.15708,0.05236,1.5633e-08,-2.8656e-08,-1.9069e-08,7.4439e-09,4.0984e-08,3.4191e-08,3.8972e-08,8.5717e-09,-9.0099e-09
0,-0.04,0,0.15708,0.05236,1.8154e-08,-2.6109e-08,-2.3624e-08,9.4471e-09,4.529e-08,2.9865e-08,3.4682e-08,1.3742e-08,-1.1658e-08
0.04,-0.04,0,0.15708,0.05236,2.0345e-08,-2.3828e-08,-2.8396e-08,1.1334e-08,4.9287e-08,2.6358e-08,3.0773e-08,1.9182e-08,-1.1696e-08
-0.08,0,0,0.15708,0.05236,1.5641e-08,-3.6978e-08,-1.5357e-08,2.1915e-09,4.0602e-08,3.2817e-08,4.5287e-08,3.7449e-09,-3.4595e-09
-0.04,0,0,0.15708,0.05236,1.729e-08,-3.3537e-08,-1.8598e-08,3.7614e-09,4.6062e-08,2.9169e-08,3.8945e-08,9.2331e-09,-4.2056e-09
0,0,0,0.15708,0.05236,2.0117e-08,-3.0705e-08,-2.2353e-08,4.3425e-09,5.218e-08,2.5315e-08,3.5198e-08,1.5396e-08,-5.2632e-09
0.04,0,0,0.15708,0.05236,2.3589e-08,-2.8286e-08,-2.7006e-08,6.3038e-09,5.5751e-08,2.28e-08,3.088e-08,2.1827e-08,-6.5154e-09
0.08,0,0,0.15708,0.05236,2.6198e-08,-2.5395e-08,-3.3402e-08,7.2002e-09,5.879e-08,2.006e-08,2.7728e-08,2.8252e-08,-7.451e-09
-0.04,0.04,0,0.15708,0.05236,2.0115e-08,-4.0158e-08,-1.6983e-08,6.1131e-10,5.0295e-08,2.5051e-08,3.9076e-08,1.0416e-08,-6.222e-10
0,0.04,0,0.15708,0.05236,2.3767e-08,-3.7096e-08,-2.0006e-08,1.2525e-09,5.5728e-08,2.2366e-08,3.5076e-08,1.7056e-08,-1.0099e-09
0.04,0.04,0,0.15708,0.05236,2.6972e-08,-3.2432e-08,-2.5307e-08,2.0653e-09,6.0829e-08,2.0072e-08,3.0753e-08,2.3367e-08,-1.6023e-09
0,0.08,0,0.15708,0.05236,2.6872e-08,-4.3255e-08,-1.9177e-08,-5.3897e-10,6.1731e-08,1.9424e-08,3.4875e-08,1.8542e-08,1.2637e-09
-0.04,-0.04,0.04,0.15708,0.05236,1.7699e-08,-2.7766e-08,-2.2078e-08,2.7782e-09,4.6437e-08,3.1463e-08,3.2369e-08,8.3325e-09,-1.1889e-08
0,-0.04,0.04,0.15708,0.05236,2.0197e-08,-2.5705e-08,-2.7064e-08,3.8863e-09,5.2165e-08,2.8592e-08,2.9366e-08,1.2331e-08,-1.3748e-08
0.04,-0.04,0.04,0.15708,0.05236,2.3151e-08,-2.3414e-08,-3.2797e-08,6.0562e-09,5.6744e-08,2.4852e-08,2.6646e-08,1.7418e-08,-1.4904e-08
-0.04,0,0.04,0.15708,0.05236,2.0182e-08,-3.2718e-08,-2.0766e-08,-5.7985e-10,5.2258e-08,2.7372e-08,3.1848e-08,9.1155e-09,-7.1344e-09
0,0,0.04,0.15708,0.05236,2.354e-08,-2.999e-08,-2.5785e-08,7.0826e-10,5.9942e-08,2.4822e-08,3.0074e-08,1.3791e-08,-8.1719e-09
0.04,0,0.04,0.15708,0.05236,2.6304e-08,-2.6881e-08,-3.1523e-08,1.4146e-09,6.4728e-08,2.1831e-08,2.6533e-08,1.9426e-08,-9.1409e-09
-0.04,0.04,0.04,0.15708,0.05236,2.2537e-08,-3.9521e-08,-1.9736e-08,-3.2532e-09,5.9619e-08,2.3325e-08,3.2293e-08,1.0486e-08,-3.6454e-09
0,0.04,0.04,0.15708,0.05236,2.682e-08,-3.5272e-08,-2.4117e-08,-3.0398e-09,6.4926e-08,2.1474e-08,3.0217e-08,1.4798e-08,-4.0687e-09
0.04,0.04,0.04,0.15708,0.05236,3.087e-08,-3.1781e-08,-2.8695e-08,-2.2708e-09,7.3902e-08,1.9551e-08,2.6619e-08,2.1337e-08,-4.632e-09
0,0,0.08,0.15708,0.05236,2.5573e-08,-2.8044e-08,-2.8313e-08,-5.7964e-09,6.9201e-08,2.245e-08,2.4984e-08,1.2893e-08,-1.0002e-08
0,0,-0.08,0.05236,0.10472,1.0165e-08,-2.7533e-08,-1.3979e-08,7.3512e-09,4.0449e-08,2.6656e-08,4.6909e-08,1.5744e-08,-2.0746e-09
-0.04,-0.04,-0.04,0.05236,0.10472,1.1717e-08,-2.7601e-08,-1.6304e-08,7.5314e-09,3.8687e-08,3.5315e-08,4.6244e-08,7.068e-09,-1.1092e-08
0,-0.04,-0.04,0.05236,0.10472,1.3038e-08,-2.5395e-08,-1.9362e-08,8.839e-09,4.278e-08,3.1058e-08,4.0456e-08,1.2955e-08,-1.3771e-08
0.04,-0.04,-0.04,0.05236,0.10472,1.3994e-08,-2.3341e-08,-2.2951e-08,9.8775e-09,4.5162e-08,2.7198e-08,3.521e-08,1.9471e-08,-1.4336e-08
-0.04,0,-0.04,0.05236,0.10472,1.3256e-08,-3.2736e-08,-1.5571e-08,3.2557e-09,4.2897e-08,2.965e-08,4.7417e-08,7.9099e-09,-5.7524e-09
0,0,-0.04,0.05236,0.10472,1.4403e-08,-2.9442e-08,-1.8682e-08,4.2118e-09,4.5647e-08,2.6748e-08,4.1872e-08,1.4629e-08,-6.5275e-09
0.04,0,-0.04,0.05236,0.10472,1.6025e-08,-2.7321e-08,-2.2413e-08,5.3925e-09,5.0092e-08,2.3587e-08,3.5898e-08,2.3287e-08,-7.3111e-09
-0.04,0.04,-0.04,0.05236,0.10472,1.5265e-08,-3.8451e-08,-1.4869e-08,6.31e-10,4.5565e-08,2.5529e-08,4.8227e-08,9.121e-09,-1.451e-09
0,0.04,-0.04,0.05236,0.10472,1.6482e-08,-3.523e-08,-1.751e-08,1.1395e-09,4.9693e-08,2.3282e-08,4.1344e-08,1.7488e-08,-2.182e-09
0.04,0.04,-0.04,0.05236,0.10472,1.9182e-08,-3.1332e-08,-2.1068e-08,1.7488e-09,5.4233e-08,2.0795e-08,3.5443e-08,2.6378e-08,-2.6246e-09
0,-0.08,0,0.05236,0.10472,1.4123e-08,-2.2521e-08,-2.4479e-08,1.0203e-08,4.1957e-08,3.5352e-08,3.4021e-08,1.1053e-08,-2.4589e-08
-0.04,-0.04,0,0.05236,0.10472,1.4333e-08,-2.8839e-08,-1.9885e-08,3.0578e-09,4.3199e-08,3.4206e-08,3.882e-08,8.178e-09,-1.4269e-08
0,-0.04,0,0.05236,0.10472,1.6153e-08,-2.6252e-08,-2.391e-08,4.3512e-09,4.8242e-08,2.9665e-08,3.5521e-08,1.2733e-08,-1.6422e-08
0.04,-0.04,0,0.05236,0.10472,1.8214e-08,-2.4198e-08,-2.9859e-08,5.0884e-09,5.2241e-08,2.6212e-08,3.0808e-08,1.7829e-08,-1.8148e-08
-0.08,0,0,0.05236,0.10472,1.4464e-08,-3.6588e-08,-1.575e-08,-9.2873e-10,4.272e-08,3.2984e-08,4.344e-08,3.8815e-09,-7.0068e-09
-0.04,0,0,0.05236,0.10472,1.6326e-08,-3.3622e-08,-1.935e-08,-5.8331e-10,4.9241e-08,2.9585e-08,4.0733e-08,9.1664e-09,-8.4158e-09
0,0,0,0.05236,0.10472,1.8488e-08,-3.0989e-08,-2.3058e-08,8.6422e-10,5.3437e-08,2.596e-08,3.597e-08,1.5302e-08,-1.006e-08
0.04,0,0,0.05236,0.10472,2.0241e-08,-2.7856e-08,-2.7837e-08,1.5316e-09,5.9649e-08,2.3173e-08,3.1132e-08,2.0564e-08,-1.0959e-08
0.08,0,0,0.05236,0.10472,2.337e-08,-2.536e-08,-3.4804e-08,2.0716e-09,6.2891e-08,2.0475e-08,2.747e-08,2.7026e-08,-1.1728e-08
-0.04,0.04,0,0.05236,0.10472,1.8504e-08,-4.0963e-08,-1.8062e-08,-2.3943e-09,5.1647e-08,2.4959e-08,4.0073e-08,1.0337e-08,-4.5646e-09
0,0.04,0,0.05236,0.10472,2.092e-08,-3.7456e-08,-2.1291e-08,-2.0123e-09,5.8945e-08,2.2624e-08,3.6127e-08,1.6014e-08,-5.5009e-09
0.04,0.04,0,0.05236,0.10472,2.4041e-08,-3.2484e-08,-2.5865e-08,-1.612e-09,6.3944e-08,2.005e-08,3.1748e-08,2.3116e-08,-6.5001e-09
0,0.08,0,0.05236,0.10472,2.4827e-08,-4.3495e-08,-2.009e-08,-3.9327e-09,6.3484e-08,1.9273e-08,3.5046e-08,1.8011e-08,-2.1086e-09
-0.04,-0.04,0.04,0.05236,0.10472,1.6774e-08,-2.8552e-08,-2.2075e-08,-1.8161e-09,4.9275e-08,3.2083e-08,3.175e-08,7.8627e-09,-1.628e-08
0,-0.04,0.04,0.05236,0.10472,1.8297e-08,-2.6141e-08,-2.7633e-08,-7.4529e-10,5.5412e-08,2.8511e-08,2.9231e-08,1.1943e-08,-1.7996e-08
0.04,-0.04,0.04,0.05236,0.10472,2.1087e-08,-2.4497e-08,-3.3433e-08,-8.8119e-11,6.1256e-08,2.5415e-08,2.6867e-08,1.6513e-08,-2.0068e-08
-0.04,0,0.04,0.05236,0.10472,1.9352e-08,-3.3299e-08,-2.1983e-08,-5.0212e-09,5.5184e-08,2.6438e-08,3.2797e-08,8.6973e-09,-1.1141e-08
0,0,0.04,0.05236,0.10472,2.1409e-08,-3.0413e-08,-2.6532e-08,-4.6266e-09,6.2013e-08,2.4836e-08,3.0099e-08,1.3782e-08,-1.238e-08
0.04,0,0.04,0.05236,0.10472,2.5028e-08,-2.8341e-08,-3.193e-08,-4.3646e-09,6.8154e-08,2.195e-08,2.6928e-08,1.8655e-08,-1.3812e-08
-0.04,0.04,0.04,0.05236,0.10472,2.1464e-08,-4.1164e-08,-2.097e-08,-6.5488e-09,6.1111e-08,2.3266e-08,3.326e-08,9.6902e-09,-7.2802e-09
0,0.04,0.04,0.05236,0.10472,2.5316e-08,-3.6888e-08,-2.5258e-08,-6.5699e-09,7.0218e-08,2.1327e-08,3.0201e-08,1.5076e-08,-7.7042e-09
0.04,0.04,0.04,0.05236,0.10472,2.938e-08,-3.3139e-08,-3.0486e-08,-6.3723e-09,7.7245e-08,1.9233e-08,2.7407e-08,2.0541e-08,-8.7766e-09
0,0,0.08,0.05236,0.10472,2.4053e-08,-2.9846e-08,-2.9021e-08,-1.1581e-08,7.216e-08,2.1913e-08,2.5072e-08,1.2393e-08,-1.3974e-08
0,0,-0.08,0.10472,0.10472,1.1567e-08,-2.8446e-08,-1.2699e-08,9.0503e-09,4.0048e-08,2.6034e-08,4.6442e-08,1.6314e-08,2.2999e-09
-0.04,-0.04,-0.04,0.10472,0.10472,1.2387e-08,-2.7672e-08,-1.5806e-08,9.3274e-09,3.7565e-08,3.5089e-08,4.7073e-08,7.1743e-09,-8.3645e-09
0,-0.04,-0.04,0.10472,0.10472,1.3184e-08,-2.5791e-08,-1.8537e-08,1.0727e-08,4.0561e-08,3.0458e-08,4.0536e-08,1.34e-08,-9.4804e-09
0.04,-0.04,-0.04,0.10472,0.10472,1.5307e-08,-2.3764e-08,-2.2906e-08,1.2743e-08,4.4363e-08,2.6637e-08,3.5239e-08,2.0336e-08,-1.1452e-08
-0.04,0,-0.04,0.10472,0.10472,1.3982e-08,-3.309e-08,-1.5333e-08,5.5162e-09,4.1592e-08,3.0459e-08,4.6629e-08,8.4893e-09,-3.0646e-09
0,0,-0.04,0.10472,0.10472,1.5548e-08,-2.9177e-08,-1.796e-08,6.327e-09,4.61e-08,2.6478e-08,4.1981e-08,1.5624e-08,-3.8045e-09
0.04,0,-0.04,0.10472,0.10472,1.7742e-08,-2.7263e-08,-2.1921e-08,7.7986e-09,4.9462e-08,2.3397e-08,3.5311e-08,2.4106e-08,-5.4486e-09
-0.04,0.04,-0.04,0.10472,0.10472,1.579e-08,-3.9252e-08,-1.4196e-08,2.5116e-09,4.5141e-08,2.5488e-08,4.7085e-08,9.36e-09,5.1756e-10
0,0.04,-0.04,0.10472,0.10472,1.7927e-08,-3.4838e-08,-1.7141e-08,3.3682e-09,4.9805e-08,2.2913e-08,4.163e-08,1.8252e-08,2.2995e-11
0.04,0.04,-0.04,0.10472,0.10472,2.0521e-08,-3.1732e-08,-1.9958e-08,3.5644e-09,5.2909e-08,2.0328e-08,3.551e-08,2.64e-08,1.9563e-10
0,-0.08,0,0.10472,0.10472,1.453e-08,-2.2631e-08,-2.4208e-08,1.3257e-08,4.1128e-08,3.4775e-08,3.4357e-08,1.0894e-08,-2.0411e-08
-0.04,-0.04,0,0.10472,0.10472,1.4906e-08,-2.8372e-08,-1.9604e-08,5.3873e-09,4.2957e-08,3.4572e-08,3.9645e-08,7.996e-09,-1.1805e-08
0,-0.04,0,0.10472,0.10472,1.7061e-08,-2.65e-08,-2.3837e-08,7.5883e-09,4.6132e-08,3.0154e-08,3.4967e-08,1.2931e-08,-1.3631e-08
0.04,-0.04,0,0.10472,0.10472,1.8951e-08,-2.3898e-08,-2.8916e-08,9.0614e-09,5.1046e-08,2.6628e-08,3.121e-08,1.8448e-08,-1.4645e-08
-0.08,0,0,0.10472,0.10472,1.4824e-08,-3.6793e-08,-1.5499e-08,2.9021e-10,4.1575e-08,3.2506e-08,4.3958e-08,3.0864e-09,-5.3728e-09
-0.04,0,0,0.10472,0.10472,1.6809e-08,-3.3619e-08,-1.8705e-08,1.5503e-09,4.6802e-08,2.939e-08,3.9605e-08,9.1318e-09,-6.733e-09
0,0,0,0.10472,0.10472,1.9418e-08,-3.0099e-08,-2.2898e-08,3.0817e-09,5.2805e-08,2.5956e-08,3.5416e-08,1.4877e-08,-7.7777e-09
0.04,0,0,0.10472,0.10472,2.1708e-08,-2.7961e-08,-2.7388e-08,3.5611e-09,5.8219e-08,2.2893e-08,3.1457e-08,2.1346e-08,-9.0318e-09
0.08,0,0,0.10472,0.10472,2.5041e-08,-2.5338e-08,-3.3258e-08,4.4999e-09,6.1369e-08,2.0389e-08,2.7582e-08,2.746e-08,-9.2887e-09
-0.04,0.04,0,0.10472,0.10472,1.9386e-08,-4.1424e-08,-1.7774e-08,-8.0851e-10,5.1428e-08,2.4668e-08,3.9767e-08,1.0124e-08,-2.8124e-09
0,0.04,0,0.10472,0.10472,2.1553e-08,-3.6533e-08,-2.1424e-08,-5.1792e-10,5.8461e-08,2.2732e-08,3.4689e-08,1.6633e-08,-3.4288e-09
0.04,0.04,0,0.10472,0.10472,2.5377e-08,-3.3052e-08,-2.5639e-08,6.0933e-10,6.3577e-08,1.9975e-08,3.1268e-08,2.331e-08,-3.9205e-09
0,0.08,0,0.10472,0.10472,2.548e-08,-4.4566e-08,-1.9451e-08,-2.3923e-09,6.175e-08,1.943e-08,3.5227e-08,1.7781e-08,-6.548e-10
-0.04,-0.04,0.04,0.10472,0.10472,1.7424e-08,-2.8023e-08,-2.2026e-08,-2.9312e-10,4.6769e-08,3.2022e-08,3.1797e-08,8.086e-09,-1.3912e-08
0,-0.04,0.04,0.10472,0.10472,1.9832e-08,-2.5862e-08,-2.7581e-08,1.5524e-09,5.354e-08,2.8485e-08,2.9853e-08,1.2412e-08,-1.5964e-08
0.04,-0.04,0.04,0.10472,0.10472,2.1584e-08,-2.4239e-08,-3.3147e-08,2.2332e-09,5.8695e-08,2.5085e-08,2.7142e-08,1.6913e-08,-1.7443e-08
-0.04,0,0.04,0.10472,0.10472,1.9506e-08,-3.3962e-08,-2.1069e-08,-3.295e-09,5.4452e-08,2.7267e-08,3.2634e-08,8.6767e-09,-9.0244e-09
0,0,0.04,0.10472,0.10472,2.2345e-08,-3.0483e-08,-2.5594e-08,-2.2658e-09,6.1849e-08,2.4015e-08,2.967e-08,1.3896e-08,-1.0614e-08
0.04,0,0.04,0.10472,0.10472,2.5345e-08,-2.8112e-08,-3.1956e-08,-1.9303e-09,6.7753e-08,2.1707e-08,2.7492e-08,1.8846e-08,-1.1287e-08
-0.04,0.04,0.04,0.10472,0.10472,2.2189e-08,-4.0184e-08,-2.0405e-08,-4.4635e-09,6.04e-08,2.3588e-08,3.273e-08,9.7616e-09,-5.3929e-09
0,0.04,0.04,0.10472,0.10472,2.5658e-08,-3.6045e-08,-2.4613e-08,-4.2212e-09,6.7626e-08,2.1378e-08,2.9902e-08,1.5093e-08,-6.299e-09
0.04,0.04,0.04,0.10472,0.10472,2.9826e-08,-3.2703e-08,-2.9824e-08,-4.0369e-09,7.519e-08,1.9038e-08,2.6536e-08,2.0778e-08,-6.9315e-09
0,0,0.08,0.10472,0.10472,2.469e-08,-2.9121e-08,-2.8413e-08,-8.1768e-09,6.961e-08,2.2264e-08,2.4898e-08,1.2756e-08,-1.216e-08
0,0,-0.08,0.15708,0.10472,1.2662e-08,-2.8806e-08,-1.2358e-08,1.0724e-08,3.8643e-08,2.5297e-08,4.7501e-08,1.6312e-08,4.2768e-09
-0.04,-0.04,-0.04,0.15708,0.10472,1.2828e-08,-2.7902e-08,-1.5982e-08,1.094e-08,3.7189e-08,3.3984e-08,4.5858e-08,7.1779e-09,-5.0932e-09
0,-0.04,-0.04,0.15708,0.10472,1.4381e-08,-2.5721e-08,-1.8761e-08,1.3779e-08,3.9849e-08,2.9706e-08,4.0504e-08,1.4072e-08,-6.6251e-09
0.04,-0.04,-0.04,0.15708,0.10472,1.6478e-08,-2.3656e-08,-2.2327e-08,1.5648e-08,4.2635e-08,2.5867e-08,3.531e-08,2.0782e-08,-8.4733e-09
-0.04,0,-0.04,0.15708,0.10472,1.4521e-08,-3.3398e-08,-1.4718e-08,6.9168e-09,4.0555e-08,2.9741e-08,4.8004e-08,8.1183e-09,-1.2513e-10
0,0,-0.04,0.15708,0.10472,1.6325e-08,-3.088e-08,-1.7257e-08,8.049e-09,4.4336e-08,2.5963e-08,4.0996e-08,1.5898e-08,-7.3219e-10
0.04,0,-0.04,0.15708,0.10472,1.8686e-08,-2.7203e-08,-2.037e-08,9.5282e-09,4.7847e-08,2.2895e-08,3.588e-08,2.3911e-08,-1.6838e-09
-0.04,0.04,-0.04,0.15708,0.10472,1.6187e-08,-3.9784e-08,-1.3755e-08,4.2169e-09,4.4086e-08,2.5402e-08,4.6902e-08,9.5695e-09,2.4768e-09
0,0.04,-0.04,0.15708,0.10472,1.896e-08,-3.5532e-08,-1.5584e-08,4.663e-09,4.8511e-08,2.2563e-08,4.1262e-08,1.7037e-08,2.739e-09
0.04,0.04,-0.04,0.15708,0.10472,2.1611e-08,-3.2545e-08,-1.9153e-08,5.7387e-09,5.1917e-08,2.0232e-08,3.5447e-08,2.8045e-08,2.2969e-09
0,-0.08,0,0.15708,0.10472,1.5653e-08,-2.2277e-08,-2.445e-08,1.6843e-08,3.9429e-08,3.4042e-08,3.3488e-08,1.1743e-08,-1.8449e-08
-0.04,-0.04,0,0.15708,0.10472,1.5421e-08,-2.825e-08,-1.9031e-08,7.6643e-09,4.1378e-08,3.367e-08,3.8945e-08,7.8598e-09,-8.8217e-09
0,-0.04,0,0.15708,0.10472,1.7373e-08,-2.5959e-08,-2.3203e-08,9.48e-09,4.6267e-08,3.0045e-08,3.4909e-08,1.3543e-08,-1.052e-08
0.04,-0.04,0,0.15708,0.10472,2.0107e-08,-2.3868e-08,-2.8548e-08,1.2099e-08,4.85e-08,2.5641e-08,3.0839e-08,1.9062e-08,-1.2274e-08
-0.08,0,0,0.15708,0.10472,1.5012e-08,-3.67e-08,-1.5319e-08,2.5026e-09,4.0727e-08,3.3243e-08,4.3956e-08,3.6976e-09,-3.2142e-09
-0.04,0,0,0.15708,0.10472,1.7467e-08,-3.3129e-08,-1.7929e-08,3.6296e-09,4.6772e-08,2.9268e-08,3.9623e-08,8.7934e-09,-4.5771e-09
0,0,0,0.15708,0.10472,2.0606e-08,-3.0502e-08,-2.1016e-08,4.6306e-09,5.1711e-08,2.5837e-08,3.5293e-08,1.5002e-08,-5.3512e-09
0.04,0,0,0.15708,0.10472,2.3127e-08,-2.7829e-08,-2.6891e-08,6.3229e-09,5.5405e-08,2.2499e-08,3.1905e-08,2.1658e-08,-5.489e-09
0.08,0,0,0.15708,0.10472,2.5956e-08,-2.5204e-08,-3.2655e-08,6.5584e-09,5.9394e-08,2.0164e-08,2.7181e-08,2.7732e-08,-6.3921e-09
-0.04,0.04,0,0.15708,0.10472,1.9853e-08,-4.057e-08,-1.6765e-08,1.0278e-09,5.086e-08,2.5167e-08,3.8718e-08,1.0478e-08,-1.2353e-09
0,0.04,0,0.15708,0.10472,2.2878e-08,-3.6471e-08,-1.993e-08,1.7391e-09,5.609e-08,2.2106e-08,3.5568e-08,1.6345e-08,-1.6395e-09
0.04,0.04,0,0.15708,0.10472,2.7148e-08,-3.1934e-08,-2.4589e-08,1.9791e-09,6.149e-08,2.0086e-08,3.0664e-08,2.4109e-08,-1.9369e-09
0,0.08,0,0.15708,0.10472,2.6152e-08,-4.3428e-08,-1.9308e-08,-7.2716e-10,6.1933e-08,1.9249e-08,3.4435e-08,1.7406e-08,1.2806e-09
-0.04,-0.04,0.04,0.15708,0.10472,1.7306e-08,-2.8325e-08,-2.187e-08,2.8235e-09,4.688e-08,3.223e-08,3.1729e-08,8.2578e-09,-1.1944e-08
0,-0.04,0.04,0.15708,0.10472,2.0044e-08,-2.5595e-08,-2.6987e-08,4.4273e-09,5.1725e-08,2.8255e-08,2.9603e-08,1.2462e-08,-1.3367e-08
0.04,-0.04,0.04,0.15708,0.10472,2.255e-08,-2.3532e-08,-3.314e-08,5.9395e-09,5.7376e-08,2.5287e-08,2.6719e-08,1.6771e-08,-1.4591e-08
-0.04,0,0.04,0.15708,0.10472,2.0231e-08,-3.3356e-08,-2.075e-08,-7.1804e-10,5.2941e-08,2.8037e-08,3.2385e-08,8.8887e-09,-7.1899e-09
0,0,0.04,0.15708,0.10472,2.2652e-08,-3.0483e-08,-2.5125e-08,3.9186e-11,5.9424e-08,2.4577e-08,2.9739e-08,1.4333e-08,-8.009e-09
0.04,0,0.04,0.15708,0.10472,2.6624e-08,-2.7225e-08,-3.1024e-08,1.6472e-10,6.5263e-08,2.1956e-08,2.6901e-08,1.9495e-08,-9.0365e-09
-0.04,0.04,0.04,0.15708,0.10472,2.2534e-08,-3.9721e-08,-1.9484e-08,-3.1892e-09,5.878e-08,2.3479e-08,3.2257e-08,9.9346e-09,-3.5135e-09
0,0.04,0.04,0.15708,0.10472,2.6155e-08,-3.5251e-08,-2.3462e-08,-2.9226e-09,6.5306e-08,2.1521e-08,3.0393e-08,1.5126e-08,-4.6968e-09
0.04,0.04,0.04,0.15708,0.10472,3.0969e-08,-3.1962e-08,-2.8885e-08,-2.193e-09,7.4022e-08,1.8936e-08,2.6922e-08,2.0528e-08,-4.4972e-09
0,0,0.08,0.15708,0.10472,2.4694e-08,-2.8044e-08,-2.7472e-08,-5.8503e-09,6.9089e-08,2.211e-08,2.4756e-08,1.2828e-08,-9.7264e-09
0,0,-0.08,0.05236,0.15708,1.0184e-08,-2.7927e-08,-1.3528e-08,7.2037e-09,3.9877e-08,2.6624e-08,4.6364e-08,1.5719e-08,-1.5666e-09
-0.04,-0.04,-0.04,0.05236,0.15708,1.1654e-08,-2.7593e-08,-1.6078e-08,7.2108e-09,3.8359e-08,3.514e-08,4.6134e-08,7.0412e-09,-1.0746e-08
0,-0.04,-0.04,0.05236,0.15708,1.2749e-08,-2.525e-08,-1.931e-08,9.111e-09,4.2294e-08,3.0534e-08,4.0168e-08,1.3128e-08,-1.3135e-08
0.04,-0.04,-0.04,0.05236,0.15708,1.3865e-08,-2.3426e-08,-2.3191e-08,1.0292e-08,4.4765e-08,2.7145e-08,3.4956e-08,1.9666e-08,-1.5112e-08
-0.04,0,-0.04,0.05236,0.15708,1.2876e-08,-3.3024e-08,-1.5586e-08,3.5152e-09,4.2407e-08,2.9583e-08,4.799e-08,8.5802e-09,-5.3623e-09
0,0,-0.04,0.05236,0.15708,1.4797e-08,-2.9734e-08,-1.8828e-08,4.2674e-09,4.6364e-08,2.7068e-08,4.1084e-08,1.5015e-08,-6.7946e-09
0.04,0,-0.04,0.05236,0.15708,1.6246e-08,-2.7264e-08,-2.2876e-08,5.82e-09,5.0348e-08,2.3668e-08,3.5425e-08,2.3508e-08,-7.8381e-09
-0.04,0.04,-0.04,0.05236,0.15708,1.5322e-08,-3.8719e-08,-1.4754e-08,7.9406e-10,4.5376e-08,2.5755e-08,4.8331e-08,9.686e-09,-2.1146e-09
0,0.04,-0.04,0.05236,0.15708,1.694e-08,-3.5545e-08,-1.7248e-08,1.0562e-09,5.0295e-08,2.302e-08,4.1211e-08,1.7851e-08,-2.1547e-09
0.04,0.04,-0.04,0.05236,0.15708,1.8107e-08,-3.1952e-08,-2.0605e-08,2.1935e-09,5.4931e-08,2.0756e-08,3.6139e-08,2.6279e-08,-2.3056e-09
0,-0.08,0,0.05236,0.15708,1.4095e-08,-2.2533e-08,-2.4632e-08,1.0045e-08,4.2093e-08,3.5524e-08,3.34e-08,1.0793e-08,-2.4722e-08
-0.04,-0.04,0,0.05236,0.15708,1.4525e-08,-2.8562e-08,-1.9204e-08,2.7083e-09,4.3248e-08,3.4401e-08,3.9056e-08,7.5473e-09,-1.397e-08
0,-0.04,0,0.05236,0.15708,1.6048e-08,-2.63e-08,-2.3906e-08,5.0481e-09,4.8459e-08,3.0385e-08,3.4818e-08,1.2724e-08,-1.7122e-08
0.04,-0.04,0,0.05236,0.15708,1.7613e-08,-2.4261e-08,-2.9445e-08,6.3587e-09,5.2767e-08,2.6074e-08,3.0615e-08,1.7312e-08,-1.7828e-08
-0.08,0,0,0.05236,0.15708,1.4194e-08,-3.6616e-08,-1.5686e-08,-1.4398e-09,4.3209e-08,3.2143e-08,4.4776e-08,4.0393e-09,-7.1189e-09
-0.04,0,0,0.05236,0.15708,1.6163e-08,-3.4181e-08,-1.9387e-08,-8.5769e-11,4.9024e-08,2.8904e-08,4.0295e-08,8.9781e-09,-8.9941e-09
0,0,0,0.05236,0.15708,1.8854e-08,-3.0537e-08,-2.2694e-08,1.0938e-11,5.3577e-08,2.621e-08,3.5327e-08,1.501e-08,-1.0408e-08
0.04,0,0,0.05236,0.15708,2.0918e-08,-2.8192e-08,-2.7883e-08,1.4538e-09,5.8901e-08,2.3075e-08,3.1339e-08,2.0598e-08,-1.1106e-08
0.08,0,0,0.05236,0.15708,2.3536e-08,-2.5274e-08,-3.4849e-08,1.5377e-09,6.179e-08,2.0539e-08,2.7877e-08,2.6934e-08,-1.1649e-08
-0.04,0.04,0,0.05236,0.15708,1.864e-08,-4.0341e-08,-1.8017e-08,-2.2505e-09,5.3301e-08,2.5022e-08,4.0054e-08,9.3715e-09,-4.6126e-09
0,0.04,0,0.05236,0.15708,2.1288e-08,-3.7348e-08,-2.1625e-08,-1.9255e-09,5.9086e-08,2.2278e-08,3.6259e-08,1.6786e-08,-5.5498e-09
0.04,0.04,0,0.05236,0.15708,2.4386e-08,-3.356e-08,-2.657e-08,-1.7044e-09,6.4202e-08,2.0037e-08,3.189e-08,2.3236e-08,-6.4078e-09
0,0.08,0,0.05236,0.15708,2.4918e-08,-4.4109e-08,-2.0512e-08,-4.3886e-09,6.1593e-08,1.9702e-08,3.5248e-08,1.7918e-08,-2.3329e-09
-0.04,-0.04,0.04,0.05236,0.15708,1.6681e-08,-2.8134e-08,-2.2412e-08,-2.0527e-09,4.9179e-08,3.1936e-08,3.2554e-08,8.0061e-09,-1.5965e-08
0,-0.04,0.04,0.05236,0.15708,1.9231e-08,-2.5825e-08,-2.7365e-08,-1.0817e-09,5.5586e-08,2.852e-08,2.9434e-08,1.1765e-08,-1.8881e-08
0.04,-0.04,0.04,0.05236,0.15708,2.1439e-08,-2.4075e-08,-3.4032e-08,1.2963e-10,6.1468e-08,2.5391e-08,2.6912e-08,1.6643e-08,-1.9733e-08
-0.04,0,0.04,0.05236,0.15708,1.8945e-08,-3.3409e-08,-2.1714e-08,-4.8958e-09,5.5619e-08,2.694e-08,3.2883e-08,8.7606e-09,-1.0697e-08
0,0,0.04,0.05236,0.15708,2.1371e-08,-3.0903e-08,-2.69e-08,-4.6537e-09,6.2476e-08,2.4408e-08,3.0397e-08,1.3733e-08,-1.2771e-08
0.04,0,0.04,0.05236,0.15708,2.4587e-08,-2.8293e-08,-3.1978e-08,-4.3708e-09,6.8832e-08,2.2026e-08,2.6948e-08,1.8434e-08,-1.3723e-08
-0.04,0.04,0.04,0.05236,0.15708,2.1952e-08,-4.0608e-08,-2.0477e-08,-6.7184e-09,6.0198e-08,2.3038e-08,3.2856e-08,9.965e-09,-7.2497e-09
0,0.04,0.04,0.05236,0.15708,2.4925e-08,-3.6783e-08,-2.4911e-08,-7.011e-09,6.8199e-08,2.1072e-08,2.9837e-08,1.5598e-08,-8.105e-09
0.04,0.04,0.04,0.05236,0.15708,2.862e-08,-3.3115e-08,-3.0061e-08,-6.8127e-09,7.7306e-08,1.8836e-08,2.6909e-08,2.0776e-08,-8.7796e-09
0,0,0.08,0.05236,0.15708,2.3744e-08,-2.9837e-08,-2.8558e-08,-1.0784e-08,7.2627e-08,2.2037e-08,2.5181e-08,1.2735e-08,-1.3469e-08
0,0,-0.08,0.10472,0.15708,1.1183e-08,-2.8225e-08,-1.225e-08,9.1462e-09,3.9337e-08,2.5741e-08,4.6428e-08,1.5922e-08,1.4209e-09
-0.04,-0.04,-0.04,0.10472,0.15708,1.2148e-08,-2.7593e-08,-1.5987e-08,9.067e-09,3.7928e-08,3.5099e-08,4.599e-08,6.9487e-09,-7.8263e-09
0,-0.04,-0.04,0.10472,0.15708,1.3262e-08,-2.5672e-08,-1.8504e-08,1.1061e-08,4.1406e-08,3.002e-08,4.0865e-08,1.352e-08,-8.994e-09
0.04,-0.04,-0.04,0.10472,0.15708,1.5073e-08,-2.3362e-08,-2.2836e-08,1.2316e-08,4.4513e-08,2.6462e-08,3.4607e-08,2.0065e-08,-1.1556e-08
-0.04,0,-0.04,0.10472,0.15708,1.3875e-08,-3.263e-08,-1.53e-08,5.7987e-09,4.1215e-08,2.9349e-08,4.7223e-08,8.3481e-09,-2.5303e-09
0,0,-0.04,0.10472,0.15708,1.5632e-08,-3.021e-08,-1.7789e-08,6.3393e-09,4.5668e-08,2.6704e-08,4.0453e-08,1.438e-08,-3.1641e-09
0.04,0,-0.04,0.10472,0.15708,1.7626e-08,-2.7459e-08,-2.138e-08,7.5025e-09,4.8791e-08,2.3314e-08,3.5711e-08,2.3076e-08,-4.8938e-09
-0.04,0.04,-0.04,0.10472,0.15708,1.572e-08,-3.9034e-08,-1.4136e-08,2.2002e-09,4.4038e-08,2.5428e-08,4.8086e-08,8.8609e-09,7.407e-10
0,0.04,-0.04,0.10472,0.15708,1.7651e-08,-3.5928e-08,-1.6565e-08,3.2543e-09,4.9775e-08,2.2807e-08,4.1319e-08,1.7433e-08,3.0273e-10
0.04,0.04,-0.04,0.10472,0.15708,1.9056e-08,-3.1661e-08,-2.0118e-08,3.6458e-09,5.3402e-08,2.0024e-08,3.5982e-08,2.5967e-08,-3.8934e-10
0,-0.08,0,0.10472,0.15708,1.4528e-08,-2.2452e-08,-2.3809e-08,1.3771e-08,4.0533e-08,3.4542e-08,3.3578e-08,1.1363e-08,-2.1429e-08
-0.04,-0.04,0,0.10472,0.15708,1.4935e-08,-2.8285e-08,-1.8988e-08,5.8139e-09,4.2511e-08,3.4107e-08,3.9579e-08,7.64e-09,-1.1642e-08
0,-0.04,0,0.10472,0.15708,1.6968e-08,-2.6424e-08,-2.2983e-08,7.8768e-09,4.7223e-08,2.9687e-08,3.4432e-08,1.2867e-08,-1.3093e-08
0.04,-0.04,0,0.10472,0.15708,1.8913e-08,-2.3937e-08,-2.8346e-08,8.4736e-09,5.1258e-08,2.5969e-08,3.1092e-08,1.8576e-08,-1.5405e-08
-0.08,0,0,0.10472,0.15708,1.4673e-08,-3.7244e-08,-1.5447e-08,7.3062e-10,4.2089e-08,3.2531e-08,4.3513e-08,3.5909e-09,-4.7891e-09
-0.04,0,0,0.10472,0.15708,1.6413e-08,-3.403e-08,-1.8279e-08,1.7911e-09,4.7353e-08,2.9136e-08,3.9286e-08,8.5316e-09,-6.2733e-09
0,0,0,0.10472,0.15708,1.9067e-08,-3.0947e-08,-2.2029e-08,2.472e-09,5.2308e-08,2.5741e-08,3.5599e-08,1.4488e-08,-8.1643e-09
0.04,0,0,0.10472,0.15708,2.1715e-08,-2.828e-08,-2.6723e-08,3.9966e-09,5.7506e-08,2.3086e-08,3.0817e-08,2.1663e-08,-8.0799e-09
0.08,0,0,0.10472,0.15708,2.4664e-08,-2.5372e-08,-3.2658e-08,4.2349e-09,5.9957e-08,2.0367e-08,2.7664e-08,2.7025e-08,-9.3698e-09
-0.04,0.04,0,0.10472,0.15708,1.9067e-08,-4.1741e-08,-1.7473e-08,-1.1079e-09,5.0692e-08,2.5047e-08,3.9202e-08,9.8013e-09,-2.392e-09
0,0.04,0,0.10472,0.15708,2.1871e-08,-3.7219e-08,-2.0968e-08,-5.834e-10,5.7884e-08,2.233e-08,3.5557e-08,1.6216e-08,-3.7103e-09
0.04,0.04,0,0.10472,0.15708,2.5027e-08,-3.3251e-08,-2.4979e-08,5.9775e-10,6.3136e-08,1.9876e-08,3.1403e-08,2.3935e-08,-3.8983e-09
0,0.08,0,0.10472,0.15708,2.5281e-08,-4.3802e-08,-1.9575e-08,-2.1944e-09,6.273e-08,1.9425e-08,3.5384e-08,1.7227e-08,-1.0929e-10
-0.04,-0.04,0.04,0.10472,0.15708,1.7224e-08,-2.8744e-08,-2.2097e-08,1.9352e-10,4.8021e-08,3.2343e-08,3.1723e-08,7.9621e-09,-1.3847e-08
0,-0.04,0.04,0.10472,0.15708,1.9068e-08,-2.6272e-08,-2.6802e-08,1.795e-09,5.4753e-08,2.8148e-08,2.9285e-08,1.2119e-08,-1.5945e-08
0.04,-0.04,0.04,0.10472,0.15708,2.2225e-08,-2.3603e-08,-3.2603e-08,3.0532e-09,5.9339e-08,2.512e-08,2.6457e-08,1.6639e-08,-1.6546e-08
-0.04,0,0.04,0.10472,0.15708,1.9302e-08,-3.3496e-08,-2.1365e-08,-2.3343e-09,5.4551e-08,2.7088e-08,3.2825e-08,9.2348e-09,-9.3321e-09
0,0,0.04,0.10472,0.15708,2.2155e-08,-3.1349e-08,-2.5619e-08,-2.0846e-09,6.0957e-08,2.4253e-08,2.9773e-08,1.3917e-08,-1.028e-08
0.04,0,0.04,0.10472,0.15708,2.5442e-08,-2.7587e-08,-3.1641e-08,-8.5513e-10,6.7533e-08,2.1651e-08,2.7369e-08,1.9211e-08,-1.1154e-08
-0.04,0.04,0.04,0.10472,0.15708,2.1866e-08,-3.9209e-08,-2.0118e-08,-5.0261e-09,6.1049e-08,2.3051e-08,3.3328e-08,9.7634e-09,-5.2346e-09
0,0.04,0.04,0.10472,0.15708,2.5901e-08,-3.6668e-08,-2.4006e-08,-4.9878e-09,6.8386e-08,2.1035e-08,2.9751e-08,1.4993e-08,-6.4736e-09
0.04,0.04,0.04,0.10472,0.15708,2.9228e-08,-3.3102e-08,-2.9451e-08,-4.4039e-09,7.467e-08,1.8971e-08,2.7363e-08,2.0845e-08,-6.8164e-09
0,0,0.08,0.10472,0.15708,2.4295e-08,-2.9021e-08,-2.8146e-08,-8.3909e-09,7.1687e-08,2.2056e-08,2.4628e-08,1.2632e-08,-1.1903e-08
0,0,-0.08,0.15708,0.15708,1.2322e-08,-2.9015e-08,-1.2201e-08,1.059e-08,3.9197e-08,2.5036e-08,4.6906e-08,1.6316e-08,4.2181e-09
-0.04,-0.04,-0.04,0.15708,0.15708,1.2917e-08,-2.8085e-08,-1.5541e-08,1.1681e-08,3.6316e-08,3.4391e-08,4.6718e-08,7.1174e-09,-4.6616e-09
0,-0.04,-0.04,0.15708,0.15708,1.4277e-08,-2.6182e-08,-1.8452e-08,1.2971e-08,4.0072e-08,3.0117e-08,4.028e-08,1.3723e-08,-6.5765e-09
0.04,-0.04,-0.04,0.15708,0.15708,1.6084e-08,-2.3769e-08,-2.2006e-08,1.4813e-08,4.2454e-08,2.6023e-08,3.4889e-08,1.9909e-08,-7.6851e-09
-0.04,0,-0.04,0.15708,0.15708,1.4349e-08,-3.3408e-08,-1.4544e-08,7.1317e-09,4.0372e-08,2.9847e-08,4.8114e-08,7.9556e-09,-4.7216e-10
0,0,-0.04,0.15708,0.15708,1.6179e-08,-3.0437e-08,-1.6765e-08,8.823e-09,4.4454e-08,2.5833e-08,4.0785e-08,1.674e-08,-7.075e-10
0.04,0,-0.04,0.15708,0.15708,1.8305e-08,-2.7204e-08,-2.0613e-08,9.7817e-09,4.7891e-08,2.2529e-08,3.5044e-08,2.3126e-08,-1.5165e-09
-0.04,0.04,-0.04,0.15708,0.15708,1.5974e-08,-3.9425e-08,-1.3686e-08,3.7019e-09,4.4985e-08,2.5343e-08,4.7387e-08,8.4646e-09,2.783e-09
0,0.04,-0.04,0.15708,0.15708,1.8269e-08,-3.5963e-08,-1.5834e-08,4.9657e-09,4.8786e-08,2.2351e-08,4.1267e-08,1.7345e-08,2.6185e-09
0.04,0.04,-0.04,0.15708,0.15708,2.0703e-08,-3.1944e-08,-1.9007e-08,5.4104e-09,5.2473e-08,2.0093e-08,3.598e-08,2.6788e-08,2.1431e-09
0,-0.08,0,0.15708,0.15708,1.5211e-08,-2.2112e-08,-2.3376e-08,1.6545e-08,3.9766e-08,3.4243e-08,3.3163e-08,1.1646e-08,-1.815e-08
-0.04,-0.04,0,0.15708,0.15708,1.5246e-08,-2.8647e-08,-1.8826e-08,7.538e-09,4.097e-08,3.4486e-08,3.8537e-08,7.5893e-09,-9.022e-09
0,-0.04,0,0.15708,0.15708,1.7241e-08,-2.5947e-08,-2.3128e-08,9.861e-09,4.562e-08,2.9984e-08,3.3837e-08,1.3401e-08,-1.0683e-08
0.04,-0.04,0,0.15708,0.15708,1.9322e-08,-2.4319e-08,-2.7666e-08,1.1287e-08,5.0158e-08,2.5709e-08,3.0818e-08,1.8546e-08,-1.1673e-08
-0.08,0,0,0.15708,0.15708,1.4839e-08,-3.7778e-08,-1.5103e-08,2.3699e-09,4.1363e-08,3.2338e-08,4.4039e-08,3.4936e-09,-3.1293e-09
-0.04,0,0,0.15708,0.15708,1.7183e-08,-3.396e-08,-1.7527e-08,3.695e-09,4.6393e-08,2.8562e-08,4.006e-08,8.6751e-09,-3.7659e-09
0,0,0,0.15708,0.15708,2.008e-08,-3.0686e-08,-2.1293e-08,5.0416e-09,5.2003e-08,2.5593e-08,3.52e-08,1.5463e-08,-5.3409e-09
0.04,0,0,0.15708,0.15708,2.2736e-08,-2.7979e-08,-2.6029e-08,6.0168e-09,5.6396e-08,2.282e-08,3.12e-08,2.1028e-08,-6.5354e-09
0.08,0,0,0.15708,0.15708,2.5646e-08,-2.5239e-08,-3.2264e-08,6.6424e-09,5.8402e-08,1.989e-08,2.7399e-08,2.7571e-08,-6.8476e-09
-0.04,0.04,0,0.15708,0.15708,1.937e-08,-4.0258e-08,-1.6472e-08,1.0781e-09,5.1485e-08,2.4999e-08,3.9244e-08,9.491e-09,-6.9078e-10
0,0.04,0,0.15708,0.15708,2.2478e-08,-3.6561e-08,-2.0781e-08,1.6728e-09,5.7665e-08,2.2142e-08,3.5263e-08,1.6192e-08,-1.1226e-09
0.04,0.04,0,0.15708,0.15708,2.6715e-08,-3.2958e-08,-2.4364e-08,1.9532e-09,6.1308e-08,1.9899e-08,3.1139e-08,2.3681e-08,-1.9077e-09
0,0.08,0,0.15708,0.15708,2.5358e-08,-4.3356e-08,-1.8156e-08,-9.1135e-10,6.1466e-08,1.9112e-08,3.4527e-08,1.7911e-08,1.2618e-09
-0.04,-0.04,0.04,0.15708,0.15708,1.7291e-08,-2.7518e-08,-2.1477e-08,2.9953e-09,4.6427e-08,3.1593e-08,3.1911e-08,7.9466e-09,-1.154e-08
0,-0.04,0.04,0.15708,0.15708,1.9769e-08,-2.5584e-08,-2.6183e-08,3.596e-09,5.2402e-08,2.7861e-08,2.9434e-08,1.2681e-08,-1.3825e-08
0.04,-0.04,0.04,0.15708,0.15708,2.2328e-08,-2.3599e-08,-3.2153e-08,5.1945e-09,5.7886e-08,2.4344e-08,2.7039e-08,1.6747e-08,-1.4737e-08
-0.04,0,0.04,0.15708,0.15708,1.9425e-08,-3.3974e-08,-2.0236e-08,-7.9459e-10,5.2808e-08,2.7318e-08,3.2239e-08,8.4854e-09,-6.8397e-09
0,0,0.04,0.15708,0.15708,2.2426e-08,-3.0407e-08,-2.5026e-08,3.3541e-10,5.8876e-08,2.4247e-08,2.9702e-08,1.357e-08,-7.8873e-09
0.04,0,0.04,0.15708,0.15708,2.6077e-08,-2.7693e-08,-3.1438e-08,9.684e-10,6.4939e-08,2.1626e-08,2.6702e-08,1.8797e-08,-8.7288e-09
-0.04,0.04,0.04,0.15708,0.15708,2.2405e-08,-4.0299e-08,-1.9254e-08,-2.6916e-09,5.8973e-08,2.3514e-08,3.2481e-08,9.9343e-09,-3.3433e-09
0,0.04,0.04,0.15708,0.15708,2.5978e-08,-3.5907e-08,-2.3051e-08,-2.644e-09,6.4746e-08,2.1077e-08,2.9847e-08,1.4921e-08,-4.2767e-09
0.04,0.04,0.04,0.15708,0.15708,2.9824e-08,-3.2165e-08,-2.8798e-08,-1.9766e-09,7.4215e-08,1.8989e-08,2.6925e-08,2.0287e-08,-4.7527e-09
0,0,0.08,0.15708,0.15708,2.4963e-08,-2.8311e-08,-2.7356e-08,-5.8374e-09,6.9743e-08,2.2481e-08,2.4557e-08,1.3014e-08,-1.0192e-08
