0,0,-0.08,0.05236,0.05236,1.2076e-08,-2.8398e-08,-1.2179e-08,8.619e-09,3.9578e-08,2.9711e-08,4.9138e-08,1.4911e-08,-3.4129e-09
-0.04,-0.04,-0.04,0.05236,0.05236,1.2809e-08,-2.7134e-08,-1.642e-08,6.9414e-09,3.5611e-08,3.5587e-08,4.6062e-08,8.3612e-09,-8.4446e-09
0,-0.04,-0.04,0.05236,0.05236,1.3973e-08,-2.503e-08,-1.8986e-08,1.0009e-08,4.169e-08,3.0719e-08,3.8303e-08,1.3332e-08,-1.0593e-08
0.04,-0.04,-0.04,0.05236,0.05236,1.4534e-08,-2.2615e-08,-2.1533e-08,8.53e-09,4.2717e-08,2.7832e-08,3.6155e-08,1.7477e-08,-1.107e-08
-0.04,0,-0.04,0.05236,0.05236,1.4987e-08,-3.3156e-08,-1.6259e-08,4.0331e-09,4.1876e-08,2.8962e-08,4.7666e-08,5.412e-09,-2.6803e-09
0,0,-0.04,0.05236,0.05236,1.4657e-08,-2.6733e-08,-1.9146e-08,4.7801e-09,4.3273e-08,2.7025e-08,4.1345e-08,1.4452e-08,-5.1796e-09
0.04,0,-0.04,0.05236,0.05236,1.4576e-08,-2.751e-08,-2.4871e-08,4.8243e-09,5.3475e-08,2.449e-08,3.4605e-08,2.2109e-08,-8.1108e-09
-0.04,0.04,-0.04,0.05236,0.05236,1.5868e-08,-3.7711e-08,-1.5509e-08,1.8904e-09,4.4513e-08,2.7668e-08,4.9199e-08,1.0485e-08,1.4773e-09
0,0.04,-0.04,0.05236,0.05236,1.9395e-08,-3.1865e-08,-1.7683e-08,2.6608e-09,4.8033e-08,2.2858e-08,4.2227e-08,1.8149e-08,-2.2036e-09
0.04,0.04,-0.04,0.05236,0.05236,1.5486e-08,-3.042e-08,-2.0095e-08,3.7333e-09,5.552e-08,1.9477e-08,3.7998e-08,3.0622e-08,-1.7692e-09
0,-0.08,0,0.05236,0.05236,1.4495e-08,-2.2071e-08,-2.4954e-08,9.2566e-09,4.1066e-08,3.784e-08,3.1664e-08,1.2969e-08,-2.8228e-08
-0.04,-0.04,0,0.05236,0.05236,1.3629e-08,-2.6357e-08,-2.0119e-08,7.3044e-10,4.4446e-08,3.551e-08,3.7567e-08,8.005e-09,-1.3384e-08
0,-0.04,0,0.05236,0.05236,1.5482e-08,-2.5759e-08,-2.3818e-08,5.6428e-09,4.8506e-08,3.054e-08,3.0648e-08,1.2209e-08,-1.508e-08
0.04,-0.04,0,0.05236,0.05236,1.5828e-08,-2.2497e-08,-3.1006e-08,8.2087e-09,4.9397e-08,2.6633e-08,3.0629e-08,1.5924e-08,-2.1186e-08
-0.08,0,0,0.05236,0.05236,1.4204e-08,-3.7311e-08,-1.5001e-08,-1.5826e-09,4.0308e-08,3.4499e-08,4.7097e-08,5.2436e-09,-8.2304e-09
-0.04,0,0,0.05236,0.05236,1.663e-08,-3.351e-08,-1.9929e-08,9.4264e-10,5.1909e-08,2.9277e-08,4.2525e-08,1.0054e-08,-6.9349e-09
0,0,0,0.05236,0.05236,1.8351e-08,-3.1444e-08,-2.171e-08,-1.562e-09,5.5255e-08,2.6012e-08,3.3194e-08,1.3798e-08,-7.9401e-09
0.04,0,0,0.05236,0.05236,2.2326e-08,-2.6415e-08,-2.6416e-08,1.961e-09,5.9574e-08,2.3753e-08,3.1982e-08,2.3599e-08,-9.6104e-09
0.08,0,0,0.05236,0.05236,2.5232e-08,-2.2434e-08,-3.6231e-08,4.1793e-09,6.3801e-08,2.074e-08,2.8136e-08,2.9197e-08,-1.2502e-08
-0.04,0.04,0,0.05236,0.05236,1.9821e-08,-4.2109e-08,-1.8665e-08,-2.9259e-09,5.1067e-08,2.4268e-08,4.0616e-08,9.7058e-09,-2.9767e-09
0,0.04,0,0.05236,0.05236,2.1072e-08,-3.5172e-08,-1.9663e-08,-4.9492e-10,6.1233e-08,2.3108e-08,3.53e-08,1.9523e-08,-4.435e-09
0.04,0.04,0,0.05236,0.05236,2.7774e-08,-3.2824e-08,-2.7556e-08,-6.9314e-11,6.4914e-08,2.0643e-08,3.3209e-08,2.232e-08,-6.6538e-09
0,0.08,0,0.05236,0.05236,2.7311e-08,-4.3674e-08,-2.0474e-08,-5.2112e-09,6.2403e-08,1.9883e-08,3.4078e-08,1.78e-08,-3.4119e-09
-0.04,-0.04,0.04,0.05236,0.05236,1.6439e-08,-3.0706e-08,-2.1688e-08,-2.1205e-09,4.918e-08,3.1554e-08,3.5676e-08,8.9123e-09,-1.6518e-08
0,-0.04,0.04,0.05236,0.05236,1.8938e-08,-2.6038e-08,-2.5976e-08,-4.0415e-09,5.0731e-08,3.187e-08,3.2051e-08,1.1082e-08,-2.1305e-08
0.04,-0.04,0.04,0.05236,0.05236,2.067e-08,-2.4238e-08,-3.3435e-08,-1.2449e-09,5.2082e-08,2.5954e-08,2.759e-08,1.6973e-08,-1.7884e-08
-0.04,0,0.04,0.05236,0.05236,2.0535e-08,-3.2494e-08,-2.2348e-08,-5.7245e-09,5.8797e-08,2.816e-08,3.2624e-08,1.0715e-08,-9.5924e-09
0,0,0.04,0.05236,0.05236,2.2073e-08,-3.209e-08,-2.8174e-08,-6.115e-09,5.9888e-08,2.4392e-08,2.999e-08,1.14e-08,-1.3947e-08
0.04,0,0.04,0.05236,0.05236,2.256e-08,-2.8955e-08,-3.2669e-08,-4.2018e-09,6.9444e-08,2.2365e-08,3.0872e-08,1.9109e-08,-1.3787e-08
-0.04,0.04,0.04,0.05236,0.05236,2.034e-08,-4.1992e-08,-1.9678e-08,-8.0405e-09,6.3713e-08,2.3657e-08,3.4321e-08,1.0526e-08,-6.852e-09
0,0.04,0.04,0.05236,0.05236,2.9091e-08,-3.9592e-08,-2.2937e-08,-9.5509e-09,7.0835e-08,2.1485e-08,2.9059e-08,1.479e-08,-7.0173e-09
0.04,0.04,0.04,0.05236,0.05236,2.6871e-08,-3.2761e-08,-3.1736e-08,-7.7374e-09,7.1586e-08,1.8196e-08,2.6969e-08,2.157e-08,-8.6495e-09
0,0,0.08,0.05236,0.05236,2.4234e-08,-2.9107e-08,-2.9455e-08,-1.03e-08,7.2093e-08,2.1813e-08,2.4643e-08,1.2733e-08,-1.2809e-08
0,0,-0.08,0.10472,0.05236,1.0932e-08,-2.5277e-08,-1.0739e-08,8.2595e-09,3.8158e-08,2.4984e-08,4.4865e-08,1.7977e-08,-1.3923e-09
-0.04,-0.04,-0.04,0.10472,0.05236,1.1764e-08,-2.8303e-08,-1.6849e-08,7.2085e-09,4.2347e-08,3.4152e-08,4.5263e-08,6.5269e-09,-7.5495e-09
0,-0.04,-0.04,0.10472,0.05236,1.3147e-08,-2.5299e-08,-1.7293e-08,7.7388e-09,4.0659e-08,3.2028e-08,4.1555e-08,1.3746e-08,-1.3242e-08
0.04,-0.04,-0.04,0.10472,0.05236,1.4297e-08,-2.5178e-08,-2.468e-08,1.2425e-08,4.4582e-08,2.7681e-08,3.3369e-08,1.8535e-08,-1.1494e-08
-0.04,0,-0.04,0.10472,0.05236,1.4356e-08,-3.2426e-08,-1.4078e-08,4.461e-09,4.1998e-08,2.9906e-08,4.5213e-08,6.4068e-09,-2.7786e-09
0,0,-0.04,0.10472,0.05236,1.5277e-08,-3.033e-08,-1.9983e-08,6.9512e-09,4.4972e-08,2.8038e-08,4.1427e-08,1.8482e-08,-5.4793e-09
0.04,0,-0.04,0.10472,0.05236,1.7872e-08,-2.5856e-08,-2.141e-08,6.8076e-09,5.0226e-08,2.4544e-08,3.9868e-08,2.4232e-08,-3.9733e-09
-0.04,0.04,-0.04,0.10472,0.05236,1.6108e-08,-3.7768e-08,-1.3969e-08,2.6657e-09,4.3242e-08,2.5486e-08,4.694e-08,1.0792e-08,1.3936e-10
0,0.04,-0.04,0.10472,0.05236,1.95e-08,-3.3142e-08,-1.5055e-08,4.0805e-09,4.8761e-08,2.183e-08,4.0124e-08,1.6257e-08,8.7848e-10
0.04,0.04,-0.04,0.10472,0.05236,2.3972e-08,-3.323e-08,-2.2015e-08,5.746e-09,5.3007e-08,2.0992e-08,3.4853e-08,3.0046e-08,3.3838e-10
0,-0.08,0,0.10472,0.05236,1.4839e-08,-2.0803e-08,-2.7017e-08,1.6141e-08,4.1143e-08,3.5935e-08,3.4636e-08,1.1807e-08,-2.1633e-08
-0.04,-0.04,0,0.10472,0.05236,1.5421e-08,-2.774e-08,-2.0116e-08,5.6355e-09,4.0316e-08,3.5001e-08,3.9567e-08,8.0548e-09,-1.1991e-08
0,-0.04,0,0.10472,0.05236,1.5131e-08,-2.7563e-08,-2.449e-08,8.7874e-09,4.7482e-08,2.9806e-08,3.1937e-08,1.2723e-08,-1.2775e-08
0.04,-0.04,0,0.10472,0.05236,1.8387e-08,-2.45e-08,-3.2933e-08,7.2298e-09,5.4198e-08,2.6701e-08,3.1632e-08,1.973e-08,-1.8165e-08
-0.08,0,0,0.10472,0.05236,1.4691e-08,-3.6527e-08,-1.6198e-08,4.4738e-10,4.4579e-08,2.8357e-08,4.2318e-08,2.3606e-09,-5.0211e-09
-0.04,0,0,0.10472,0.05236,1.6711e-08,-3.2409e-08,-1.8868e-08,1.9157e-09,4.6278e-08,3.0075e-08,3.9196e-08,7.8835e-09,-6.4383e-09
0,0,0,0.10472,0.05236,1.7798e-08,-3.1859e-08,-2.2675e-08,3.5374e-09,5.5701e-08,2.593e-08,3.4645e-08,1.4519e-08,-7.0846e-09
0.04,0,0,0.10472,0.05236,2.2466e-08,-2.8114e-08,-2.5854e-08,2.1991e-09,5.3646e-08,2.264e-08,2.9343e-08,2.1591e-08,-1.1588e-08
0.08,0,0,0.10472,0.05236,2.4902e-08,-2.5137e-08,-3.8299e-08,3.9948e-09,5.6858e-08,1.99e-08,2.7552e-08,2.9424e-08,-8.8535e-09
-0.04,0.04,0,0.10472,0.05236,1.9859e-08,-3.667e-08,-1.8225e-08,-2.8493e-09,4.7237e-08,2.454e-08,3.752e-08,7.5542e-09,-3.9081e-09
0,0.04,0,0.10472,0.05236,2.1599e-08,-3.3121e-08,-2.2202e-08,-3.1381e-10,5.2747e-08,2.1423e-08,3.4374e-08,1.8471e-08,-3.9088e-09
0.04,0.04,0,0.10472,0.05236,2.9589e-08,-3.1284e-08,-2.5839e-08,-3.0811e-10,6.2945e-08,1.968e-08,2.9992e-08,2.4635e-08,-3.5826e-09
0,0.08,0,0.10472,0.05236,2.7621e-08,-4.5267e-08,-2.0322e-08,-3.3386e-09,6.2468e-08,1.8597e-08,3.6301e-08,1.6344e-08,8.1876e-10
-0.04,-0.04,0.04,0.10472,0.05236,1.8066e-08,-2.6362e-08,-2.0504e-08,-6.1833e-10,4.6211e-08,3.3689e-08,3.341e-08,8.028e-09,-1.4756e-08
0,-0.04,0.04,0.10472,0.05236,1.9614e-08,-2.3962e-08,-2.7607e-08,-2.0774e-09,5.0681e-08,2.9049e-08,2.7785e-08,1.2832e-08,-1.5248e-08
0.04,-0.04,0.04,0.10472,0.05236,2.1951e-08,-2.5575e-08,-3.7263e-08,-1.4335e-09,5.9621e-08,2.6327e-08,2.8479e-08,1.5786e-08,-1.6429e-08
-0.04,0,0.04,0.10472,0.05236,1.7214e-08,-3.4484e-08,-2.2282e-08,-6.8005e-09,5.2913e-08,2.8706e-08,3.1574e-08,8.4484e-09,-1.1366e-08
0,0,0.04,0.10472,0.05236,2.1409e-08,-2.8925e-08,-2.7942e-08,-2.7198e-09,6.4929e-08,2.4596e-08,2.7939e-08,1.3714e-08,-1.0594e-08
0.04,0,0.04,0.10472,0.05236,2.6809e-08,-3.098e-08,-3.3984e-08,-3.0336e-09,6.7823e-08,2.1154e-08,2.799e-08,1.8877e-08,-1.5455e-08
-0.04,0.04,0.04,0.10472,0.05236,2.2749e-08,-4.2811e-08,-2.2415e-08,-5.4699e-09,5.8843e-08,2.3617e-08,3.1639e-08,9.0189e-09,-4.3449e-09
0,0.04,0.04,0.10472,0.05236,2.3277e-08,-3.3601e-08,-2.3979e-08,-1.6243e-09,6.4936e-08,2.0718e-08,2.9306e-08,1.6574e-08,-8.5489e-09
0.04,0.04,0.04,0.10472,0.05236,3.2691e-08,-3.4786e-08,-3.274e-08,-3.3232e-09,8.598e-08,1.8906e-08,2.653e-08,2.0861e-08,-7.4993e-09
0,0,0.08,0.10472,0.05236,2.5603e-08,-2.9364e-08,-2.9233e-08,-8.0371e-09,7.2245e-08,2.1987e-08,2.5783e-08,1.3339e-08,-1.1977e-08
0,0,-0.08,0.15708,0.05236,1.1508e-08,-2.7754e-08,-1.3209e-08,1.1022e-08,3.8568e-08,2.4593e-08,4.6331e-08,1.7424e-08,5.0089e-09
-0.04,-0.04,-0.04,0.15708,0.05236,1.5024e-08,-2.6871e-08,-1.676e-08,9.6678e-09,3.7603e-08,3.0275e-08,4.3935e-08,8.5212e-09,-6.2708e-09
0,-0.04,-0.04,0.15708,0.05236,1.3689e-08,-2.5089e-08,-2.0168e-08,1.1592e-08,3.5938e-08,2.8019e-08,4.0039e-08,1.7349e-08,-6.5606e-09
0.04,-0.04,-0.04,0.15708,0.05236,1.7034e-08,-2.2805e-08,-1.9472e-08,1.2787e-08,4.2278e-08,2.5779e-08,3.7103e-08,2.2614e-08,-6.8389e-09
-0.04,0,-0.04,0.15708,0.05236,1.2627e-08,-3.3113e-08,-1.6294e-08,7.1944e-09,4.1145e-08,3.0059e-08,4.3284e-08,9.2446e-09,2.0817e-09
0,0,-0.04,0.15708,0.05236,1.6503e-08,-2.8834e-08,-1.8821e-08,7.5661e-09,4.6192e-08,2.7018e-08,4.5037e-08,1.6051e-08,-1.4865e-09
0.04,0,-0.04,0.15708,0.05236,1.9551e-08,-2.8081e-08,-2.4307e-08,8.702e-09,4.7304e-08,2.4379e-08,3.7935e-08,2.4636e-08,-2.5365e-09
-0.04,0.04,-0.04,0.15708,0.05236,1.5254e-08,-3.8586e-08,-1.7114e-08,4.0862e-09,4.885e-08,2.6642e-08,4.7783e-08,9.8062e-09,3.3447e-09
0,0.04,-0.04,0.15708,0.05236,1.9561e-08,-3.663e-08,-1.4594e-08,4.3058e-09,5.0201e-08,2.2219e-08,3.9393e-08,2.4089e-08,3.7329e-09
0.04,0.04,-0.04,0.15708,0.05236,2.0829e-08,-3.0659e-08,-1.7734e-08,6.4868e-09,5.0022e-08,1.9152e-08,3.57e-08,2.612e-08,3.1945e-09
0,-0.08,0,0.15708,0.05236,1.6983e-08,-2.0843e-08,-2.502e-08,1.1715e-08,4.186e-08,3.5932e-08,3.5117e-08,9.48e-09,-1.7026e-08
-0.04,-0.04,0,0.15708,0.05236,1.3632e-08,-2.7123e-08,-1.8368e-08,7.8364e-09,4.2148e-08,3.5519e-08,3.3665e-08,8.6725e-09,-1.1421e-08
0,-0.04,0,0.15708,0.05236,1.6912e-08,-2.7108e-08,-2.3925e-08,9.7061e-09,4.8585e-08,2.8963e-08,3.5439e-08,1.4828e-08,-1.4065e-08
0.04,-0.04,0,0.15708,0.05236,1.9003e-08,-2.3027e-08,-3.0918e-08,1.1498e-08,4.8569e-08,2.5212e-08,3.1769e-08,2.0347e-08,-1.2662e-08
-0.08,0,0,0.15708,0.05236,1.6615e-08,-3.3857e-08,-1.4561e-08,3.6691e-09,4.0322e-08,3.4067e-08,4.1281e-08,2.257e-09,-5.0142e-09
-0.04,0,0,0.15708,0.05236,1.5851e-08,-3.2605e-08,-1.9111e-08,2.9933e-09,4.5659e-08,2.7822e-08,4.2857e-08,6.2448e-09,-3.5089e-09
0,0,0,0.15708,0.05236,2.2969e-08,-3.1562e-08,-2.3226e-08,5.5125e-09,5.2155e-08,2.7714e-08,3.6378e-08,1.7182e-08,-6.9188e-09
0.04,0,0,0.15708,0.05236,2.3586e-08,-2.7782e-08,-2.5225e-08,5.3892e-09,5.5588e-08,2.2595e-08,3.0703e-08,2.2838e-08,-4.495e-09
0.08,0,0,0.15708,0.05236,2.3895e-08,-2.4121e-08,-2.9163e-08,7.6416e-09,5.6423e-08,1.9292e-08,2.9076e-08,2.875e-08,-5.9135e-09
-0.04,0.04,0,0.15708,0.05236,2.0745e-08,-4.4959e-08,-2.0133e-08,2.1176e-10,5.1332e-08,2.4091e-08,4.1546e-08,9.0379e-09,-1.1914e-09
0,0.04,0,0.15708,0.05236,2.517e-08,-3.6519e-08,-1.9705e-08,-3.5564e-10,5.5541e-08,2.1365e-08,3.5936e-08,1.5234e-08,-4.7709e-10
0.04,0.04,0,0.15708,0.05236,2.7613e-08,-3.2946e-08,-2.2683e-08,3.0458e-09,6.2444e-08,1.8258e-08,2.9641e-08,2.356e-08,-1.8891e-09
0,0.08,0,0.15708,0.05236,2.563e-08,-4.4077e-08,-1.879e-08,-5.6903e-10,6.0169e-08,1.9583e-08,3.4118e-08,1.873e-08,1.3143e-09
-0.04,-0.04,0.04,0.15708,0.05236,1.8417e-08,-2.9079e-08,-2.2426e-08,3.7954e-09,4.7112e-08,3.2202e-08,3.1935e-08,7.4582e-09,-1.1685e-08
0,-0.04,0.04,0.15708,0.05236,1.9933e-08,-2.7932e-08,-2.9038e-08,4.839e-09,4.7913e-08,2.7544e-08,2.9008e-08,1.5352e-08,-1.2334e-08
0.04,-0.04,0.04,0.15708,0.05236,2.1573e-08,-2.3486e-08,-3.2818e-08,7.6276e-09,5.2875e-08,2.6586e-08,3.0285e-08,1.6979e-08,-1.1661e-08
-0.04,0,0.04,0.15708,0.05236,1.8278e-08,-3.2294e-08,-1.9953e-08,-1.2403e-09,5.3924e-08,2.9807e-08,3.147e-08,9.2029e-09,-7.0319e-09
0,0,0.04,0.15708,0.05236,2.2326e-08,-3.0345e-08,-2.4386e-08,-3.2792e-09,5.6427e-08,2.253e-08,2.9742e-08,1.5872e-08,-9.716e-09
0.04,0,0.04,0.15708,0.05236,2.7165e-08,-2.6591e-08,-3.2474e-08,4.3958e-09,6.6851e-08,2.1837e-08,2.4608e-08,2.1072e-08,-8.486e-09
-0.04,0.04,0.04,0.15708,0.05236,2.1499e-08,-4.0713e-08,-2.0062e-08,-1.5772e-09,5.5649e-08,2.6202e-08,3.3234e-08,9.453e-09,-3.3113e-09
0,0.04,0.04,0.15708,0.05236,2.8587e-08,-3.4327e-08,-2.4434e-08,-5.1825e-09,6.8026e-08,1.8063e-08,2.9897e-08,1.7167e-08,-6.1514e-09
0.04,0.04,0.04,0.15708,0.05236,3.1534e-08,-3.0098e-08,-2.8533e-08,-1.0409e-09,7.0809e-08,1.9594e-08,2.6861e-08,1.8982e-08,-5.6241e-09
0,0,0.08,0.15708,0.05236,2.4405e-08,-2.918e-08,-2.6762e-08,-8.6125e-09,6.6584e-08,2.5119e-08,2.4469e-08,1.3071e-08,-1.043e-08
0,0,-0.08,0.05236,0.10472,1.2866e-08,-2.745e-08,-1.086e-08,8.386e-09,4.2301e-08,2.541e-08,4.6008e-08,1.436e-08,2.7308e-09
-0.04,-0.04,-0.04,0.05236,0.10472,1.0791e-08,-2.8388e-08,-1.7825e-08,8.7401e-09,3.6969e-08,3.5222e-08,4.4707e-08,5.0958e-09,-7.099e-09
0,-0.04,-0.04,0.05236,0.10472,1.3342e-08,-2.5617e-08,-2.0023e-08,1.0117e-08,4.3601e-08,2.9185e-08,4.0436e-08,1.3455e-08,-1.9349e-08
0.04,-0.04,-0.04,0.05236,0.10472,1.5205e-08,-2.2747e-08,-2.4639e-08,1.1214e-08,4.6228e-08,2.8295e-08,3.2634e-08,2.0175e-08,-1.2628e-08
-0.04,0,-0.04,0.05236,0.10472,1.4246e-08,-3.3358e-08,-1.5509e-08,2.5316e-09,4.1241e-08,2.9669e-08,4.8185e-08,7.1137e-09,-4.0779e-09
0,0,-0.04,0.05236,0.10472,1.4421e-08,-2.9134e-08,-1.58e-08,4.0055e-09,4.4382e-08,2.4992e-08,3.9634e-08,1.336e-08,-5.0193e-09
0.04,0,-0.04,0.05236,0.10472,1.4347e-08,-2.8911e-08,-2.098e-08,6.258e-09,4.7964e-08,2.6254e-08,3.5568e-08,2.3907e-08,-5.2962e-09
-0.04,0.04,-0.04,0.05236,0.10472,1.3969e-08,-3.1638e-08,-1.5577e-08,-2.8122e-10,4.25e-08,2.672e-08,4.4571e-08,7.5186e-09,-6.0121e-11
0,0.04,-0.04,0.05236,0.10472,1.5725e-08,-3.2449e-08,-1.672e-08,6.8431e-10,5.0588e-08,2.3561e-08,4.385e-08,2.2246e-08,-2.4081e-09
0.04,0.04,-0.04,0.05236,0.10472,2.2843e-08,-2.9808e-08,-1.9871e-08,8.6422e-10,5.3318e-08,2.1068e-08,3.4199e-08,2.4038e-08,-1.4201e-09
0,-0.08,0,0.05236,0.10472,1.411e-08,-2.2022e-08,-2.3432e-08,6.1464e-09,3.8493e-08,3.555e-08,3.2417e-08,1.0487e-08,-2.2094e-08
-0.04,-0.04,0,0.05236,0.10472,1.5091e-08,-2.6007e-08,-1.8768e-08,3.2476e-09,4.2411e-08,3.5434e-08,3.4336e-08,7.5337e-09,-1.6369e-08
0,-0.04,0,0.05236,0.10472,1.6617e-08,-2.6431e-08,-2.3225e-08,4.0325e-09,4.7024e-08,3.1585e-08,3.3182e-08,1.1246e-08,-1.45e-08
0.04,-0.04,0,0.05236,0.10472,1.7928e-08,-2.5216e-08,-2.9581e-08,4.9027e-09,5.2387e-08,2.5523e-08,3.0219e-08,1.8422e-08,-2.0693e-08
-0.08,0,0,0.05236,0.10472,1.4179e-08,-4.0121e-08,-1.7595e-08,-1.1103e-09,4.3606e-08,3.4285e-08,3.9046e-08,2.1898e-09,-9.3026e-09
-0.04,0,0,0.05236,0.10472,1.583e-08,-3.3585e-08,-1.8929e-08,-1.9851e-09,5.0836e-08,3.145e-08,3.8206e-08,9.3096e-09,-9.9157e-09
0,0,0,0.05236,0.10472,2.014e-08,-2.9741e-08,-2.5126e-08,-2.2626e-09,5.35e-08,2.5778e-08,3.3521e-08,1.4608e-08,-1.1342e-08
0.04,0,0,0.05236,0.10472,2.0856e-08,-2.7442e-08,-2.5114e-08,1.6469e-09,5.3943e-08,2.2238e-08,3.0202e-08,1.911e-08,-1.2068e-08
0.08,0,0,0.05236,0.10472,2.5016e-08,-2.6051e-08,-3.6624e-08,2.348e-09,5.5148e-08,1.9046e-08,2.8425e-08,2.9083e-08,-1.0259e-08
-0.04,0.04,0,0.05236,0.10472,1.6346e-08,-3.9131e-08,-1.944e-08,-2.7455e-11,5.3487e-08,2.5837e-08,3.9156e-08,8.6187e-09,-4.868e-09
0,0.04,0,0.05236,0.10472,2.05e-08,-3.226e-08,-2.2288e-08,-3.5743e-09,5.9668e-08,2.4197e-08,3.4361e-08,1.6096e-08,-5.4035e-09
0.04,0.04,0,0.05236,0.10472,2.366e-08,-3.3155e-08,-2.544e-08,-4.6753e-09,5.8693e-08,2.0942e-08,3.0434e-08,2.219e-08,-4.8216e-09
0,0.08,0,0.05236,0.10472,2.4397e-08,-3.9715e-08,-2.1582e-08,-2.5166e-09,6.3711e-08,2.0032e-08,3.669e-08,1.7604e-08,-1.793e-09
-0.04,-0.04,0.04,0.05236,0.10472,1.6824e-08,-2.9379e-08,-2.5137e-08,-3.5552e-09,5.3802e-08,3.232e-08,3.3083e-08,8.2786e-09,-1.6791e-08
0,-0.04,0.04,0.05236,0.10472,1.7378e-08,-2.5052e-08,-2.7112e-08,-2.3124e-09,5.8985e-08,2.757e-08,2.7198e-08,1.2046e-08,-1.4563e-08
0.04,-0.04,0.04,0.05236,0.10472,1.9843e-08,-2.3538e-08,-3.4721e-08,2.07e-09,5.6978e-08,2.6064e-08,2.4369e-08,1.6623e-08,-2.0328e-08
-0.04,0,0.04,0.05236,0.10472,1.8074e-08,-3.4694e-08,-2.5074e-08,-6.4797e-09,5.9425e-08,2.7516e-08,3.2407e-08,1.1201e-08,-1.1391e-08
0,0,0.04,0.05236,0.10472,2.0771e-08,-3.0452e-08,-2.7032e-08,-6.3431e-09,6.0424e-08,2.3835e-08,3.2089e-08,1.2316e-08,-9.4382e-09
0.04,0,0.04,0.05236,0.10472,2.4409e-08,-2.615e-08,-3.0172e-08,-2.8842e-09,6.994e-08,2.0748e-08,2.7976e-08,2.1478e-08,-1.3104e-08
-0.04,0.04,0.04,0.05236,0.10472,2.2172e-08,-3.8369e-08,-2.1146e-08,-5.5134e-09,6.0699e-08,2.4155e-08,2.8156e-08,8.017e-09,-3.3262e-09
0,0.04,0.04,0.05236,0.10472,2.6761e-08,-3.6764e-08,-2.643e-08,-7.0519e-09,6.3605e-08,1.9695e-08,2.9309e-08,1.6899e-08,-8.8803e-09
0.04,0.04,0.04,0.05236,0.10472,2.71e-08,-3.2029e-08,-3.4393e-08,-5.6836e-09,8.5712e-08,2.0677e-08,2.6146e-08,2.1553e-08,-8.5183e-09
0,0,0.08,0.05236,0.10472,2.5028e-08,-2.7632e-08,-2.6779e-08,-1.1676e-08,7.2715e-08,2.3943e-08,2.3936e-08,1.2856e-08,-1.32e-08
0,0,-0.08,0.10472,0.10472,1.103e-08,-2.628e-08,-1.2709e-08,9.2666e-09,3.8186e-08,2.5955e-08,5.065e-08,2.0476e-08,2.8476e-09
-0.04,-0.04,-0.04,0.10472,0.10472,1.1708e-08,-2.7649e-08,-1.582e-08,7.6348e-09,3.8712e-08,3.1728e-08,4.6737e-08,4.4631e-09,-5.6091e-09
0,-0.04,-0.04,0.10472,0.10472,1.2771e-08,-2.506e-08,-1.8157e-08,8.5502e-09,4.2261e-08,3.268e-08,4.0722e-08,1.1419e-08,-9.0855e-09
0.04,-0.04,-0.04,0.10472,0.10472,1.4289e-08,-2.2408e-08,-1.8394e-08,1.2248e-08,4.331e-08,2.7e-08,3.6918e-08,2.1986e-08,-1.3174e-08
-0.04,0,-0.04,0.10472,0.10472,1.3578e-08,-3.0644e-08,-1.7455e-08,4.1754e-09,4.0346e-08,3.0423e-08,4.5565e-08,1.2101e-08,-4.8449e-09
0,0,-0.04,0.10472,0.10472,1.4717e-08,-2.9853e-08,-1.5649e-08,6.0112e-09,4.3821e-08,2.7826e-08,4.3822e-08,1.5332e-08,-1.7932e-09
0.04,0,-0.04,0.10472,0.10472,1.9395e-08,-2.5129e-08,-2.0532e-08,6.6009e-09,5.2207e-08,2.4067e-08,3.4002e-08,2.4902e-08,-1.3836e-09
-0.04,0.04,-0.04,0.10472,0.10472,1.6472e-08,-3.6415e-08,-1.2999e-08,3.0924e-09,4.2805e-08,2.3242e-08,4.0898e-08,7.6562e-09,3.3354e-10
0,0.04,-0.04,0.10472,0.10472,1.7407e-08,-3.4138e-08,-1.4913e-08,1.5264e-09,5.069e-08,2.198e-08,4.2041e-08,1.7092e-08,1.2939e-09
0.04,0.04,-0.04,0.10472,0.10472,1.8376e-08,-3.3321e-08,-1.7715e-08,2.9347e-09,5.257e-08,2.1161e-08,3.4943e-08,3.2363e-08,3.1572e-10
0,-0.08,0,0.10472,0.10472,1.3353e-08,-2.2043e-08,-2.3825e-08,1.1031e-08,4.0125e-08,3.1347e-08,3.4784e-08,1.1405e-08,-1.7853e-08
-0.04,-0.04,0,0.10472,0.10472,1.5474e-08,-3.0047e-08,-2.0251e-08,7.2611e-09,4.5351e-08,4.0384e-08,3.593e-08,9.0575e-09,-1.375e-08
0,-0.04,0,0.10472,0.10472,1.8874e-08,-2.6148e-08,-2.1768e-08,5.2398e-09,4.4754e-08,3.1451e-08,3.4317e-08,1.3835e-08,-1.0701e-08
0.04,-0.04,0,0.10472,0.10472,1.8777e-08,-2.2996e-08,-2.8728e-08,9.3978e-09,5.2645e-08,2.6305e-08,3.3898e-08,1.9241e-08,-1.6784e-08
-0.08,0,0,0.10472,0.10472,1.4256e-08,-3.5599e-08,-1.4997e-08,1.5891e-09,4.3023e-08,3.06e-08,4.5619e-08,5.1105e-09,-9.5319e-09
-0.04,0,0,0.10472,0.10472,1.8352e-08,-3.4121e-08,-1.7472e-08,2.9039e-09,4.9255e-08,2.8929e-08,4.0449e-08,8.2838e-09,-4.7774e-09
0,0,0,0.10472,0.10472,1.9832e-08,-3.1366e-08,-2.2105e-08,2.427e-09,4.9194e-08,2.535e-08,3.6951e-08,1.6617e-08,-6.2614e-09
0.04,0,0,0.10472,0.10472,2.295e-08,-2.9738e-08,-2.7072e-08,3.5317e-09,5.9249e-08,2.2209e-08,3.0371e-08,2.1739e-08,-7.4755e-09
0.08,0,0,0.10472,0.10472,2.6397e-08,-2.4489e-08,-3.1767e-08,3.7184e-09,5.8217e-08,1.9373e-08,2.7922e-08,2.9938e-08,-8.5075e-09
-0.04,0.04,0,0.10472,0.10472,1.978e-08,-4.1009e-08,-1.5428e-08,-6.9104e-10,4.7857e-08,2.2361e-08,3.8391e-08,1.1016e-08,-2.1113e-09
0,0.04,0,0.10472,0.10472,2.0042e-08,-3.3816e-08,-2.2538e-08,-2.4499e-10,5.3754e-08,2.261e-08,3.6863e-08,1.8081e-08,-5.265e-09
0.04,0.04,0,0.10472,0.10472,2.5732e-08,-3.0197e-08,-2.591e-08,8.1056e-10,6.2199e-08,2.0408e-08,3.0858e-08,2.3557e-08,-3.9619e-09
0,0.08,0,0.10472,0.10472,2.375e-08,-4.3813e-08,-1.9811e-08,-2.5062e-09,6.2629e-08,1.8872e-08,3.3605e-08,1.5958e-08,-4.4194e-12
-0.04,-0.04,0.04,0.10472,0.10472,1.5135e-08,-2.5775e-08,-2.1172e-08,4.6812e-09,5.5823e-08,3.2108e-08,3.104e-08,7.5099e-09,-1.853e-08
0,-0.04,0.04,0.10472,0.10472,1.843e-08,-2.714e-08,-2.6443e-08,5.1588e-09,5.6333e-08,3.1411e-08,2.8481e-08,1.1043e-08,-1.2865e-08
0.04,-0.04,0.04,0.10472,0.10472,2.0097e-08,-2.3126e-08,-3.0515e-08,3.9288e-09,5.6452e-08,2.5159e-08,2.5008e-08,1.6987e-08,-1.6755e-08
-0.04,0,0.04,0.10472,0.10472,1.902e-08,-3.163e-08,-2.0058e-08,-5.3917e-09,5.9911e-08,2.9075e-08,3.2584e-08,1.005e-08,-9.1731e-09
0,0,0.04,0.10472,0.10472,2.2641e-08,-3.1902e-08,-2.4705e-08,-1.9413e-09,5.5989e-08,2.5979e-08,2.9537e-08,1.4428e-08,-1.0645e-08
0.04,0,0.04,0.10472,0.10472,2.8686e-08,-2.8895e-08,-3.027e-08,-3.831e-09,6.6367e-08,2.2084e-08,2.6319e-08,1.7749e-08,-1.0331e-08
-0.04,0.04,0.04,0.10472,0.10472,2.3784e-08,-4.3035e-08,-2.1089e-08,-5.5462e-09,6.4251e-08,2.3582e-08,3.2438e-08,9.7436e-09,-4.6439e-09
0,0.04,0.04,0.10472,0.10472,2.5686e-08,-3.8893e-08,-2.6089e-08,-4.1942e-09,7.135e-08,2.0944e-08,2.888e-08,1.4198e-08,-6.4583e-09
0.04,0.04,0.04,0.10472,0.10472,3.0807e-08,-3.075e-08,-2.9225e-08,-3.0858e-09,7.2421e-08,1.8544e-08,2.7117e-08,1.9956e-08,-5.9285e-09
0,0,0.08,0.10472,0.10472,2.6841e-08,-2.9797e-08,-2.8733e-08,-7.0756e-09,8.1523e-08,2.2106e-08,2.5171e-08,1.2685e-08,-1.2509e-08
0,0,-0.08,0.15708,0.10472,1.2937e-08,-2.9233e-08,-1.1272e-08,1.0405e-08,3.867e-08,2.4764e-08,5.0307e-08,1.4719e-08,4.2181e-09
-0.04,-0.04,-0.04,0.15708,0.10472,1.1375e-08,-2.8289e-08,-1.4975e-08,1.2757e-08,3.7678e-08,3.4293e-08,4.9563e-08,8.2105e-09,-4.1668e-09
0,-0.04,-0.04,0.15708,0.10472,1.4932e-08,-2.7165e-08,-1.8058e-08,1.1225e-08,3.8068e-08,2.9523e-08,4.4716e-08,1.4431e-08,-9.4146e-09
0.04,-0.04,-0.04,0.15708,0.10472,1.6817e-08,-2.3908e-08,-2.1261e-08,1.5464e-08,3.9891e-08,2.4602e-08,3.4849e-08,1.9019e-08,-1.0282e-08
-0.04,0,-0.04,0.15708,0.10472,1.5058e-08,-3.3673e-08,-1.4252e-08,5.5873e-09,3.8804e-08,2.7513e-08,5.1653e-08,1.0799e-08,1.6829e-10
0,0,-0.04,0.15708,0.10472,1.5547e-08,-3.1395e-08,-1.8314e-08,7.5412e-09,4.8463e-08,2.5477e-08,4.2257e-08,1.1796e-08,7.2153e-10
0.04,0,-0.04,0.15708,0.10472,1.6868e-08,-2.6394e-08,-2.1641e-08,6.9545e-09,5.2894e-08,2.3408e-08,3.6429e-08,2.6872e-08,-2.8804e-09
-0.04,0.04,-0.04,0.15708,0.10472,1.6121e-08,-4.1494e-08,-1.4728e-08,3.7454e-09,4.4303e-08,2.7263e-08,4.8376e-08,9.4818e-09,3.1808e-09
0,0.04,-0.04,0.15708,0.10472,1.7345e-08,-3.6185e-08,-1.5712e-08,4.9395e-09,4.6159e-08,2.1445e-08,4.1971e-08,1.6282e-08,3.5532e-09
0.04,0.04,-0.04,0.15708,0.10472,1.8053e-08,-3.1219e-08,-1.8075e-08,4.7015e-09,5.1793e-08,2.0521e-08,3.606e-08,3.0705e-08,1.7874e-09
0,-0.08,0,0.15708,0.10472,1.5613e-08,-2.4014e-08,-2.4839e-08,1.5439e-08,4.0634e-08,3.3957e-08,3.3352e-08,1.2173e-08,-1.8029e-08
-0.04,-0.04,0,0.15708,0.10472,1.6907e-08,-2.7863e-08,-1.9315e-08,8.5994e-09,4.3036e-08,3.6065e-08,3.8425e-08,6.8378e-09,-9.0594e-09
0,-0.04,0,0.15708,0.10472,1.6706e-08,-2.5494e-08,-2.252e-08,8.3028e-09,4.1294e-08,3.204e-08,3.5566e-08,1.3041e-08,-1.052e-08
0.04,-0.04,0,0.15708,0.10472,2.0919e-08,-2.2625e-08,-2.6562e-08,6.6813e-09,5.2102e-08,2.6567e-08,3.1041e-08,1.6307e-08,-1.1919e-08
-0.08,0,0,0.15708,0.10472,1.5105e-08,-3.2625e-08,-1.4796e-08,1.674e-09,4.3863e-08,3.0369e-08,4.2909e-08,2.7849e-09,-4.8182e-09
-0.04,0,0,0.15708,0.10472,1.635e-08,-3.5589e-08,-1.7858e-08,4.0711e-09,4.9795e-08,3.137e-08,3.7927e-08,9.0007e-09,-6.7242e-09
0,0,0,0.15708,0.10472,2.3173e-08,-3.0551e-08,-2.0828e-08,3.8251e-09,5.1875e-08,2.7842e-08,3.3747e-08,1.565e-08,-5.9057e-09
0.04,0,0,0.15708,0.10472,2.3534e-08,-2.8488e-08,-2.4528e-08,8.7526e-09,5.2506e-08,2.2413e-08,3.1523e-08,2.1934e-08,-5.3223e-09
0.08,0,0,0.15708,0.10472,2.6069e-08,-2.4775e-08,-3.0789e-08,7.2588e-09,6.0652e-08,1.925e-08,2.7509e-08,2.2425e-08,-6.8725e-09
-0.04,0.04,0,0.15708,0.10472,1.9162e-08,-4.4209e-08,-1.6278e-08,1.2273e-09,5.1004e-08,2.7303e-08,3.8486e-08,1.2359e-08,-1.2058e-09
0,0.04,0,0.15708,0.10472,2.3212e-08,-3.9086e-08,-2.0521e-08,6.4938e-11,6.1417e-08,2.1525e-08,3.5848e-08,1.9573e-08,-2.7697e-09
0.04,0.04,0,0.15708,0.10472,2.6716e-08,-3.3141e-08,-2.3983e-08,2.6633e-09,6.3927e-08,1.9583e-08,3.5036e-08,2.0838e-08,-8.659e-10
0,0.08,0,0.15708,0.10472,2.3491e-08,-4.1953e-08,-1.6887e-08,-4.8164e-10,6.7314e-08,2.0508e-08,3.2733e-08,1.4661e-08,3.3077e-10
-0.04,-0.04,0.04,0.15708,0.10472,1.7774e-08,-2.8721e-08,-2.1819e-08,3.9086e-09,4.6566e-08,3.12e-08,3.315e-08,8.4674e-09,-1.2516e-08
0,-0.04,0.04,0.15708,0.10472,1.7754e-08,-2.4341e-08,-2.7338e-08,1.704e-09,4.9799e-08,2.9171e-08,2.9569e-08,1.5249e-08,-1.2257e-08
0.04,-0.04,0.04,0.15708,0.10472,2.2322e-08,-2.436e-08,-3.4238e-08,5.3153e-09,5.7598e-08,2.496e-08,2.5911e-08,1.7521e-08,-1.6174e-08
-0.04,0,0.04,0.15708,0.10472,1.9909e-08,-3.1586e-08,-2.0259e-08,3.583e-11,4.5975e-08,2.9919e-08,3.2216e-08,7.178e-09,-5.189e-09
0,0,0.04,0.15708,0.10472,2.4269e-08,-2.8108e-08,-2.8372e-08,1.291e-09,5.9185e-08,2.5687e-08,3.0584e-08,1.3923e-08,-7.6427e-09
0.04,0,0.04,0.15708,0.10472,2.6059e-08,-2.5949e-08,-3.1514e-08,-2.9635e-10,6.3824e-08,2.1438e-08,2.622e-08,1.8787e-08,-8.4701e-09
-0.04,0.04,0.04,0.15708,0.10472,2.382e-08,-3.8131e-08,-1.9444e-08,-4.4233e-09,5.9106e-08,2.371e-08,3.3709e-08,1.0328e-08,-2.8481e-09
0,0.04,0.04,0.15708,0.10472,2.914e-08,-3.5277e-08,-2.4919e-08,-2.057e-09,6.4212e-08,1.9859e-08,2.793e-08,1.4864e-08,-5.147e-09
0.04,0.04,0.04,0.15708,0.10472,3.1534e-08,-3.0423e-08,-2.6385e-08,-3.8808e-09,7.4721e-08,2.0271e-08,2.6794e-08,2.1736e-08,-5.5216e-09
0,0,0.08,0.15708,0.10472,2.3991e-08,-2.9859e-08,-2.7503e-08,-6.3934e-09,7.6138e-08,2.3481e-08,2.4548e-08,1.1949e-08,-8.6413e-09
0,0,-0.08,0.05236,0.15708,1.0281e-08,-2.8446e-08,-1.3475e-08,8.0434e-09,4.1472e-08,2.6254e-08,4.7051e-08,1.7716e-08,-4.0074e-09
-0.04,-0.04,-0.04,0.05236,0.15708,1.1225e-08,-2.7728e-08,-1.7338e-08,8.9494e-09,3.889e-08,3.4434e-08,4.8776e-08,6.9741e-09,-6.7485e-09
0,-0.04,-0.04,0.05236,0.15708,1.253e-08,-2.4861e-08,-2.0258e-08,5.9716e-09,4.2356e-08,3.0193e-08,3.6042e-08,1.1933e-08,-1.6004e-08
0.04,-0.04,-0.04,0.05236,0.15708,1.1754e-08,-2.2862e-08,-2.1111e-08,1.1378e-08,4.4061e-08,2.8952e-08,3.2403e-08,1.8928e-08,-1.6242e-08
-0.04,0,-0.04,0.05236,0.15708,1.2325e-08,-3.4763e-08,-1.5382e-08,2.9137e-09,4.3385e-08,3.0977e-08,4.8086e-08,8.1696e-09,-7.5211e-09
0,0,-0.04,0.05236,0.15708,1.4054e-08,-2.9932e-08,-2.0878e-08,3.6337e-09,4.8449e-08,2.6702e-08,3.786e-08,1.4232e-08,-9.8963e-09
0.04,0,-0.04,0.05236,0.15708,1.5029e-08,-2.7805e-08,-2.2854e-08,4.8945e-09,4.8002e-08,2.4873e-08,3.5267e-08,1.8096e-08,-9.282e-09
-0.04,0.04,-0.04,0.05236,0.15708,1.6078e-08,-4.1288e-08,-1.5415e-08,7.8178e-10,4.8207e-08,2.5634e-08,5.0048e-08,1.0086e-08,-2.6502e-09
0,0.04,-0.04,0.05236,0.15708,1.6338e-08,-3.6929e-08,-1.8759e-08,1.0577e-09,4.5617e-08,2.2617e-08,3.7492e-08,1.5803e-08,-3.7841e-09
0.04,0.04,-0.04,0.05236,0.15708,1.5769e-08,-3.0175e-08,-2.0615e-08,5.1405e-09,5.0745e-08,2.0845e-08,3.4771e-08,2.9014e-08,-3.6596e-09
0,-0.08,0,0.05236,0.15708,1.3966e-08,-2.1794e-08,-2.462e-08,1.5062e-08,4.6234e-08,3.6205e-08,3.1432e-08,1.0436e-08,-2.5642e-08
-0.04,-0.04,0,0.05236,0.15708,1.4799e-08,-2.7573e-08,-1.7733e-08,1.3825e-09,4.4083e-08,3.6351e-08,4.1477e-08,8.057e-09,-1.5294e-08
0,-0.04,0,0.05236,0.15708,1.4693e-08,-2.5852e-08,-2.4043e-08,5.9111e-09,4.7416e-08,3.2401e-08,3.4144e-08,1.321e-08,-1.5048e-08
0.04,-0.04,0,0.05236,0.15708,1.7751e-08,-2.4946e-08,-2.7857e-08,3.3852e-09,5.6774e-08,2.8471e-08,3.0322e-08,1.8733e-08,-2.1697e-08
-0.08,0,0,0.05236,0.15708,1.4888e-08,-3.4585e-08,-1.7049e-08,-1.1582e-09,4.138e-08,2.9813e-08,4.2972e-08,4.7875e-09,-6.7054e-09
-0.04,0,0,0.05236,0.15708,1.7149e-08,-3.1399e-08,-1.8974e-08,1.1289e-09,4.9977e-08,3.2051e-08,4.3939e-08,9.988e-09,-1.0245e-08
0,0,0,0.05236,0.15708,1.7595e-08,-3.106e-08,-2.1394e-08,-1.0657e-09,5.4046e-08,2.387e-08,3.8336e-08,1.4561e-08,-1.4665e-08
0.04,0,0,0.05236,0.15708,2.0982e-08,-3.0501e-08,-2.7473e-08,2.6378e-10,5.4514e-08,2.3067e-08,3.1669e-08,2.1548e-08,-1.0394e-08
0.08,0,0,0.05236,0.15708,2.1928e-08,-2.5871e-08,-3.1618e-08,1.2321e-09,6.1937e-08,1.8046e-08,2.7775e-08,2.6606e-08,-9.4971e-09
-0.04,0.04,0,0.05236,0.15708,1.9762e-08,-3.8225e-08,-1.7679e-08,-2.2605e-09,5.095e-08,2.1778e-08,4.4172e-08,6.8877e-09,-4.6382e-09
0,0.04,0,0.05236,0.15708,2.3271e-08,-3.9255e-08,-2.1807e-08,-2.0029e-09,5.7083e-08,2.3242e-08,3.724e-08,1.2748e-08,-4.2849e-09
0.04,0.04,0,0.05236,0.15708,2.9048e-08,-3.3763e-08,-2.9776e-08,-1.9317e-09,6.1868e-08,1.9127e-08,3.0254e-08,2.3764e-08,-5.6732e-09
0,0.08,0,0.05236,0.15708,2.2459e-08,-4.3473e-08,-1.9453e-08,-4.5574e-09,6.4331e-08,1.9229e-08,3.7038e-08,1.6496e-08,-2.6951e-09
-0.04,-0.04,0.04,0.05236,0.15708,1.7637e-08,-2.5918e-08,-2.3632e-08,-4.8231e-09,4.8529e-08,3.2399e-08,3.4298e-08,8.4682e-09,-1.8571e-08
0,-0.04,0.04,0.05236,0.15708,1.8021e-08,-2.7078e-08,-2.8832e-08,-1.8124e-09,5.8694e-08,2.7956e-08,2.7538e-08,1.2795e-08,-1.6642e-08
0.04,-0.04,0.04,0.05236,0.15708,2.2384e-08,-2.6117e-08,-3.3395e-08,-7.2536e-09,6.1275e-08,2.4528e-08,2.7375e-08,1.6656e-08,-2.1958e-08
-0.04,0,0.04,0.05236,0.15708,1.8753e-08,-3.4352e-08,-2.2942e-08,-5.3541e-09,5.7275e-08,2.6213e-08,3.0315e-08,9.4791e-09,-1.5288e-08
0,0,0.04,0.05236,0.15708,2.0855e-08,-2.9214e-08,-2.5671e-08,-2.9707e-09,6.1927e-08,2.4065e-08,3.0296e-08,1.468e-08,-1.1382e-08
0.04,0,0.04,0.05236,0.15708,2.429e-08,-2.8473e-08,-3.093e-08,-3.3329e-09,7.4453e-08,2.1237e-08,2.7138e-08,1.8044e-08,-1.2927e-08
-0.04,0.04,0.04,0.05236,0.15708,2.0547e-08,-3.9946e-08,-1.9113e-08,-5.3698e-09,6.2266e-08,2.0131e-08,3.3617e-08,1.0932e-08,-7.357e-09
0,0.04,0.04,0.05236,0.15708,2.6182e-08,-3.7052e-08,-2.622e-08,-4.8502e-09,7.3483e-08,2.1676e-08,3.2428e-08,1.5936e-08,-8.3613e-09
0.04,0.04,0.04,0.05236,0.15708,2.9765e-08,-3.406e-08,-2.612e-08,-7.6249e-09,7.3654e-08,1.7826e-08,2.7859e-08,1.8468e-08,-8.4238e-09
0,0,0.08,0.05236,0.15708,2.4112e-08,-3.1252e-08,-2.8921e-08,-1.1107e-08,7.5231e-08,2.2639e-08,2.7215e-08,1.1822e-08,-1.4078e-08
0,0,-0.08,0.10472,0.15708,1.1644e-08,-2.7742e-08,-1.2701e-08,1.0472e-08,3.674e-08,2.4453e-08,4.6911e-08,1.3805e-08,1.3997e-09
-0.04,-0.04,-0.04,0.10472,0.15708,1.2119e-08,-2.9618e-08,-1.4032e-08,9.8072e-09,3.5491e-08,3.3988e-08,4.791e-08,9.9073e-09,-6.7984e-09
0,-0.04,-0.04,0.10472,0.15708,1.4093e-08,-2.6337e-08,-1.8437e-08,1.016e-08,4.1468e-08,2.7154e-08,4.1279e-08,1.555e-08,-1.2047e-08
0.04,-0.04,-0.04,0.10472,0.15708,1.5675e-08,-2.2369e-08,-2.2676e-08,1.2352e-08,4.218e-08,2.7005e-08,3.5756e-08,2.0915e-08,-1.1167e-08
-0.04,0,-0.04,0.10472,0.15708,1.3135e-08,-3.4941e-08,-1.9025e-08,5.7691e-09,4.2109e-08,3.1521e-08,4.3798e-08,9.6238e-09,-3.5093e-09
0,0,-0.04,0.10472,0.15708,1.6758e-08,-3.1023e-08,-1.6782e-08,7.6855e-09,4.261e-08,2.5334e-08,4.0521e-08,1.6169e-08,-2.2069e-09
0.04,0,-0.04,0.10472,0.15708,1.6274e-08,-2.5972e-08,-2.5219e-08,7.2425e-09,4.7844e-08,2.2549e-08,3.5981e-08,2.4853e-08,-5.5173e-09
-0.04,0.04,-0.04,0.10472,0.15708,1.4023e-08,-4.0133e-08,-1.5868e-08,2.8522e-09,4.5067e-08,2.6137e-08,5.2514e-08,1.1406e-08,6.4873e-10
0,0.04,-0.04,0.10472,0.15708,1.7208e-08,-3.5899e-08,-1.5377e-08,2.8435e-09,4.909e-08,2.2831e-08,3.9273e-08,1.9038e-08,3.6052e-10
0.04,0.04,-0.04,0.10472,0.15708,1.9643e-08,-3.208e-08,-2.0536e-08,3.8129e-09,5.2829e-08,1.9366e-08,3.7213e-08,3.3274e-08,3.3595e-11
0,-0.08,0,0.10472,0.15708,1.5497e-08,-2.1473e-08,-2.4627e-08,1.3998e-08,3.801e-08,3.5301e-08,3.3504e-08,1.0331e-08,-2.2203e-08
-0.04,-0.04,0,0.10472,0.15708,1.5591e-08,-2.9339e-08,-2.0562e-08,7.0849e-09,3.9664e-08,3.3716e-08,3.9097e-08,6.6701e-09,-8.5654e-09
0,-0.04,0,0.10472,0.15708,1.7375e-08,-2.6256e-08,-2.4759e-08,2.399e-09,4.5996e-08,2.7574e-08,3.8949e-08,1.2543e-08,-1.2351e-08
0.04,-0.04,0,0.10472,0.15708,1.7994e-08,-2.197e-08,-2.6082e-08,8.2418e-09,5.2002e-08,2.7201e-08,2.9357e-08,1.8406e-08,-1.3217e-08
-0.08,0,0,0.10472,0.15708,1.4611e-08,-3.7403e-08,-1.5097e-08,2.2984e-09,4.081e-08,3.2403e-08,4.3172e-08,2.3358e-09,-5.5541e-09
-0.04,0,0,0.10472,0.15708,1.9126e-08,-3.3635e-08,-1.944e-08,3.0832e-09,4.8382e-08,3.0524e-08,3.9619e-08,7.4618e-09,-5.4082e-09
0,0,0,0.10472,0.15708,1.9562e-08,-2.998e-08,-2.2197e-08,2.8962e-09,4.8455e-08,2.6475e-08,3.3259e-08,1.4215e-08,-5.329e-09
0.04,0,0,0.10472,0.15708,2.1399e-08,-2.958e-08,-2.8651e-08,3.1685e-09,5.4289e-08,2.2744e-08,3.1254e-08,1.9618e-08,-1.0669e-08
0.08,0,0,0.10472,0.15708,2.4424e-08,-2.6082e-08,-3.5826e-08,5.5383e-09,6.1175e-08,2.1281e-08,2.9285e-08,2.9063e-08,-1.2187e-08
-0.04,0.04,0,0.10472,0.15708,1.9624e-08,-4.4895e-08,-1.66e-08,-1.635e-09,4.9021e-08,2.482e-08,4.1643e-08,1.266e-08,-4.3672e-09
0,0.04,0,0.10472,0.15708,2.1878e-08,-3.7773e-08,-1.9135e-08,3.8388e-11,6.0199e-08,2.1745e-08,3.5907e-08,1.9911e-08,-4.0428e-09
0.04,0.04,0,0.10472,0.15708,2.5457e-08,-3.5323e-08,-2.5791e-08,1.3461e-09,5.7351e-08,2.0638e-08,3.2631e-08,2.4727e-08,-4.099e-09
0,0.08,0,0.10472,0.15708,2.305e-08,-4.0156e-08,-2.1169e-08,-2.3612e-09,5.9657e-08,1.8207e-08,3.42e-08,1.7075e-08,3.7009e-10
-0.04,-0.04,0.04,0.10472,0.15708,1.6942e-08,-2.8039e-08,-2.2784e-08,2.352e-09,5.4208e-08,3.1282e-08,3.1252e-08,7.4457e-09,-1.5584e-08
0,-0.04,0.04,0.10472,0.15708,2.1789e-08,-2.5357e-08,-2.8742e-08,5.1061e-09,5.2627e-08,3.1373e-08,3.2335e-08,1.0429e-08,-1.7239e-08
0.04,-0.04,0.04,0.10472,0.15708,2.2201e-08,-2.5006e-08,-2.9664e-08,6.4241e-09,5.6058e-08,2.5181e-08,2.7703e-08,1.7383e-08,-1.7801e-08
-0.04,0,0.04,0.10472,0.15708,1.9403e-08,-3.297e-08,-2.2387e-08,-3.2797e-09,5.8608e-08,2.7376e-08,3.0857e-08,7.7316e-09,-9.1615e-09
0,0,0.04,0.10472,0.15708,2.0473e-08,-2.8273e-08,-2.6609e-08,-3.1102e-09,6.3203e-08,2.477e-08,3.2789e-08,1.3812e-08,-1.1881e-08
0.04,0,0.04,0.10472,0.15708,2.5298e-08,-2.8739e-08,-2.9327e-08,1.5539e-09,6.6293e-08,2.1879e-08,2.6268e-08,1.8707e-08,-1.1036e-08
-0.04,0.04,0.04,0.10472,0.15708,2.2094e-08,-4.0395e-08,-2.1329e-08,-4.9547e-09,6.1093e-08,2.1871e-08,3.7602e-08,8.5917e-09,-8.1865e-09
0,0.04,0.04,0.10472,0.15708,2.6146e-08,-3.5679e-08,-2.2422e-08,-4.0535e-09,6.4363e-08,1.8779e-08,2.661e-08,1.2929e-08,-6.4013e-09
0.04,0.04,0.04,0.10472,0.15708,3.315e-08,-2.9493e-08,-3.0154e-08,-4.4755e-09,7.4384e-08,2.0395e-08,2.6067e-08,1.6422e-08,-7.1616e-09
0,0,0.08,0.10472,0.15708,2.5175e-08,-2.6829e-08,-3.0198e-08,-6.3604e-09,7.2346e-08,2.2313e-08,2.8805e-08,1.3298e-08,-1.193e-08
0,0,-0.08,0.15708,0.15708,1.2413e-08,-2.8575e-08,-1.2533e-08,1.0713e-08,3.9376e-08,2.3751e-08,4.7168e-08,1.3411e-08,3.234e-09
-0.04,-0.04,-0.04,0.15708,0.15708,1.1967e-08,-2.7196e-08,-1.5732e-08,1.2044e-08,3.7461e-08,3.7422e-08,4.5307e-08,7.5774e-09,-3.2315e-09
0,-0.04,-0.04,0.15708,0.15708,1.3629e-08,-2.4568e-08,-1.6808e-08,1.5147e-08,3.9225e-08,3.1458e-08,3.9641e-08,1.4461e-08,-4.7494e-09
0.04,-0.04,-0.04,0.15708,0.15708,1.792e-08,-2.4002e-08,-2.3337e-08,1.4313e-08,3.9415e-08,2.5612e-08,3.3144e-08,1.8557e-08,-7.9211e-09
-0.04,0,-0.04,0.15708,0.15708,1.4297e-08,-3.3251e-08,-1.3911e-08,6.3882e-09,4.3594e-08,3.133e-08,4.5164e-08,8.5555e-09,-1.1937e-09
0,0,-0.04,0.15708,0.15708,1.6946e-08,-3.0744e-08,-1.7006e-08,9.6439e-09,4.4631e-08,2.8349e-08,3.6679e-08,1.3949e-08,-1.6081e-11
0.04,0,-0.04,0.15708,0.15708,1.7267e-08,-2.8311e-08,-2.0775e-08,8.8737e-09,4.847e-08,2.2947e-08,3.6649e-08,2.1125e-08,-1.2561e-09
-0.04,0.04,-0.04,0.15708,0.15708,1.6001e-08,-4.1058e-08,-1.304e-08,3.9243e-09,4.4481e-08,2.4548e-08,4.7473e-08,1.0178e-08,2.7536e-09
0,0.04,-0.04,0.15708,0.15708,1.8215e-08,-3.4182e-08,-1.7292e-08,5.1431e-09,4.7036e-08,2.3696e-08,4.1088e-08,1.7838e-08,6.4775e-09
0.04,0.04,-0.04,0.15708,0.15708,1.9906e-08,-3.4002e-08,-2.0399e-08,6.7986e-09,5.211e-08,1.9002e-08,3.5784e-08,2.8629e-08,3.8431e-09
0,-0.08,0,0.15708,0.15708,1.5662e-08,-2.1296e-08,-2.2313e-08,1.8406e-08,3.9287e-08,3.4841e-08,3.5342e-08,8.5801e-09,-1.9882e-08
-0.04,-0.04,0,0.15708,0.15708,1.4328e-08,-3.0534e-08,-1.9775e-08,7.4652e-09,4.44e-08,3.7724e-08,3.9976e-08,9.5994e-09,-9.0693e-09
0,-0.04,0,0.15708,0.15708,1.6736e-08,-2.6063e-08,-2.5611e-08,9.4488e-09,4.4001e-08,3.0688e-08,3.4564e-08,1.1972e-08,-9.447e-09
0.04,-0.04,0,0.15708,0.15708,1.9612e-08,-2.2974e-08,-2.5986e-08,1.1131e-08,5.1324e-08,2.7503e-08,3.2839e-08,1.9348e-08,-1.3361e-08
-0.08,0,0,0.15708,0.15708,1.4727e-08,-3.5765e-08,-1.3803e-08,2.1547e-09,4.0148e-08,3.2885e-08,3.9333e-08,3.2028e-09,-2.8755e-09
-0.04,0,0,0.15708,0.15708,1.6396e-08,-3.4057e-08,-1.7008e-08,2.7421e-09,4.4729e-08,3.0836e-08,4.0401e-08,8.0008e-09,-3.0901e-09
0,0,0,0.15708,0.15708,2.0829e-08,-3.0406e-08,-2.332e-08,5.7304e-09,5.4382e-08,2.5342e-08,3.5647e-08,1.371e-08,-6.2862e-09
0.04,0,0,0.15708,0.15708,2.3269e-08,-2.7643e-08,-2.4502e-08,4.1667e-09,5.5985e-08,2.2165e-08,3.1212e-08,2.1466e-08,-3.731e-09
0.08,0,0,0.15708,0.15708,2.6779e-08,-2.5604e-08,-3.2897e-08,6.0541e-09,5.7455e-08,1.9027e-08,2.5305e-08,2.8572e-08,-6.1764e-09
-0.04,0.04,0,0.15708,0.15708,1.9604e-08,-3.8924e-08,-1.6351e-08,9.0192e-10,5.3714e-08,2.5537e-08,4.0743e-08,7.4384e-09,-1.4824e-09
0,0.04,0,0.15708,0.15708,2.3708e-08,-3.5656e-08,-1.8772e-08,2.7892e-09,6.4042e-08,2.3086e-08,3.5264e-08,1.6088e-08,-3.3314e-09
0.04,0.04,0,0.15708,0.15708,2.8527e-08,-2.9211e-08,-2.1866e-08,3.4788e-09,6.0692e-08,1.9924e-08,2.9134e-08,2.0079e-08,-1.7115e-09
0,0.08,0,0.15708,0.15708,2.471e-08,-4.6891e-08,-1.7558e-08,-7.5982e-10,6.6604e-08,1.8956e-08,3.775e-08,1.6711e-08,2.7454e-09
-0.04,-0.04,0.04,0.15708,0.15708,1.6083e-08,-2.9218e-08,-2.0214e-08,-7.7206e-10,4.933e-08,3.0121e-08,3.472e-08,6.5992e-09,-9.9696e-09
0,-0.04,0.04,0.15708,0.15708,1.8356e-08,-2.6691e-08,-2.5478e-08,3.5865e-09,5.1698e-08,2.6058e-08,2.7403e-08,1.051e-08,-1.1445e-08
0.04,-0.04,0.04,0.15708,0.15708,2.4003e-08,-2.3647e-08,-2.8136e-08,4.0521e-09,5.5546e-08,2.4239e-08,2.9515e-08,1.7004e-08,-1.6914e-08
-0.04,0,0.04,0.15708,0.15708,2.0715e-08,-3.4085e-08,-2.1078e-08,1.3026e-09,5.4579e-08,2.7875e-08,3.433e-08,8.435e-09,-9.7608e-09
0,0,0.04,0.15708,0.15708,2.3858e-08,-3.0217e-08,-2.5923e-08,-1.6935e-09,5.5189e-08,2.3767e-08,2.9637e-08,1.3965e-08,-8.0462e-09
0.04,0,0.04,0.15708,0.15708,2.5182e-08,-2.6716e-08,-2.7232e-08,-3.3077e-10,6.8156e-08,2.1735e-08,2.5656e-08,1.7943e-08,-8.1573e-09
-0.04,0.04,0.04,0.15708,0.15708,2.3255e-08,-3.8449e-08,-1.9612e-08,5.4847e-10,5.7077e-08,2.4918e-08,3.0404e-08,1.0635e-08,-3.4316e-09
0,0.04,0.04,0.15708,0.15708,2.4492e-08,-3.5283e-08,-2.2533e-08,-3.3319e-09,6.5449e-08,2.1239e-08,3.0798e-08,1.7961e-08,-3.6368e-09
0.04,0.04,0.04,0.15708,0.15708,3.2356e-08,-2.959e-08,-2.9315e-08,-1.4097e-09,7.308e-08,1.8713e-08,2.7676e-08,2.0825e-08,-3.5355e-09
0,0,0.08,0.15708,0.15708,2.4712e-08,-2.9412e-08,-2.9001e-08,-7.432e-09,7.1709e-08,2.1972e-08,2.6206e-08,1.3219e-08,-1.0584e-08
