0,0,-0.08,0.05236,0.05236,1.1411e-08,-2.8503e-08,-1.2504e-08,7.6719e-09,4.0641e-08,2.5495e-08,4.4602e-08,1.5896e-08,-4.4142e-09
-0.04,-0.04,-0.04,0.05236,0.05236,1.1827e-08,-2.6174e-08,-1.6415e-08,6.0187e-09,3.9033e-08,3.3067e-08,4.8261e-08,4.8033e-09,-1.077e-08
0,-0.04,-0.04,0.05236,0.05236,1.2832e-08,-2.6381e-08,-1.8453e-08,1.1856e-08,4.3756e-08,3.2443e-08,3.8648e-08,1.1118e-08,-1.1415e-08
0.04,-0.04,-0.04,0.05236,0.05236,1.3892e-08,-2.3655e-08,-2.5299e-08,8.0077e-09,4.4822e-08,2.615e-08,3.3302e-08,1.9119e-08,-1.3333e-08
-0.04,0,-0.04,0.05236,0.05236,1.2533e-08,-3.1855e-08,-1.6728e-08,4.3604e-09,4.3231e-08,3.0261e-08,5.2504e-08,8.5691e-09,-6.575e-09
0,0,-0.04,0.05236,0.05236,1.3618e-08,-2.9829e-08,-1.8775e-08,6.3289e-09,4.745e-08,2.7463e-08,4.5272e-08,1.6971e-08,-5.6136e-09
0.04,0,-0.04,0.05236,0.05236,1.6488e-08,-2.8659e-08,-2.2227e-08,4.9517e-09,4.8101e-08,2.4692e-08,3.6567e-08,1.992e-08,-7.6373e-09
-0.04,0.04,-0.04,0.05236,0.05236,1.5023e-08,-3.6326e-08,-1.3572e-08,1.4641e-09,4.3415e-08,2.7085e-08,4.7021e-08,1.0594e-08,-5.3076e-11
0,0.04,-0.04,0.05236,0.05236,1.9187e-08,-3.3888e-08,-1.6543e-08,1.5944e-09,4.7958e-08,2.2856e-08,4.0292e-08,1.3995e-08,-3.2692e-09
0.04,0.04,-0.04,0.05236,0.05236,1.9449e-08,-3.306e-08,-2.0275e-08,3.4341e-09,5.2611e-08,2.2155e-08,3.5219e-08,2.9375e-08,-2.7688e-09
0,-0.08,0,0.05236,0.05236,1.479e-08,-2.1609e-08,-2.5926e-08,8.6145e-09,4.2047e-08,3.6262e-08,2.9935e-08,1.1305e-08,-2.9038e-08
-0.04,-0.04,0,0.05236,0.05236,1.4574e-08,-2.7606e-08,-2.1169e-08,2.6906e-09,4.9484e-08,3.8231e-08,3.9677e-08,7.7041e-09,-1.1477e-08
0,-0.04,0,0.05236,0.05236,1.6878e-08,-2.4708e-08,-2.2842e-08,4.5898e-09,5.0186e-08,3.306e-08,3.4964e-08,1.2711e-08,-1.7494e-08
0.04,-0.04,0,0.05236,0.05236,1.6908e-08,-2.5945e-08,-2.7253e-08,4.2796e-09,5.2628e-08,2.6084e-08,3.1184e-08,1.7677e-08,-1.8209e-08
-0.08,0,0,0.05236,0.05236,1.4794e-08,-3.745e-08,-1.7314e-08,-3.5477e-10,4.0656e-08,3.3464e-08,4.4167e-08,4.0108e-09,-6.3647e-09
-0.04,0,0,0.05236,0.05236,1.6657e-08,-3.3283e-08,-2.0397e-08,-1.6176e-09,4.8826e-08,2.9348e-08,4.2087e-08,7.7542e-09,-6.1386e-09
0,0,0,0.05236,0.05236,1.8373e-08,-3.2698e-08,-2.1482e-08,2.6315e-09,5.2827e-08,2.6381e-08,3.615e-08,1.134e-08,-1.1391e-08
0.04,0,0,0.05236,0.05236,2.091e-08,-2.8339e-08,-3.0893e-08,1.7144e-09,5.5142e-08,2.2467e-08,3.2233e-08,1.8762e-08,-1.1236e-08
0.08,0,0,0.05236,0.05236,2.5106e-08,-2.5539e-08,-3.4156e-08,2.345e-09,6.2736e-08,2.0049e-08,2.549e-08,2.5394e-08,-1.4288e-08
-0.04,0.04,0,0.05236,0.05236,1.8756e-08,-3.8534e-08,-1.788e-08,-2.2601e-09,5.5333e-08,2.6398e-08,3.9944e-08,1.0229e-08,-4.2808e-09
0,0.04,0,0.05236,0.05236,2.1455e-08,-3.5518e-08,-1.9382e-08,-2.6343e-09,5.7513e-08,2.2493e-08,3.2822e-08,1.4242e-08,-3.9399e-09
0.04,0.04,0,0.05236,0.05236,2.7354e-08,-3.0992e-08,-2.7353e-08,-3.8933e-09,6.5113e-08,2.1276e-08,3.0013e-08,2.4006e-08,-4.7945e-09
0,0.08,0,0.05236,0.05236,2.7449e-08,-4.5149e-08,-1.9227e-08,-4.2868e-09,5.8765e-08,2.0161e-08,3.7346e-08,1.8356e-08,-1.5474e-09
-0.04,-0.04,0.04,0.05236,0.05236,1.5768e-08,-2.7845e-08,-2.1167e-08,-2.5326e-09,4.8804e-08,3.1626e-08,3.2956e-08,9.5142e-09,-1.7232e-08
0,-0.04,0.04,0.05236,0.05236,2.0868e-08,-2.6164e-08,-3.0572e-08,-1.046e-09,5.47e-08,2.6375e-08,2.9947e-08,1.1628e-08,-1.7477e-08
0.04,-0.04,0.04,0.05236,0.05236,2.041e-08,-2.4006e-08,-3.2575e-08,9.4491e-10,6.3478e-08,2.3989e-08,2.5891e-08,1.7564e-08,-1.8961e-08
-0.04,0,0.04,0.05236,0.05236,1.8753e-08,-3.459e-08,-2.2221e-08,-4.5659e-09,5.8826e-08,2.726e-08,3.2245e-08,9.7061e-09,-9.1366e-09
0,0,0.04,0.05236,0.05236,2.1955e-08,-3.0677e-08,-2.7625e-08,-3.5452e-09,5.7618e-08,2.6039e-08,3.159e-08,1.3309e-08,-1.3143e-08
0.04,0,0.04,0.05236,0.05236,2.4427e-08,-2.8897e-08,-3.5883e-08,-5.5863e-09,6.8436e-08,2.2963e-08,2.8518e-08,2.0209e-08,-1.2687e-08
-0.04,0.04,0.04,0.05236,0.05236,2.1801e-08,-4.1062e-08,-2.1097e-08,-7.8238e-09,6.3698e-08,2.3285e-08,3.4095e-08,1.0697e-08,-7.3269e-09
0,0.04,0.04,0.05236,0.05236,2.5109e-08,-3.6801e-08,-2.5026e-08,-6.1895e-09,7.0711e-08,2.059e-08,3.2224e-08,1.4593e-08,-5.9697e-09
0.04,0.04,0.04,0.05236,0.05236,3.0041e-08,-3.5221e-08,-3.1341e-08,-6.6953e-09,7.6113e-08,2.0266e-08,2.7176e-08,2.0442e-08,-9.7405e-09
0,0,0.08,0.05236,0.05236,2.4247e-08,-3.2793e-08,-2.574e-08,-9.2115e-09,6.7993e-08,2.2036e-08,2.4554e-08,1.1874e-08,-1.3658e-08
0,0,-0.08,0.10472,0.05236,1.1721e-08,-2.6477e-08,-1.2036e-08,1.2026e-08,4.0022e-08,2.4925e-08,4.5364e-08,1.8602e-08,2.9833e-09
-0.04,-0.04,-0.04,0.10472,0.05236,1.2139e-08,-2.6742e-08,-1.5101e-08,9.7004e-09,3.8976e-08,3.2347e-08,4.8308e-08,5.3887e-09,-8.0128e-09
0,-0.04,-0.04,0.10472,0.05236,1.3477e-08,-2.8734e-08,-1.9686e-08,1.0084e-08,3.9348e-08,3.0322e-08,4.1934e-08,1.333e-08,-1.0709e-08
0.04,-0.04,-0.04,0.10472,0.05236,1.6222e-08,-2.3358e-08,-1.8402e-08,1.2037e-08,4.3704e-08,2.5473e-08,3.5292e-08,1.7617e-08,-1.1765e-08
-0.04,0,-0.04,0.10472,0.05236,1.3207e-08,-3.1606e-08,-1.515e-08,5.9572e-09,4.099e-08,2.78e-08,4.4927e-08,9.9207e-09,-1.9237e-09
0,0,-0.04,0.10472,0.05236,1.612e-08,-2.917e-08,-1.8863e-08,8.3009e-09,4.589e-08,2.7951e-08,4.4329e-08,1.5665e-08,-6.0012e-09
0.04,0,-0.04,0.10472,0.05236,1.6545e-08,-2.9503e-08,-2.123e-08,6.024e-09,5.1085e-08,2.1923e-08,3.4865e-08,2.2305e-08,-3.0071e-09
-0.04,0.04,-0.04,0.10472,0.05236,1.4146e-08,-3.8729e-08,-1.5106e-08,3.6281e-09,4.5853e-08,2.7378e-08,4.5224e-08,9.3013e-09,1.2714e-09
0,0.04,-0.04,0.10472,0.05236,1.8473e-08,-3.7878e-08,-1.7479e-08,2.6773e-09,5.093e-08,2.1899e-08,3.9181e-08,1.8676e-08,1.8957e-09
0.04,0.04,-0.04,0.10472,0.05236,2.2316e-08,-3.1732e-08,-1.8013e-08,3.9953e-09,5.4523e-08,2.031e-08,3.5184e-08,2.8451e-08,-1.7426e-09
0,-0.08,0,0.10472,0.05236,1.414e-08,-2.1668e-08,-2.4542e-08,1.3576e-08,4.3059e-08,3.596e-08,3.1791e-08,1.1081e-08,-2.1823e-08
-0.04,-0.04,0,0.10472,0.05236,1.4815e-08,-2.9104e-08,-1.9991e-08,4.0908e-09,3.9183e-08,3.3004e-08,4.0996e-08,4.1907e-09,-1.3141e-08
0,-0.04,0,0.10472,0.05236,1.7043e-08,-2.6035e-08,-2.2603e-08,7.34e-09,4.9041e-08,2.8555e-08,3.6545e-08,1.2688e-08,-1.424e-08
0.04,-0.04,0,0.10472,0.05236,1.8039e-08,-2.4216e-08,-3.0014e-08,7.0459e-09,5.2399e-08,2.7812e-08,3.1437e-08,1.9463e-08,-1.7181e-08
-0.08,0,0,0.10472,0.05236,1.4057e-08,-3.3727e-08,-1.4654e-08,6.9807e-10,4.2634e-08,3.3202e-08,4.5392e-08,3.9933e-09,-3.8409e-09
-0.04,0,0,0.10472,0.05236,1.6516e-08,-3.4277e-08,-2.0192e-08,2.3111e-09,4.7238e-08,2.9356e-08,4.2671e-08,8.5293e-09,-7.3413e-09
0,0,0,0.10472,0.05236,1.9174e-08,-3.1184e-08,-2.3112e-08,2.1764e-09,5.1412e-08,2.5537e-08,3.6096e-08,1.48e-08,-6.1819e-09
0.04,0,0,0.10472,0.05236,2.1577e-08,-2.8082e-08,-2.7157e-08,3.4431e-09,5.5211e-08,2.2388e-08,2.9426e-08,2.0509e-08,-7.8065e-09
0.08,0,0,0.10472,0.05236,2.4442e-08,-2.5339e-08,-2.9066e-08,5.375e-09,6.0436e-08,2.0948e-08,2.6968e-08,3.1141e-08,-7.8971e-09
-0.04,0.04,0,0.10472,0.05236,1.888e-08,-3.7412e-08,-1.8687e-08,-2.2648e-09,5.5874e-08,2.4965e-08,3.994e-08,1.1152e-08,-4.7284e-09
0,0.04,0,0.10472,0.05236,2.1393e-08,-3.739e-08,-2.0256e-08,1.2082e-10,5.7916e-08,2.2256e-08,3.7642e-08,1.5909e-08,-3.9028e-09
0.04,0.04,0,0.10472,0.05236,2.83e-08,-3.3258e-08,-2.4689e-08,4.471e-10,6.2957e-08,1.9593e-08,2.8811e-08,2.5493e-08,-3.9089e-09
0,0.08,0,0.10472,0.05236,2.8951e-08,-4.385e-08,-2.2095e-08,-2.9081e-09,6.3476e-08,1.9834e-08,3.4392e-08,1.626e-08,4.8086e-10
-0.04,-0.04,0.04,0.10472,0.05236,1.9478e-08,-2.9508e-08,-2.2252e-08,9.2099e-10,4.5831e-08,3.4063e-08,3.1148e-08,8.9265e-09,-1.6606e-08
0,-0.04,0.04,0.10472,0.05236,1.8083e-08,-2.6973e-08,-2.484e-08,2.1966e-09,5.2737e-08,3.032e-08,2.7335e-08,1.3242e-08,-1.6328e-08
0.04,-0.04,0.04,0.10472,0.05236,2.318e-08,-2.4157e-08,-3.7418e-08,3.3412e-09,5.7347e-08,2.3937e-08,2.7106e-08,1.547e-08,-1.8326e-08
-0.04,0,0.04,0.10472,0.05236,2.0859e-08,-3.1636e-08,-2.3753e-08,-2.8714e-09,4.7436e-08,2.5653e-08,3.175e-08,7.9656e-09,-9.9215e-09
0,0,0.04,0.10472,0.05236,2.2935e-08,-3.2833e-08,-2.559e-08,-2.3423e-09,6.7548e-08,2.2484e-08,2.9383e-08,1.2403e-08,-1.1453e-08
0.04,0,0.04,0.10472,0.05236,2.4912e-08,-2.7155e-08,-3.5916e-08,-2.3207e-09,6.5906e-08,2.2766e-08,2.6169e-08,1.9466e-08,-1.1539e-08
-0.04,0.04,0.04,0.10472,0.05236,2.0917e-08,-4.1767e-08,-2.0256e-08,-4.2429e-09,5.9427e-08,2.2244e-08,3.1415e-08,1.0635e-08,-5.8472e-09
0,0.04,0.04,0.10472,0.05236,2.5715e-08,-3.3907e-08,-2.3727e-08,-5.3647e-09,6.4403e-08,1.9089e-08,2.8463e-08,1.6639e-08,-6.0477e-09
0.04,0.04,0.04,0.10472,0.05236,3.2679e-08,-3.1386e-08,-2.5904e-08,-4.1434e-09,7.5494e-08,2.0494e-08,3.1469e-08,2.2587e-08,-8.2283e-09
0,0,0.08,0.10472,0.05236,2.3591e-08,-2.7437e-08,-2.7228e-08,-1.1127e-08,6.7513e-08,2.3019e-08,2.8389e-08,1.5869e-08,-1.3312e-08
0,0,-0.08,0.15708,0.05236,1.3158e-08,-2.8501e-08,-1.3279e-08,1.079e-08,3.8577e-08,2.5098e-08,4.7568e-08,2.0573e-08,2.1961e-09
-0.04,-0.04,-0.04,0.15708,0.05236,1.1849e-08,-2.7049e-08,-1.6378e-08,1.2074e-08,3.5333e-08,3.1874e-08,5.0026e-08,5.4514e-09,-4.05e-09
0,-0.04,-0.04,0.15708,0.05236,1.6034e-08,-2.4209e-08,-2.0882e-08,1.3526e-08,3.8441e-08,3.0087e-08,4.0106e-08,1.6023e-08,-5.4871e-09
0.04,-0.04,-0.04,0.15708,0.05236,1.5507e-08,-2.3581e-08,-2.4165e-08,1.4873e-08,4.4291e-08,2.6284e-08,3.719e-08,1.9342e-08,-1.1411e-08
-0.04,0,-0.04,0.15708,0.05236,1.3745e-08,-3.4547e-08,-1.4537e-08,7.9242e-09,4.3952e-08,3.03e-08,4.5739e-08,7.5656e-09,-1.9854e-09
0,0,-0.04,0.15708,0.05236,1.6686e-08,-2.9322e-08,-1.797e-08,7.7769e-09,4.4501e-08,2.6123e-08,4.2078e-08,1.4676e-08,-2.685e-09
0.04,0,-0.04,0.15708,0.05236,1.8567e-08,-2.5502e-08,-2.0104e-08,1.216e-08,4.7774e-08,2.2145e-08,3.5754e-08,2.589e-08,8.406e-10
-0.04,0.04,-0.04,0.15708,0.05236,1.6011e-08,-3.6839e-08,-1.361e-08,4.2288e-09,4.3787e-08,2.6755e-08,4.764e-08,9.0982e-09,2.1469e-09
0,0.04,-0.04,0.15708,0.05236,2.2058e-08,-3.3438e-08,-1.6776e-08,4.7298e-09,4.8493e-08,2.2927e-08,4.2673e-08,2.1504e-08,2.2584e-09
0.04,0.04,-0.04,0.15708,0.05236,1.9778e-08,-3.3386e-08,-2.0053e-08,3.4767e-09,5.1556e-08,1.9889e-08,3.5739e-08,2.509e-08,1.6452e-09
0,-0.08,0,0.15708,0.05236,1.5104e-08,-2.1796e-08,-2.6388e-08,1.3571e-08,3.8846e-08,3.3354e-08,3.3956e-08,1.1983e-08,-1.8618e-08
-0.04,-0.04,0,0.15708,0.05236,1.6765e-08,-2.7108e-08,-1.7395e-08,1.0096e-08,4.2934e-08,3.3782e-08,3.7527e-08,1.0143e-08,-1.0979e-08
0,-0.04,0,0.15708,0.05236,1.9186e-08,-2.6947e-08,-2.1942e-08,6.97e-09,4.8815e-08,3.0409e-08,3.5505e-08,1.2041e-08,-1.2361e-08
0.04,-0.04,0,0.15708,0.05236,2.1156e-08,-2.5919e-08,-3.019e-08,1.396e-08,4.801e-08,2.6331e-08,3.1313e-08,1.9423e-08,-1.1746e-08
-0.08,0,0,0.15708,0.05236,1.6058e-08,-3.8253e-08,-1.3761e-08,1.6238e-09,3.86e-08,3.4702e-08,4.2418e-08,2.6813e-09,-5.0287e-09
-0.04,0,0,0.15708,0.05236,1.7837e-08,-3.5112e-08,-1.8963e-08,3.8269e-09,4.4992e-08,2.6018e-08,3.9463e-08,1.0187e-08,-4.4477e-09
0,0,0,0.15708,0.05236,1.943e-08,-2.9482e-08,-2.101e-08,4.4215e-09,5.0703e-08,2.5912e-08,3.3357e-08,1.5257e-08,-5.092e-09
0.04,0,0,0.15708,0.05236,2.1989e-08,-2.6812e-08,-2.817e-08,5.4403e-09,5.6694e-08,2.0904e-08,3.1026e-08,1.969e-08,-7.206e-09
0.08,0,0,0.15708,0.05236,2.2982e-08,-2.4884e-08,-3.7131e-08,5.3722e-09,6.5539e-08,1.9631e-08,2.9376e-08,3.042e-08,-4.7541e-09
-0.04,0.04,0,0.15708,0.05236,2.0738e-08,-3.7813e-08,-1.6507e-08,2.151e-09,4.9387e-08,2.6608e-08,3.9369e-08,7.7281e-09,3.6442e-10
0,0.04,0,0.15708,0.05236,2.5158e-08,-3.5838e-08,-2.0629e-08,1.6523e-09,5.9865e-08,2.3499e-08,3.3747e-08,1.8495e-08,-1.8024e-09
0.04,0.04,0,0.15708,0.05236,2.6968e-08,-3.1223e-08,-2.3652e-08,1.8915e-09,6.3812e-08,2.0821e-08,2.9684e-08,2.4848e-08,-1.1907e-09
0,0.08,0,0.15708,0.05236,2.8945e-08,-4.5711e-08,-1.877e-08,-1.1973e-09,6.3351e-08,1.9237e-08,3.4317e-08,1.9861e-08,2.6254e-09
-0.04,-0.04,0.04,0.15708,0.05236,1.7044e-08,-2.791e-08,-2.1558e-08,-2.1294e-09,4.1152e-08,3.0799e-08,3.2181e-08,8.9092e-09,-1.1482e-08
0,-0.04,0.04,0.15708,0.05236,2.0706e-08,-2.4619e-08,-2.7247e-08,2.289e-09,4.8102e-08,2.7342e-08,2.9592e-08,1.4606e-08,-1.4347e-08
0.04,-0.04,0.04,0.15708,0.05236,2.2331e-08,-2.4781e-08,-3.1992e-08,1.0591e-08,6.0177e-08,2.4414e-08,2.6456e-08,1.4821e-08,-1.475e-08
-0.04,0,0.04,0.15708,0.05236,1.8839e-08,-3.2765e-08,-2.2219e-08,-2.2201e-09,5.1571e-08,3.0022e-08,3.5085e-08,8.548e-09,-6.765e-09
0,0,0.04,0.15708,0.05236,2.2832e-08,-2.8639e-08,-2.5636e-08,5.0355e-09,5.5038e-08,2.4457e-08,3.1153e-08,1.4415e-08,-6.5144e-09
0.04,0,0.04,0.15708,0.05236,2.806e-08,-2.7401e-08,-3.1005e-08,5.7908e-10,7.0612e-08,2.1864e-08,2.6213e-08,1.6482e-08,-9.7652e-09
-0.04,0.04,0.04,0.15708,0.05236,2.3126e-08,-3.8691e-08,-1.9562e-08,-4.3518e-09,5.7714e-08,2.353e-08,3.0851e-08,9.9342e-09,-4.3822e-09
0,0.04,0.04,0.15708,0.05236,2.9838e-08,-3.2338e-08,-2.2975e-08,-2.181e-09,7.2973e-08,2.1941e-08,2.9124e-08,1.56e-08,-3.3983e-09
0.04,0.04,0.04,0.15708,0.05236,3.3886e-08,-3.0338e-08,-2.9278e-08,-2.7069e-09,8.2285e-08,1.8822e-08,2.4698e-08,2.4674e-08,-3.8529e-09
0,0,0.08,0.15708,0.05236,2.4218e-08,-2.7468e-08,-2.868e-08,-3.9666e-09,6.7627e-08,2.3959e-08,2.5844e-08,1.2277e-08,-1.1223e-08
0,0,-0.08,0.05236,0.10472,1.0338e-08,-2.7582e-08,-1.2349e-08,7.3217e-09,4.0383e-08,2.5531e-08,4.8275e-08,2.0497e-08,-1.538e-10
-0.04,-0.04,-0.04,0.05236,0.10472,1.1566e-08,-2.7841e-08,-1.633e-08,6.8325e-09,3.6953e-08,3.7464e-08,4.7377e-08,8.7327e-09,-1.1273e-08
0,-0.04,-0.04,0.05236,0.10472,1.4065e-08,-2.4543e-08,-1.8529e-08,9.1447e-09,4.3756e-08,3.1902e-08,4.0354e-08,1.4133e-08,-1.4476e-08
0.04,-0.04,-0.04,0.05236,0.10472,1.6286e-08,-2.354e-08,-2.7377e-08,9.7423e-09,4.6985e-08,2.833e-08,3.1648e-08,2.1921e-08,-1.6287e-08
-0.04,0,-0.04,0.05236,0.10472,1.313e-08,-3.0221e-08,-1.4616e-08,1.9366e-09,4.5487e-08,2.8597e-08,5.0067e-08,6.2156e-09,-1.5539e-09
0,0,-0.04,0.05236,0.10472,1.5778e-08,-2.9525e-08,-1.7253e-08,5.6337e-09,4.5783e-08,2.8721e-08,4.3769e-08,1.3392e-08,-5.0687e-09
0.04,0,-0.04,0.05236,0.10472,1.4841e-08,-2.6706e-08,-2.6044e-08,4.378e-09,4.9107e-08,2.3986e-08,3.4294e-08,2.6594e-08,-8.0379e-09
-0.04,0.04,-0.04,0.05236,0.10472,1.4291e-08,-4.2251e-08,-1.5186e-08,-4.1513e-10,4.3911e-08,2.4801e-08,4.6305e-08,1.1873e-08,-2.3254e-09
0,0.04,-0.04,0.05236,0.10472,1.6395e-08,-3.3715e-08,-1.8999e-08,2.8808e-09,5.0797e-08,2.1966e-08,4.0764e-08,1.9971e-08,-2.5783e-09
0.04,0.04,-0.04,0.05236,0.10472,1.6605e-08,-3.089e-08,-2.1238e-08,2.4345e-09,5.5195e-08,1.9663e-08,3.5624e-08,2.5518e-08,-2.6162e-09
0,-0.08,0,0.05236,0.10472,1.4869e-08,-2.1896e-08,-2.4327e-08,1.085e-08,4.3958e-08,3.4575e-08,3.3398e-08,1.1479e-08,-2.6706e-08
-0.04,-0.04,0,0.05236,0.10472,1.4925e-08,-3.0104e-08,-1.8718e-08,3.2161e-09,4.2639e-08,3.7452e-08,3.7642e-08,8.4494e-09,-1.4585e-08
0,-0.04,0,0.05236,0.10472,1.7173e-08,-2.6332e-08,-2.1478e-08,7.475e-09,5.3409e-08,2.8761e-08,3.5398e-08,1.4367e-08,-1.6524e-08
0.04,-0.04,0,0.05236,0.10472,1.7646e-08,-2.2927e-08,-2.7422e-08,6.2193e-09,5.6258e-08,2.6773e-08,3.2855e-08,1.9763e-08,-1.7112e-08
-0.08,0,0,0.05236,0.10472,1.488e-08,-3.9101e-08,-1.607e-08,-2.8519e-09,4.4116e-08,3.4942e-08,4.4954e-08,3.6218e-09,-6.1164e-09
-0.04,0,0,0.05236,0.10472,1.5767e-08,-3.4518e-08,-1.9162e-08,1.0594e-09,4.9491e-08,2.9022e-08,4.0826e-08,8.4596e-09,-6.156e-09
0,0,0,0.05236,0.10472,1.6984e-08,-3.3097e-08,-2.2884e-08,5.7596e-11,5.1698e-08,2.5886e-08,3.4185e-08,1.4113e-08,-1.1597e-08
0.04,0,0,0.05236,0.10472,2.1808e-08,-2.7253e-08,-3.1769e-08,1.5791e-09,5.744e-08,2.2608e-08,3.0807e-08,2.2428e-08,-1.1318e-08
0.08,0,0,0.05236,0.10472,2.4255e-08,-2.4858e-08,-3.2215e-08,1.8389e-09,6.2645e-08,2.0754e-08,2.8312e-08,2.4903e-08,-1.0325e-08
-0.04,0.04,0,0.05236,0.10472,1.8437e-08,-4.1903e-08,-1.8026e-08,-3.3419e-09,5.1584e-08,2.4346e-08,3.6214e-08,7.8434e-09,-3.0334e-09
0,0.04,0,0.05236,0.10472,2.0458e-08,-3.4596e-08,-2.3568e-08,-2.8997e-09,5.7735e-08,2.4264e-08,3.7083e-08,1.7511e-08,-7.5433e-09
0.04,0.04,0,0.05236,0.10472,2.3026e-08,-3.483e-08,-2.3824e-08,-1.6263e-09,5.8229e-08,2.0306e-08,3.1459e-08,2.3635e-08,-8.0869e-09
0,0.08,0,0.05236,0.10472,2.7208e-08,-4.303e-08,-2.0842e-08,-4.5567e-09,6.0885e-08,1.9342e-08,3.3317e-08,1.8103e-08,-1.6787e-09
-0.04,-0.04,0.04,0.05236,0.10472,1.6912e-08,-2.8427e-08,-2.1541e-08,-1.72e-09,4.8407e-08,3.3435e-08,3.0124e-08,9.479e-09,-1.5971e-08
0,-0.04,0.04,0.05236,0.10472,1.7741e-08,-2.7426e-08,-2.5913e-08,-4.4596e-09,5.8054e-08,2.6189e-08,2.6789e-08,1.4574e-08,-1.9935e-08
0.04,-0.04,0.04,0.05236,0.10472,2.1883e-08,-2.429e-08,-3.5054e-08,-1.8133e-09,6.6128e-08,2.3501e-08,2.7247e-08,1.6623e-08,-1.8823e-08
-0.04,0,0.04,0.05236,0.10472,1.748e-08,-3.4519e-08,-2.1209e-08,-4.8461e-09,5.4751e-08,2.6926e-08,3.2813e-08,9.0045e-09,-1.0155e-08
0,0,0.04,0.05236,0.10472,2.0464e-08,-3.0084e-08,-2.563e-08,-5.1314e-09,6.0806e-08,2.4108e-08,3.3901e-08,1.5093e-08,-1.1867e-08
0.04,0,0.04,0.05236,0.10472,2.681e-08,-2.9584e-08,-3.2803e-08,-5.9821e-09,6.9717e-08,2.1681e-08,2.5638e-08,2.0624e-08,-1.2211e-08
-0.04,0.04,0.04,0.05236,0.10472,2.2839e-08,-3.975e-08,-1.9489e-08,-7.6823e-09,6.3289e-08,2.3593e-08,3.2846e-08,9.159e-09,-5.5144e-09
0,0.04,0.04,0.05236,0.10472,2.5072e-08,-3.8068e-08,-2.5349e-08,-5.6726e-09,7.4164e-08,2.0689e-08,3.0623e-08,1.5924e-08,-8.2282e-09
0.04,0.04,0.04,0.05236,0.10472,3.1839e-08,-3.2951e-08,-2.78e-08,-4.1599e-09,7.7244e-08,1.919e-08,2.7664e-08,2.0407e-08,-7.144e-09
0,0,0.08,0.05236,0.10472,2.3799e-08,-2.8322e-08,-2.7915e-08,-1.2814e-08,7.2528e-08,2.3774e-08,2.5782e-08,1.3138e-08,-1.4232e-08
0,0,-0.08,0.10472,0.10472,9.8641e-09,-2.7595e-08,-1.2293e-08,7.3541e-09,4.113e-08,2.5799e-08,4.6737e-08,1.5363e-08,2.4123e-09
-0.04,-0.04,-0.04,0.10472,0.10472,1.2625e-08,-2.8562e-08,-1.5999e-08,9.7352e-09,3.7801e-08,3.5405e-08,4.7077e-08,6.4471e-09,-8.8029e-09
0,-0.04,-0.04,0.10472,0.10472,1.3574e-08,-2.6725e-08,-1.8727e-08,1.034e-08,3.8283e-08,2.9424e-08,4.3038e-08,1.5435e-08,-8.8015e-09
0.04,-0.04,-0.04,0.10472,0.10472,1.4999e-08,-2.3865e-08,-2.1832e-08,1.291e-08,4.1104e-08,2.7896e-08,3.4069e-08,1.9962e-08,-8.535e-09
-0.04,0,-0.04,0.10472,0.10472,1.4311e-08,-3.3608e-08,-1.4754e-08,4.0754e-09,4.1381e-08,3.1243e-08,4.5773e-08,1.0626e-08,-1.7998e-09
0,0,-0.04,0.10472,0.10472,1.6848e-08,-3.2169e-08,-1.5875e-08,5.4775e-09,4.5547e-08,2.5775e-08,4.244e-08,1.6864e-08,-9.5587e-10
0.04,0,-0.04,0.10472,0.10472,1.7094e-08,-2.9426e-08,-2.2657e-08,8.3216e-09,5.0307e-08,2.4249e-08,3.3785e-08,2.3156e-08,-3.1467e-09
-0.04,0.04,-0.04,0.10472,0.10472,1.4762e-08,-4.104e-08,-1.5044e-08,2.0268e-09,4.5022e-08,2.5177e-08,4.7062e-08,5.2614e-09,-3.1533e-10
0,0.04,-0.04,0.10472,0.10472,1.8427e-08,-3.6673e-08,-1.6709e-08,3.0186e-09,4.8348e-08,2.2885e-08,4.2589e-08,1.3473e-08,3.643e-09
0.04,0.04,-0.04,0.10472,0.10472,2.1395e-08,-3.0638e-08,-2.4914e-08,3.2434e-09,5.4266e-08,1.9293e-08,3.7049e-08,2.6227e-08,-1.5441e-10
0,-0.08,0,0.10472,0.10472,1.4391e-08,-2.2912e-08,-2.5225e-08,1.0015e-08,3.8872e-08,3.2368e-08,3.0827e-08,1.1694e-08,-2.3219e-08
-0.04,-0.04,0,0.10472,0.10472,1.6013e-08,-2.7976e-08,-1.8717e-08,6.9872e-09,4.3253e-08,3.4994e-08,3.9496e-08,7.0776e-09,-1.0518e-08
0,-0.04,0,0.10472,0.10472,1.7025e-08,-2.7323e-08,-2.2259e-08,1.2258e-08,4.805e-08,2.998e-08,3.7752e-08,1.22e-08,-1.2761e-08
0.04,-0.04,0,0.10472,0.10472,1.9674e-08,-2.283e-08,-3.058e-08,1.0786e-08,5.0476e-08,2.8079e-08,3.2204e-08,1.9496e-08,-1.9069e-08
-0.08,0,0,0.10472,0.10472,1.3996e-08,-3.7277e-08,-1.5786e-08,-6.2713e-10,4.3067e-08,3.2354e-08,4.2704e-08,3.6679e-09,-6.1583e-09
-0.04,0,0,0.10472,0.10472,1.8485e-08,-3.2513e-08,-1.7295e-08,-5.9229e-10,5.124e-08,2.6739e-08,3.7637e-08,9.1983e-09,-5.5969e-09
0,0,0,0.10472,0.10472,2.0071e-08,-3.3047e-08,-2.2203e-08,1.133e-09,5.1331e-08,2.5383e-08,3.4628e-08,1.4649e-08,-8.0477e-09
0.04,0,0,0.10472,0.10472,2.383e-08,-2.8562e-08,-3.1571e-08,1.4443e-09,5.3129e-08,2.301e-08,3.3313e-08,2.1242e-08,-1.0119e-08
0.08,0,0,0.10472,0.10472,2.5285e-08,-2.4588e-08,-3.3735e-08,3.9719e-09,6.3958e-08,2.0518e-08,2.7395e-08,2.7985e-08,-7.9227e-09
-0.04,0.04,0,0.10472,0.10472,1.9661e-08,-3.9046e-08,-1.6237e-08,1.1181e-10,5.4923e-08,2.4591e-08,3.9708e-08,9.8763e-09,-2.722e-09
0,0.04,0,0.10472,0.10472,2.2637e-08,-3.7706e-08,-2.0229e-08,-8.1257e-10,5.6401e-08,2.2026e-08,3.3114e-08,1.605e-08,-2.7677e-09
0.04,0.04,0,0.10472,0.10472,2.6296e-08,-3.1492e-08,-2.6416e-08,-6.7143e-10,6.4312e-08,1.9139e-08,3.0594e-08,2.3635e-08,-4.146e-09
0,0.08,0,0.10472,0.10472,2.6918e-08,-4.4145e-08,-1.7446e-08,-2.3222e-09,5.8629e-08,1.9132e-08,3.0781e-08,1.7715e-08,2.3636e-10
-0.04,-0.04,0.04,0.10472,0.10472,1.7018e-08,-2.6366e-08,-2.1756e-08,1.9771e-09,4.7078e-08,3.1422e-08,2.8854e-08,9.2419e-09,-1.4781e-08
0,-0.04,0.04,0.10472,0.10472,1.9335e-08,-2.7055e-08,-2.6596e-08,2.4237e-09,4.8969e-08,2.9868e-08,3.0249e-08,1.1755e-08,-1.7359e-08
0.04,-0.04,0.04,0.10472,0.10472,2.1333e-08,-2.4575e-08,-3.7242e-08,1.0538e-09,6.0099e-08,2.4739e-08,2.4328e-08,1.6809e-08,-1.6284e-08
-0.04,0,0.04,0.10472,0.10472,1.9395e-08,-2.9844e-08,-2.1936e-08,-2.8888e-09,5.3477e-08,2.7654e-08,3.3946e-08,7.948e-09,-1.0315e-08
0,0,0.04,0.10472,0.10472,2.1356e-08,-3.0394e-08,-2.4485e-08,-8.6324e-10,6.3069e-08,2.365e-08,2.9557e-08,1.3688e-08,-1.1483e-08
0.04,0,0.04,0.10472,0.10472,2.5898e-08,-2.7449e-08,-2.9517e-08,-3.7633e-09,6.4888e-08,2.3642e-08,2.682e-08,1.9374e-08,-1.3551e-08
-0.04,0.04,0.04,0.10472,0.10472,2.284e-08,-4.1265e-08,-2.1045e-08,-4.4371e-09,6.1903e-08,2.4823e-08,3.1068e-08,8.8348e-09,-5.7351e-09
0,0.04,0.04,0.10472,0.10472,2.468e-08,-3.475e-08,-2.4042e-08,-5.8435e-09,6.771e-08,2.0071e-08,3.0757e-08,1.5853e-08,-9.2909e-09
0.04,0.04,0.04,0.10472,0.10472,3.0809e-08,-2.9075e-08,-3.2638e-08,-6.3556e-09,7.4125e-08,1.8842e-08,2.7025e-08,2.1547e-08,-9.6383e-09
0,0,0.08,0.10472,0.10472,2.4589e-08,-2.8825e-08,-2.8081e-08,-9.69e-09,6.8704e-08,2.0429e-08,2.6621e-08,1.2937e-08,-1.1027e-08
0,0,-0.08,0.15708,0.10472,1.2771e-08,-2.8766e-08,-1.2784e-08,1.0702e-08,3.7899e-08,2.4842e-08,5.244e-08,1.7975e-08,5.071e-09
-0.04,-0.04,-0.04,0.15708,0.10472,1.2576e-08,-2.8571e-08,-1.4323e-08,1.0584e-08,3.5766e-08,3.5643e-08,4.6428e-08,7.7344e-09,-3.1511e-09
0,-0.04,-0.04,0.15708,0.10472,1.3796e-08,-2.7487e-08,-1.6094e-08,1.4533e-08,3.8552e-08,2.9363e-08,4.0613e-08,1.5881e-08,-8.6543e-09
0.04,-0.04,-0.04,0.15708,0.10472,1.6085e-08,-2.2475e-08,-2.0138e-08,1.3543e-08,4.1447e-08,2.6853e-08,3.4862e-08,2.0431e-08,-6.1888e-09
-0.04,0,-0.04,0.15708,0.10472,1.4471e-08,-3.2305e-08,-1.6706e-08,4.3825e-09,4.3091e-08,2.9655e-08,4.8358e-08,7.3918e-09,2.0122e-09
0,0,-0.04,0.15708,0.10472,1.7412e-08,-3.1477e-08,-1.702e-08,8.1035e-09,4.0983e-08,2.5271e-08,4.0978e-08,1.5349e-08,-1.1021e-09
0.04,0,-0.04,0.15708,0.10472,1.7088e-08,-2.8989e-08,-2.3905e-08,1.3108e-08,4.6203e-08,2.2585e-08,3.7988e-08,2.5293e-08,-2.5374e-09
-0.04,0.04,-0.04,0.15708,0.10472,1.6436e-08,-4.177e-08,-1.528e-08,4.8084e-09,4.5687e-08,2.4177e-08,4.8578e-08,9.5515e-09,3.0065e-09
0,0.04,-0.04,0.15708,0.10472,1.8422e-08,-3.6614e-08,-1.6651e-08,4.5416e-09,5.2514e-08,2.2626e-08,3.8248e-08,1.9997e-08,2.053e-09
0.04,0.04,-0.04,0.15708,0.10472,1.8832e-08,-3.2861e-08,-1.8755e-08,4.9573e-09,5.38e-08,1.9452e-08,3.3842e-08,2.5538e-08,1.0344e-09
0,-0.08,0,0.15708,0.10472,1.5348e-08,-2.0962e-08,-2.4545e-08,1.3531e-08,3.6264e-08,3.0373e-08,3.3421e-08,1.1213e-08,-1.5604e-08
-0.04,-0.04,0,0.15708,0.10472,1.5014e-08,-2.9939e-08,-1.9774e-08,8.2373e-09,3.8018e-08,3.248e-08,3.9682e-08,6.0386e-09,-7.3728e-09
0,-0.04,0,0.15708,0.10472,1.8525e-08,-2.5274e-08,-2.1814e-08,9.5774e-09,4.2409e-08,3.0206e-08,3.4245e-08,1.4484e-08,-1.338e-08
0.04,-0.04,0,0.15708,0.10472,1.9797e-08,-2.4444e-08,-3.1113e-08,1.0807e-08,4.7888e-08,2.4943e-08,3.0395e-08,1.8041e-08,-1.0879e-08
-0.08,0,0,0.15708,0.10472,1.5789e-08,-3.7876e-08,-1.6762e-08,2.0473e-09,4.0649e-08,3.6793e-08,4.4858e-08,2.2975e-09,-2.47e-09
-0.04,0,0,0.15708,0.10472,1.7301e-08,-3.2033e-08,-1.7049e-08,3.1826e-09,4.4539e-08,2.828e-08,4.084e-08,9.8675e-09,-4.4239e-09
0,0,0,0.15708,0.10472,1.9996e-08,-3.2844e-08,-2.1152e-08,2.1783e-09,5.1122e-08,2.5825e-08,3.6205e-08,1.482e-08,-7.3794e-09
0.04,0,0,0.15708,0.10472,2.4308e-08,-2.6895e-08,-2.7588e-08,2.0754e-09,5.763e-08,2.2823e-08,3.0348e-08,2.0749e-08,-4.9746e-09
0.08,0,0,0.15708,0.10472,2.621e-08,-2.6008e-08,-3.1253e-08,9.8784e-09,5.5702e-08,1.9557e-08,2.6096e-08,2.9357e-08,-9.2246e-09
-0.04,0.04,0,0.15708,0.10472,1.9879e-08,-3.9971e-08,-1.7398e-08,1.3876e-09,5.0795e-08,2.5023e-08,3.8807e-08,1.1123e-08,-6.8814e-10
0,0.04,0,0.15708,0.10472,2.4748e-08,-3.6943e-08,-1.9797e-08,1.7231e-09,5.2286e-08,2.0989e-08,3.7617e-08,1.4654e-08,-2.0008e-09
0.04,0.04,0,0.15708,0.10472,2.6401e-08,-3.395e-08,-2.3921e-08,1.5872e-09,6.3236e-08,1.9947e-08,3.1084e-08,2.5487e-08,-4.1503e-09
0,0.08,0,0.15708,0.10472,2.5513e-08,-4.3104e-08,-1.8352e-08,-1.323e-09,5.9844e-08,1.9327e-08,3.4647e-08,2.1032e-08,1.0573e-09
-0.04,-0.04,0.04,0.15708,0.10472,1.5773e-08,-2.6966e-08,-2.3386e-08,3.4761e-09,4.7697e-08,2.9574e-08,3.0894e-08,7.438e-09,-1.0139e-08
0,-0.04,0.04,0.15708,0.10472,1.9903e-08,-2.5889e-08,-2.7613e-08,1.8739e-09,5.3085e-08,2.849e-08,2.8336e-08,1.2057e-08,-9.2208e-09
0.04,-0.04,0.04,0.15708,0.10472,2.375e-08,-2.371e-08,-3.3456e-08,5.3399e-09,5.892e-08,2.5644e-08,2.4865e-08,1.6675e-08,-1.3781e-08
-0.04,0,0.04,0.15708,0.10472,1.7738e-08,-3.1677e-08,-2.284e-08,-1.3107e-10,5.3495e-08,2.8094e-08,3.1465e-08,9.8974e-09,-7.0988e-09
0,0,0.04,0.15708,0.10472,2.062e-08,-2.9926e-08,-2.3857e-08,9.1026e-10,5.5336e-08,2.53e-08,2.7202e-08,1.4997e-08,-1.1974e-08
0.04,0,0.04,0.15708,0.10472,2.7658e-08,-2.7666e-08,-3.1234e-08,-7.6347e-10,6.2668e-08,2.2401e-08,2.6654e-08,1.8182e-08,-1.1286e-08
-0.04,0.04,0.04,0.15708,0.10472,2.1761e-08,-3.7023e-08,-2.1584e-08,-2.9537e-09,5.6778e-08,2.521e-08,3.2901e-08,1.0273e-08,-3.3335e-09
0,0.04,0.04,0.15708,0.10472,2.7204e-08,-3.3967e-08,-2.2668e-08,-2.0512e-09,7.2753e-08,2.0603e-08,2.9796e-08,1.6617e-08,-5.1217e-09
0.04,0.04,0.04,0.15708,0.10472,3.375e-08,-3.243e-08,-2.7975e-08,-1.4463e-09,6.8818e-08,1.9494e-08,2.6691e-08,1.8958e-08,-3.1384e-09
0,0,0.08,0.15708,0.10472,2.7314e-08,-2.6727e-08,-2.92e-08,-5.1866e-09,6.1831e-08,2.1928e-08,2.4224e-08,1.2025e-08,-1.0157e-08
0,0,-0.08,0.05236,0.15708,1.0349e-08,-2.653e-08,-1.1733e-08,6.4743e-09,4.1377e-08,2.7115e-08,4.8138e-08,1.3776e-08,-5.9169e-09
-0.04,-0.04,-0.04,0.05236,0.15708,1.3038e-08,-2.6709e-08,-1.7554e-08,6.3453e-09,3.9916e-08,3.5834e-08,4.9988e-08,4.3468e-09,-8.412e-09
0,-0.04,-0.04,0.05236,0.15708,1.2998e-08,-2.3838e-08,-1.7596e-08,1.3117e-08,4.4695e-08,3.3825e-08,4.3202e-08,1.4521e-08,-1.0743e-08
0.04,-0.04,-0.04,0.05236,0.15708,1.4206e-08,-2.372e-08,-2.4633e-08,8.3905e-09,4.6846e-08,2.8209e-08,3.341e-08,1.7912e-08,-1.5536e-08
-0.04,0,-0.04,0.05236,0.15708,1.1957e-08,-3.2869e-08,-1.5863e-08,3.381e-09,4.1519e-08,3.1415e-08,4.6891e-08,7.3535e-09,-4.8567e-09
0,0,-0.04,0.05236,0.15708,1.3487e-08,-2.9925e-08,-1.9641e-08,3.3152e-09,4.323e-08,2.7128e-08,4.0616e-08,1.4725e-08,-9.4295e-09
0.04,0,-0.04,0.05236,0.15708,1.6521e-08,-2.7289e-08,-2.3618e-08,2.9244e-09,4.9507e-08,2.4736e-08,3.4352e-08,2.2861e-08,-8.8843e-09
-0.04,0.04,-0.04,0.05236,0.15708,1.4933e-08,-3.9343e-08,-1.4345e-08,7.7919e-10,4.7572e-08,2.748e-08,4.7276e-08,8.5918e-09,-6.1693e-10
0,0.04,-0.04,0.05236,0.15708,2.0616e-08,-3.6981e-08,-1.7096e-08,2.2309e-09,4.7332e-08,2.2847e-08,4.0999e-08,1.8047e-08,3.979e-10
0.04,0.04,-0.04,0.05236,0.15708,1.9104e-08,-3.2945e-08,-2.0145e-08,1.417e-09,5.502e-08,2.1522e-08,3.7972e-08,2.8385e-08,-4.2502e-09
0,-0.08,0,0.05236,0.15708,1.376e-08,-2.2584e-08,-2.6072e-08,1.1917e-08,4.1925e-08,3.7263e-08,3.6935e-08,9.005e-09,-2.5727e-08
-0.04,-0.04,0,0.05236,0.15708,1.4201e-08,-2.9048e-08,-1.8002e-08,2.6646e-09,3.8531e-08,3.6947e-08,3.9363e-08,6.7657e-09,-1.2724e-08
0,-0.04,0,0.05236,0.15708,1.591e-08,-2.7438e-08,-2.3587e-08,5.4484e-09,4.6469e-08,2.9861e-08,3.3404e-08,1.4367e-08,-1.3283e-08
0.04,-0.04,0,0.05236,0.15708,1.5494e-08,-2.2976e-08,-3.0973e-08,4.4307e-09,5.3551e-08,2.6245e-08,3.0296e-08,2.0798e-08,-1.7829e-08
-0.08,0,0,0.05236,0.15708,1.4622e-08,-3.6846e-08,-1.5382e-08,-3.1118e-09,4.2496e-08,3.1266e-08,4.159e-08,2.408e-09,-5.2471e-09
-0.04,0,0,0.05236,0.15708,1.6427e-08,-3.4147e-08,-1.8538e-08,-1.6581e-09,4.7354e-08,3.1508e-08,4.0342e-08,1.0498e-08,-8.8831e-09
0,0,0,0.05236,0.15708,1.9643e-08,-2.9609e-08,-2.279e-08,-1.4467e-09,5.2813e-08,2.751e-08,3.5034e-08,1.4717e-08,-1.0445e-08
0.04,0,0,0.05236,0.15708,2.0111e-08,-2.8763e-08,-2.6553e-08,7.6403e-10,6.1921e-08,2.2466e-08,3.4038e-08,1.9044e-08,-9.6851e-09
0.08,0,0,0.05236,0.15708,2.1268e-08,-2.7576e-08,-3.2584e-08,1.4676e-09,6.1962e-08,2.0376e-08,2.7025e-08,2.524e-08,-9.5491e-09
-0.04,0.04,0,0.05236,0.15708,1.9975e-08,-4.2367e-08,-1.6302e-08,-2.1546e-09,5.4453e-08,2.5412e-08,3.9441e-08,1.1957e-08,-2.4325e-09
0,0.04,0,0.05236,0.15708,1.989e-08,-3.7753e-08,-2.2451e-08,-9.2488e-10,5.7474e-08,2.3353e-08,3.5144e-08,1.8171e-08,-5.1244e-09
0.04,0.04,0,0.05236,0.15708,2.5787e-08,-3.1948e-08,-2.5565e-08,-2.494e-09,6.6332e-08,1.9727e-08,3.1865e-08,2.3303e-08,-7.0372e-09
0,0.08,0,0.05236,0.15708,2.6075e-08,-4.4792e-08,-1.9757e-08,-4.5348e-09,6.0045e-08,1.9263e-08,3.633e-08,1.6575e-08,-1.2672e-09
-0.04,-0.04,0.04,0.05236,0.15708,1.6422e-08,-2.6652e-08,-2.1639e-08,-1.032e-09,4.994e-08,3.0204e-08,3.2026e-08,6.1878e-09,-1.67e-08
0,-0.04,0.04,0.05236,0.15708,1.8634e-08,-2.5835e-08,-2.5423e-08,-9.4444e-10,5.712e-08,2.7147e-08,2.9082e-08,1.0916e-08,-1.7532e-08
0.04,-0.04,0.04,0.05236,0.15708,2.1022e-08,-2.3196e-08,-3.6909e-08,3.4325e-09,5.5771e-08,2.5525e-08,2.7503e-08,1.7056e-08,-1.8112e-08
-0.04,0,0.04,0.05236,0.15708,1.8159e-08,-3.5647e-08,-1.9867e-08,-7.8482e-09,5.3916e-08,2.8427e-08,3.3265e-08,7.7638e-09,-1.1242e-08
0,0,0.04,0.05236,0.15708,2.0441e-08,-2.9537e-08,-2.6441e-08,-2.6689e-09,5.9702e-08,2.6256e-08,3.1492e-08,1.2938e-08,-1.2485e-08
0.04,0,0.04,0.05236,0.15708,2.7206e-08,-2.8354e-08,-3.0128e-08,-5.2953e-09,7.1128e-08,2.1971e-08,2.7763e-08,1.9278e-08,-1.5367e-08
-0.04,0.04,0.04,0.05236,0.15708,2.2411e-08,-4.2004e-08,-2.1723e-08,-7.062e-09,6.3073e-08,2.2484e-08,3.1783e-08,1.0162e-08,-5.3552e-09
0,0.04,0.04,0.05236,0.15708,2.5528e-08,-4.2284e-08,-2.2844e-08,-6.5711e-09,6.8733e-08,2.086e-08,2.9914e-08,1.7279e-08,-7.8497e-09
0.04,0.04,0.04,0.05236,0.15708,2.6657e-08,-3.152e-08,-3.0082e-08,-6.8388e-09,7.0917e-08,1.9275e-08,2.7881e-08,1.9363e-08,-8.3955e-09
0,0,0.08,0.05236,0.15708,2.5818e-08,-3.0625e-08,-2.8117e-08,-1.1303e-08,7.5978e-08,2.1455e-08,2.3351e-08,1.1507e-08,-1.3705e-08
0,0,-0.08,0.10472,0.15708,1.2557e-08,-2.9563e-08,-1.4181e-08,8.4741e-09,3.8544e-08,2.8409e-08,4.5505e-08,1.2794e-08,5.0826e-10
-0.04,-0.04,-0.04,0.10472,0.15708,1.2169e-08,-2.9301e-08,-1.5604e-08,9.6169e-09,3.8415e-08,3.2802e-08,4.5856e-08,6.5058e-09,-1.0369e-08
0,-0.04,-0.04,0.10472,0.15708,1.3692e-08,-2.6421e-08,-2.0806e-08,1.1998e-08,3.7662e-08,3.0965e-08,4.2544e-08,1.3283e-08,-1.0867e-08
0.04,-0.04,-0.04,0.10472,0.15708,1.4727e-08,-2.3495e-08,-2.201e-08,1.159e-08,4.3976e-08,2.6543e-08,3.4659e-08,2.1529e-08,-1.1043e-08
-0.04,0,-0.04,0.10472,0.15708,1.3776e-08,-3.4192e-08,-1.4106e-08,5.8833e-09,4.2945e-08,2.8785e-08,4.7368e-08,7.5696e-09,-3.3887e-09
0,0,-0.04,0.10472,0.15708,1.3945e-08,-3.0305e-08,-1.7109e-08,4.3815e-09,4.7068e-08,2.6832e-08,3.8479e-08,1.4701e-08,-4.4026e-09
0.04,0,-0.04,0.10472,0.15708,1.8784e-08,-2.8631e-08,-2.3237e-08,7.8469e-09,4.9235e-08,2.2973e-08,3.5203e-08,2.529e-08,-4.6017e-09
-0.04,0.04,-0.04,0.10472,0.15708,1.4957e-08,-3.6582e-08,-1.4908e-08,2.868e-09,4.5961e-08,2.6043e-08,5.1331e-08,8.1679e-09,2.0069e-09
0,0.04,-0.04,0.10472,0.15708,1.9163e-08,-3.3949e-08,-1.5873e-08,3.4686e-09,4.9282e-08,2.2386e-08,4.0924e-08,2.0206e-08,1.5595e-09
0.04,0.04,-0.04,0.10472,0.15708,2.0678e-08,-3.2386e-08,-2.2037e-08,1.8558e-09,5.4826e-08,2.0441e-08,3.4406e-08,2.9394e-08,-1.0198e-09
0,-0.08,0,0.10472,0.15708,1.4039e-08,-2.3339e-08,-2.379e-08,9.2771e-09,4.1577e-08,3.55e-08,3.3942e-08,1.1224e-08,-1.97e-08
-0.04,-0.04,0,0.10472,0.15708,1.4656e-08,-2.7448e-08,-1.8717e-08,5.625e-09,4.7146e-08,3.2828e-08,3.7167e-08,7.8084e-09,-1.3478e-08
0,-0.04,0,0.10472,0.15708,1.7917e-08,-2.6522e-08,-2.0998e-08,5.3379e-09,4.9984e-08,2.8475e-08,3.6021e-08,1.2118e-08,-1.1432e-08
0.04,-0.04,0,0.10472,0.15708,1.8919e-08,-2.4428e-08,-3.1086e-08,1.0135e-08,4.5516e-08,2.6513e-08,3.2619e-08,1.6974e-08,-1.2264e-08
-0.08,0,0,0.10472,0.15708,1.3878e-08,-3.8014e-08,-1.5772e-08,4.2531e-10,4.2491e-08,3.0979e-08,4.3496e-08,5.0068e-09,-6.1234e-09
-0.04,0,0,0.10472,0.15708,1.5891e-08,-3.4262e-08,-1.7016e-08,-5.7365e-10,4.7453e-08,2.7921e-08,3.7575e-08,1.0233e-08,-8.2501e-09
0,0,0,0.10472,0.15708,1.9112e-08,-2.9837e-08,-1.9611e-08,1.3525e-09,4.7243e-08,2.5967e-08,3.5605e-08,1.6149e-08,-9.1509e-09
0.04,0,0,0.10472,0.15708,2.2656e-08,-2.9692e-08,-2.6055e-08,2.0403e-09,5.8783e-08,2.214e-08,3.1551e-08,2.0466e-08,-1.0096e-08
0.08,0,0,0.10472,0.15708,2.4218e-08,-2.6038e-08,-3.3028e-08,3.4604e-09,6.3307e-08,1.998e-08,2.8265e-08,2.7348e-08,-9.4648e-09
-0.04,0.04,0,0.10472,0.15708,1.7782e-08,-4.3147e-08,-1.8332e-08,-5.9739e-10,5.1693e-08,2.5682e-08,4.3278e-08,1.0742e-08,-1.5551e-09
0,0.04,0,0.10472,0.15708,2.3004e-08,-3.5784e-08,-1.8986e-08,8.851e-10,6.1627e-08,2.0999e-08,3.7034e-08,1.6994e-08,-3.3006e-09
0.04,0.04,0,0.10472,0.15708,2.4636e-08,-3.3139e-08,-2.3716e-08,2.1943e-11,7.0547e-08,1.9391e-08,3.2133e-08,2.14e-08,-4.5626e-09
0,0.08,0,0.10472,0.15708,2.548e-08,-4.1432e-08,-1.8675e-08,-1.8681e-09,6.2064e-08,2.0256e-08,3.5471e-08,1.7382e-08,1.3049e-09
-0.04,-0.04,0.04,0.10472,0.15708,1.6892e-08,-2.8103e-08,-2.39e-08,-3.8929e-10,4.6476e-08,3.3401e-08,3.2622e-08,7.1372e-09,-1.4429e-08
0,-0.04,0.04,0.10472,0.15708,1.8052e-08,-2.5495e-08,-2.7555e-08,2.5706e-09,5.0822e-08,2.754e-08,2.843e-08,1.2959e-08,-1.5074e-08
0.04,-0.04,0.04,0.10472,0.15708,2.2207e-08,-2.3714e-08,-3.0235e-08,2.068e-09,5.886e-08,2.2871e-08,2.6152e-08,1.8636e-08,-1.6425e-08
-0.04,0,0.04,0.10472,0.15708,1.8416e-08,-3.4651e-08,-2.119e-08,-2.7392e-09,5.2607e-08,2.7745e-08,3.3289e-08,7.5517e-09,-8.6296e-09
0,0,0.04,0.10472,0.15708,2.2649e-08,-3.1107e-08,-2.7698e-08,-1.9664e-09,5.9335e-08,2.3578e-08,2.8222e-08,1.3216e-08,-1.0577e-08
0.04,0,0.04,0.10472,0.15708,2.5457e-08,-2.9341e-08,-3.2154e-08,-8.1183e-10,7.1103e-08,2.0774e-08,2.9561e-08,1.7289e-08,-1.116e-08
-0.04,0.04,0.04,0.10472,0.15708,2.1877e-08,-4.4945e-08,-1.9267e-08,-4.3396e-09,6.2414e-08,2.3081e-08,3.1439e-08,1.0204e-08,-7.2127e-09
0,0.04,0.04,0.10472,0.15708,2.7029e-08,-3.657e-08,-2.4906e-08,-2.9627e-09,6.1888e-08,1.9493e-08,2.99e-08,1.4304e-08,-4.6938e-09
0.04,0.04,0.04,0.10472,0.15708,3.032e-08,-3.3104e-08,-2.821e-08,-4.6363e-09,7.4055e-08,1.8629e-08,2.7147e-08,1.9807e-08,-7.5499e-09
0,0,0.08,0.10472,0.15708,2.6067e-08,-3.0717e-08,-3.0577e-08,-5.4462e-09,7.1855e-08,2.083e-08,2.7386e-08,1.2767e-08,-1.1951e-08
0,0,-0.08,0.15708,0.15708,1.1849e-08,-3.0415e-08,-1.1535e-08,1.0635e-08,3.7722e-08,2.5358e-08,4.4315e-08,1.7142e-08,1.6947e-09
-0.04,-0.04,-0.04,0.15708,0.15708,1.342e-08,-3.0031e-08,-1.5921e-08,1.0594e-08,3.7356e-08,3.544e-08,4.8467e-08,7.4973e-09,-4.2942e-09
0,-0.04,-0.04,0.15708,0.15708,1.2834e-08,-2.6973e-08,-1.7409e-08,1.2665e-08,4.1622e-08,2.8787e-08,3.8893e-08,1.4373e-08,-7.5862e-09
0.04,-0.04,-0.04,0.15708,0.15708,1.4892e-08,-2.3649e-08,-2.273e-08,1.6986e-08,4.4047e-08,2.3892e-08,3.6312e-08,2.0071e-08,-1.1289e-08
-0.04,0,-0.04,0.15708,0.15708,1.4877e-08,-3.1072e-08,-1.4945e-08,7.7873e-09,4.1169e-08,3.072e-08,4.5688e-08,7.0543e-09,1.2854e-09
0,0,-0.04,0.15708,0.15708,1.6947e-08,-2.9894e-08,-1.6782e-08,8.8073e-09,4.6471e-08,2.423e-08,4.1054e-08,1.4498e-08,-3.9271e-10
0.04,0,-0.04,0.15708,0.15708,1.7977e-08,-2.6607e-08,-2.3413e-08,1.0985e-08,4.4964e-08,2.2314e-08,3.6699e-08,2.3773e-08,6.8632e-10
-0.04,0.04,-0.04,0.15708,0.15708,1.3757e-08,-3.9181e-08,-1.2874e-08,3.6049e-09,4.7512e-08,2.3712e-08,4.5726e-08,7.0246e-09,4.8066e-09
0,0.04,-0.04,0.15708,0.15708,1.9999e-08,-3.7239e-08,-1.5873e-08,4.7479e-09,4.9822e-08,2.2654e-08,4.2587e-08,1.5577e-08,2.2979e-09
0.04,0.04,-0.04,0.15708,0.15708,2.202e-08,-2.8497e-08,-1.713e-08,6.5896e-09,5.1742e-08,1.9884e-08,3.8031e-08,2.9119e-08,3.2248e-09
0,-0.08,0,0.15708,0.15708,1.5155e-08,-2.3583e-08,-2.4949e-08,1.7547e-08,4.0088e-08,3.5433e-08,3.3301e-08,1.3132e-08,-1.7314e-08
-0.04,-0.04,0,0.15708,0.15708,1.5186e-08,-2.7288e-08,-2.102e-08,9.1925e-09,4.3408e-08,3.3323e-08,3.8979e-08,7.7238e-09,-9.463e-09
0,-0.04,0,0.15708,0.15708,1.8565e-08,-2.3998e-08,-2.0274e-08,8.6878e-09,4.9886e-08,2.9452e-08,3.6178e-08,1.4615e-08,-1.1618e-08
0.04,-0.04,0,0.15708,0.15708,1.8461e-08,-2.3401e-08,-2.4626e-08,9.0378e-09,5.167e-08,2.8091e-08,3.1966e-08,1.7345e-08,-1.0875e-08
-0.08,0,0,0.15708,0.15708,1.4004e-08,-3.6679e-08,-1.45e-08,1.0615e-09,3.9927e-08,3.0737e-08,4.5534e-08,2.7785e-09,-1.0398e-09
-0.04,0,0,0.15708,0.15708,1.6927e-08,-3.3337e-08,-1.7941e-08,5.0037e-09,4.1982e-08,2.7087e-08,3.7159e-08,8.5988e-09,-5.2198e-09
0,0,0,0.15708,0.15708,2.1229e-08,-2.8391e-08,-2.204e-08,4.3297e-09,5.3355e-08,2.3534e-08,3.4941e-08,1.4202e-08,-4.6646e-09
0.04,0,0,0.15708,0.15708,2.4555e-08,-2.829e-08,-2.895e-08,5.0905e-09,5.851e-08,2.2538e-08,3.2747e-08,1.9742e-08,-8.0747e-09
0.08,0,0,0.15708,0.15708,2.7919e-08,-2.5522e-08,-3.5802e-08,4.9647e-09,5.6939e-08,2.0238e-08,2.7206e-08,2.5076e-08,-6.9776e-09
-0.04,0.04,0,0.15708,0.15708,1.802e-08,-3.9446e-08,-1.6168e-08,-5.7774e-11,5.438e-08,2.65e-08,3.8143e-08,8.4652e-09,-2.2666e-09
0,0.04,0,0.15708,0.15708,2.5122e-08,-3.7443e-08,-2.0383e-08,1.3075e-09,5.1453e-08,2.0831e-08,3.5351e-08,1.6387e-08,-2.4406e-10
0.04,0.04,0,0.15708,0.15708,2.5336e-08,-3.055e-08,-2.6915e-08,2.5456e-09,6.7133e-08,1.8512e-08,3.1021e-08,2.5134e-08,-3.4375e-10
0,0.08,0,0.15708,0.15708,2.5593e-08,-4.4176e-08,-1.8575e-08,-8.4747e-10,6.3818e-08,1.902e-08,3.5136e-08,1.6705e-08,1.8083e-09
-0.04,-0.04,0.04,0.15708,0.15708,1.6138e-08,-2.8312e-08,-2.2125e-08,-1.0157e-09,5.2059e-08,3.2658e-08,3.1277e-08,7.2736e-09,-1.0446e-08
0,-0.04,0.04,0.15708,0.15708,2.0633e-08,-2.6359e-08,-2.5609e-08,8.6822e-10,5.3933e-08,3.0197e-08,2.9543e-08,1.2787e-08,-1.1705e-08
0.04,-0.04,0.04,0.15708,0.15708,2.1983e-08,-2.5981e-08,-3.1991e-08,5.7115e-09,5.2454e-08,2.3928e-08,2.6772e-08,1.6804e-08,-1.3763e-08
-0.04,0,0.04,0.15708,0.15708,1.8502e-08,-3.2746e-08,-1.9683e-08,-5.7285e-10,5.4682e-08,2.5439e-08,3.1809e-08,5.9453e-09,-6.2569e-09
0,0,0.04,0.15708,0.15708,2.2849e-08,-2.898e-08,-2.4778e-08,-2.4309e-09,6.1527e-08,2.5362e-08,3.158e-08,1.5198e-08,-9.0961e-09
0.04,0,0.04,0.15708,0.15708,2.8288e-08,-2.548e-08,-2.936e-08,1.2778e-10,6.5469e-08,2.3737e-08,2.8199e-08,1.8429e-08,-8.3004e-09
-0.04,0.04,0.04,0.15708,0.15708,2.2486e-08,-3.7903e-08,-1.9064e-08,-2.0241e-09,6.3017e-08,2.2893e-08,3.1676e-08,8.0876e-09,-3.9773e-09
0,0.04,0.04,0.15708,0.15708,2.5871e-08,-3.4887e-08,-2.1851e-08,-1.9963e-09,6.8934e-08,1.9589e-08,2.9826e-08,1.3146e-08,-5.2919e-09
0.04,0.04,0.04,0.15708,0.15708,3.1386e-08,-3.3007e-08,-2.716e-08,-1.1736e-09,7.8534e-08,1.911e-08,2.8079e-08,2.0729e-08,-3.9588e-09
0,0,0.08,0.15708,0.15708,2.2756e-08,-2.9889e-08,-2.7648e-08,-4.7364e-09,6.6351e-08,2.0182e-08,2.4716e-08,1.3971e-08,-1.0649e-08
