0,0,-0.08,0.05236,0.05236,-1.0103e-08,-4.1078e-08,-4.4458e-08,-2.9145e-08,-4.6113e-09,2.9782e-08,4.4982e-08,-3.3333e-08,2.6155e-09,-2.6896e-08,-2.8501e-08,-1.5039e-08
-0.04,-0.04,-0.04,0.05236,0.05236,-5.6818e-09,-4.7634e-08,-4.1364e-08,-2.2175e-08,1.3017e-09,2.2699e-08,5.0562e-08,-3.4321e-08,-1.258e-09,-1.8192e-08,-2.5714e-08,-1.8709e-08
0,-0.04,-0.04,0.05236,0.05236,-9.8042e-09,-4.5728e-08,-3.6049e-08,-2.2537e-08,1.504e-09,2.9215e-08,4.1425e-08,-3.5851e-08,-2.1321e-09,-1.9403e-08,-3.2177e-08,-1.6349e-08
0.04,-0.04,-0.04,0.05236,0.05236,-1.6443e-08,-4.3094e-08,-2.8317e-08,-2.1154e-08,1.2082e-09,4.0476e-08,3.7865e-08,-3.7084e-08,-1.8184e-09,-2.1059e-08,-3.8937e-08,-1.3787e-08
-0.04,0,-0.04,0.05236,0.05236,-5.132e-09,-5.0177e-08,-4.852e-08,-2.7624e-08,8.2371e-10,1.8304e-08,4.4363e-08,-2.8274e-08,1.347e-09,-1.984e-08,-2.5349e-08,-1.5713e-08
0,0,-0.04,0.05236,0.05236,-9.8828e-09,-4.8146e-08,-4.0929e-08,-2.659e-08,-2.7319e-10,2.8384e-08,3.9791e-08,-3.0422e-08,1.5727e-09,-2.0476e-08,-3.1432e-08,-1.2191e-08
0.04,0,-0.04,0.05236,0.05236,-1.536e-08,-4.7327e-08,-3.3202e-08,-2.6228e-08,9.4173e-10,3.5577e-08,3.5216e-08,-2.9844e-08,1.243e-09,-2.3033e-08,-3.6359e-08,-8.9964e-09
-0.04,0.04,-0.04,0.05236,0.05236,-5.4369e-09,-5.2898e-08,-5.6715e-08,-3.5222e-08,-1.4447e-09,1.3746e-08,3.8814e-08,-2.4466e-08,3.7831e-09,-2.2235e-08,-2.4322e-08,-1.1698e-08
0,0.04,-0.04,0.05236,0.05236,-8.9802e-09,-4.9245e-08,-4.2796e-08,-3.536e-08,3.5522e-10,2.0635e-08,3.5985e-08,-2.4894e-08,4.3416e-09,-2.4711e-08,-2.9632e-08,-9.4772e-09
0.04,0.04,-0.04,0.05236,0.05236,-1.3705e-08,-4.6653e-08,-3.6879e-08,-3.1537e-08,6.167e-10,2.9518e-08,3.2294e-08,-2.5923e-08,5.9216e-09,-2.4423e-08,-3.4071e-08,-6.478e-09
0,-0.08,0,0.05236,0.05236,-8.7466e-09,-5.1019e-08,-2.9394e-08,-1.5764e-08,6.7251e-09,3.0395e-08,3.7279e-08,-3.9616e-08,-6.2658e-09,-1.3828e-08,-3.3033e-08,-1.5954e-08
-0.04,-0.04,0,0.05236,0.05236,-4.1567e-09,-5.6388e-08,-3.7176e-08,-1.9968e-08,6.5044e-09,2.0767e-08,3.9009e-08,-3.037e-08,-4.014e-09,-1.4985e-08,-2.7235e-08,-1.514e-08
0,-0.04,0,0.05236,0.05236,-9.2572e-09,-5.5666e-08,-3.4633e-08,-1.9087e-08,7.6363e-09,2.7469e-08,3.4815e-08,-3.1672e-08,-4.5209e-09,-1.4673e-08,-3.3708e-08,-1.1599e-08
0.04,-0.04,0,0.05236,0.05236,-1.6605e-08,-4.973e-08,-2.7851e-08,-1.8e-08,5.3777e-09,3.5294e-08,3.1333e-08,-3.3493e-08,-5.4583e-09,-1.5373e-08,-4.0848e-08,-8.8911e-09
-0.08,0,0,0.05236,0.05236,-7.8155e-10,-6.4519e-08,-5.1509e-08,-2.4889e-08,8.1835e-09,1.1738e-08,4.0392e-08,-2.5585e-08,-1.1785e-09,-1.4477e-08,-2.1591e-08,-1.3895e-08
-0.04,0,0,0.05236,0.05236,-4.1894e-09,-6.0049e-08,-4.5876e-08,-2.5348e-08,7.2796e-09,1.7754e-08,3.8521e-08,-2.5796e-08,-1.9525e-09,-1.5549e-08,-2.6273e-08,-1.0358e-08
0,0,0,0.05236,0.05236,-9.5843e-09,-5.8804e-08,-3.6786e-08,-2.4688e-08,6.824e-09,2.3267e-08,3.4536e-08,-2.7e-08,-1.0521e-09,-1.6436e-08,-3.0037e-08,-8.1339e-09
0.04,0,0,0.05236,0.05236,-1.6342e-08,-5.1992e-08,-3.2354e-08,-2.3004e-08,5.7239e-09,3.179e-08,3.1348e-08,-2.7615e-08,-2.4287e-09,-1.6373e-08,-3.898e-08,-6.2202e-09
0.08,0,0,0.05236,0.05236,-2.3574e-08,-4.7969e-08,-2.4873e-08,-2.0753e-08,5.4663e-09,3.7992e-08,2.762e-08,-2.9327e-08,-2.0988e-09,-1.5749e-08,-4.6499e-08,-4.2612e-09
-0.04,0.04,0,0.05236,0.05236,-3.705e-09,-6.4292e-08,-5.1538e-08,-3.1482e-08,7.4549e-09,1.5057e-08,3.6284e-08,-2.1784e-08,1.7579e-09,-1.6003e-08,-2.491e-08,-5.6867e-09
0,0.04,0,0.05236,0.05236,-7.8947e-09,-6.0785e-08,-4.1328e-08,-2.9663e-08,6.8028e-09,2.1978e-08,3.2008e-08,-2.3446e-08,2.3306e-09,-1.761e-08,-2.9848e-08,-5.1355e-09
0.04,0.04,0,0.05236,0.05236,-1.2663e-08,-5.4695e-08,-3.4074e-08,-2.7393e-08,5.6334e-09,2.5816e-08,2.8267e-08,-2.3259e-08,2.8288e-09,-1.6177e-08,-3.6315e-08,-3.9394e-09
0,0.08,0,0.05236,0.05236,-7.9944e-09,-5.9793e-08,-4.7163e-08,-3.6974e-08,6.2393e-09,1.6154e-08,2.957e-08,-1.9339e-08,7.1871e-09,-1.67e-08,-2.7292e-08,-2.3475e-09
-0.04,-0.04,0.04,0.05236,0.05236,-1.8307e-09,-6.8333e-08,-3.5943e-08,-1.7126e-08,1.3385e-08,1.9315e-08,3.2174e-08,-2.529e-08,-6.3777e-09,-1.1222e-08,-2.6362e-08,-7.7855e-09
0,-0.04,0.04,0.05236,0.05236,-7.8152e-09,-6.4865e-08,-3.25e-08,-1.5806e-08,1.2516e-08,2.4726e-08,2.939e-08,-2.6452e-08,-8.0588e-09,-1.063e-08,-3.2967e-08,-4.8296e-09
0.04,-0.04,0.04,0.05236,0.05236,-1.5878e-08,-5.914e-08,-2.6019e-08,-1.6266e-08,9.7032e-09,3.0505e-08,2.6639e-08,-2.7612e-08,-1.0544e-08,-1.0193e-08,-3.895e-08,-3.3463e-09
-0.04,0,0.04,0.05236,0.05236,-1.9821e-09,-7.5717e-08,-4.0888e-08,-2.0687e-08,1.484e-08,1.6689e-08,3.1132e-08,-2.2294e-08,-3.6954e-09,-1.0852e-08,-2.5026e-08,-4.4435e-09
0,0,0.04,0.05236,0.05236,-9.0166e-09,-6.9034e-08,-3.6509e-08,-2.1325e-08,1.2776e-08,2.2836e-08,2.8114e-08,-2.3159e-08,-5.765e-09,-1.0562e-08,-3.1026e-08,-2.6725e-09
0.04,0,0.04,0.05236,0.05236,-1.3892e-08,-6.363e-08,-3.0072e-08,-1.9618e-08,1.0239e-08,2.8313e-08,2.5492e-08,-2.3985e-08,-5.8139e-09,-1.0334e-08,-3.8677e-08,-2.6328e-09
-0.04,0.04,0.04,0.05236,0.05236,-2.98e-09,-7.5766e-08,-4.494e-08,-2.7416e-08,1.4698e-08,1.523e-08,2.9029e-08,-1.8402e-08,-8.683e-10,-1.1734e-08,-2.4668e-08,-2.1655e-09
0,0.04,0.04,0.05236,0.05236,-6.7749e-09,-7.0095e-08,-3.8121e-08,-2.4578e-08,1.1987e-08,1.8823e-08,2.6383e-08,-2.0118e-08,-1.7201e-09,-1.0229e-08,-2.9344e-08,1.7579e-10
0.04,0.04,0.04,0.05236,0.05236,-1.2635e-08,-6.5906e-08,-3.3348e-08,-2.3163e-08,1.0288e-08,2.3966e-08,2.4988e-08,-1.9629e-08,-1.9827e-09,-9.4141e-09,-3.6618e-08,-1.7961e-10
0,0,0.08,0.05236,0.05236,-6.3437e-09,-8.6459e-08,-3.2348e-08,-1.529e-08,1.7658e-08,2.0584e-08,2.3233e-08,-1.8901e-08,-1.0543e-08,-5.9231e-09,-2.8747e-08,3.154e-09
0,0,-0.08,0.10472,0.05236,-9.6391e-09,-3.9408e-08,-4.4786e-08,-2.6485e-08,-3.2822e-09,2.8198e-08,4.6338e-08,-3.1919e-08,1.9886e-09,-2.6376e-08,-2.8745e-08,-1.653e-08
-0.04,-0.04,-0.04,0.10472,0.05236,-5.0279e-09,-4.8817e-08,-4.4222e-08,-2.0513e-08,2.4074e-09,2.1486e-08,4.8469e-08,-3.4826e-08,-2.9808e-09,-1.7904e-08,-2.6675e-08,-2.3386e-08
0,-0.04,-0.04,0.10472,0.05236,-1.0041e-08,-4.5833e-08,-3.536e-08,-1.9703e-08,2.6456e-09,2.9885e-08,4.3234e-08,-3.7937e-08,-2.7783e-09,-1.8489e-08,-3.1988e-08,-1.9528e-08
0.04,-0.04,-0.04,0.10472,0.05236,-1.7226e-08,-4.3176e-08,-3.0015e-08,-1.9218e-08,2.6249e-09,3.7045e-08,3.8329e-08,-3.9125e-08,-3.0999e-09,-1.9452e-08,-3.9204e-08,-1.4399e-08
-0.04,0,-0.04,0.10472,0.05236,-5.4045e-09,-5.1019e-08,-5.0318e-08,-2.5211e-08,1.073e-09,1.8492e-08,4.571e-08,-3.0261e-08,-7.2237e-10,-1.8656e-08,-2.5922e-08,-1.6614e-08
0,0,-0.04,0.10472,0.05236,-1.0019e-08,-4.8642e-08,-4.1942e-08,-2.4067e-08,2.5105e-09,2.4505e-08,4.0181e-08,-3.0704e-08,-1.277e-10,-1.9501e-08,-3.0596e-08,-1.5134e-08
0.04,0,-0.04,0.10472,0.05236,-1.5036e-08,-4.5169e-08,-3.4863e-08,-2.3011e-08,2.0513e-09,3.3814e-08,3.3558e-08,-3.1325e-08,1.1724e-09,-2.2581e-08,-3.5766e-08,-1.1696e-08
-0.04,0.04,-0.04,0.10472,0.05236,-5.0011e-09,-5.2766e-08,-5.7066e-08,-3.1545e-08,-1.3903e-10,1.4268e-08,4.0763e-08,-2.516e-08,1.8357e-09,-1.9859e-08,-2.3989e-08,-1.2312e-08
0,0.04,-0.04,0.10472,0.05236,-9.8687e-09,-4.9545e-08,-4.5475e-08,-3.117e-08,6.0289e-10,2.0859e-08,3.5422e-08,-2.5419e-08,3.4914e-09,-2.2129e-08,-2.8956e-08,-9.8388e-09
0.04,0.04,-0.04,0.10472,0.05236,-1.4471e-08,-4.6127e-08,-3.7465e-08,-2.9584e-08,5.0107e-10,2.9753e-08,3.1626e-08,-2.6877e-08,4.0846e-09,-2.257e-08,-3.5415e-08,-9.1365e-09
0,-0.08,0,0.10472,0.05236,-8.6309e-09,-4.8718e-08,-2.9453e-08,-1.4071e-08,7.9083e-09,2.8454e-08,3.9428e-08,-4.1387e-08,-7.6491e-09,-1.2839e-08,-3.4027e-08,-1.8775e-08
-0.04,-0.04,0,0.10472,0.05236,-3.9829e-09,-5.4602e-08,-4.0567e-08,-1.7827e-08,9.251e-09,1.9656e-08,3.9158e-08,-3.2711e-08,-5.4338e-09,-1.32e-08,-2.7154e-08,-1.6438e-08
0,-0.04,0,0.10472,0.05236,-9.3702e-09,-5.5019e-08,-3.4838e-08,-1.6621e-08,8.0626e-09,2.7104e-08,3.5025e-08,-3.278e-08,-5.8935e-09,-1.4003e-08,-3.2774e-08,-1.4314e-08
0.04,-0.04,0,0.10472,0.05236,-1.5815e-08,-5.0235e-08,-2.8758e-08,-1.6912e-08,7.2987e-09,3.4513e-08,3.2113e-08,-3.2657e-08,-6.8405e-09,-1.4305e-08,-3.9499e-08,-1.0539e-08
-0.08,0,0,0.10472,0.05236,1.7754e-10,-6.2394e-08,-5.5345e-08,-2.2604e-08,1.0494e-08,1.2594e-08,4.1125e-08,-2.59e-08,-3.1132e-09,-1.3802e-08,-2.1763e-08,-1.4754e-08
-0.04,0,0,0.10472,0.05236,-4.675e-09,-5.9403e-08,-4.7348e-08,-2.2153e-08,9.8269e-09,1.6171e-08,3.8607e-08,-2.6286e-08,-3.3716e-09,-1.499e-08,-2.5365e-08,-1.2594e-08
0,0,0,0.10472,0.05236,-9.242e-09,-5.8194e-08,-3.8695e-08,-2.0231e-08,6.9741e-09,2.2646e-08,3.3504e-08,-2.8231e-08,-2.8249e-09,-1.4931e-08,-3.0511e-08,-1.0621e-08
0.04,0,0,0.10472,0.05236,-1.5878e-08,-5.2007e-08,-3.2472e-08,-2.0828e-08,6.4025e-09,2.9469e-08,3.1147e-08,-2.8725e-08,-3.475e-09,-1.5031e-08,-3.7874e-08,-7.5962e-09
0.08,0,0,0.10472,0.05236,-2.2455e-08,-4.8026e-08,-2.6436e-08,-1.9282e-08,5.2974e-09,3.56e-08,2.7505e-08,-2.9484e-08,-3.6743e-09,-1.4274e-08,-4.4736e-08,-6.3028e-09
-0.04,0.04,0,0.10472,0.05236,-4.1641e-09,-6.2723e-08,-5.2026e-08,-2.7328e-08,8.6756e-09,1.3406e-08,3.559e-08,-2.2521e-08,-3.2686e-10,-1.6217e-08,-2.45e-08,-9.6395e-09
0,0.04,0,0.10472,0.05236,-8.5681e-09,-5.905e-08,-4.454e-08,-2.7335e-08,6.8136e-09,1.9775e-08,3.1585e-08,-2.405e-08,1.2712e-10,-1.6313e-08,-2.9411e-08,-7.5581e-09
0.04,0.04,0,0.10472,0.05236,-1.4901e-08,-5.3962e-08,-3.7324e-08,-2.7155e-08,7.0575e-09,2.4833e-08,2.8181e-08,-2.4041e-08,1.6158e-09,-1.5184e-08,-3.4577e-08,-6.56e-09
0,0.08,0,0.10472,0.05236,-7.9847e-09,-6.2407e-08,-4.7378e-08,-3.4176e-08,5.719e-09,1.5772e-08,2.8554e-08,-2.0046e-08,4.2788e-09,-1.4834e-08,-2.7431e-08,-4.9069e-09
-0.04,-0.04,0.04,0.10472,0.05236,-2.0955e-09,-6.6997e-08,-3.7451e-08,-1.4186e-08,1.5293e-08,1.8256e-08,3.2197e-08,-2.7022e-08,-8.291e-09,-1.0194e-08,-2.6081e-08,-1.1394e-08
0,-0.04,0.04,0.10472,0.05236,-8.5093e-09,-6.3289e-08,-3.2064e-08,-1.3769e-08,1.3517e-08,2.4252e-08,2.9007e-08,-2.8929e-08,-9.1372e-09,-9.2506e-09,-3.157e-08,-8.3499e-09
0.04,-0.04,0.04,0.10472,0.05236,-1.6392e-08,-5.8841e-08,-2.6239e-08,-1.3206e-08,1.0868e-08,2.9677e-08,2.6609e-08,-2.833e-08,-1.0892e-08,-8.8201e-09,-3.9997e-08,-6.9551e-09
-0.04,0,0.04,0.10472,0.05236,-3.4182e-09,-7.5301e-08,-4.1763e-08,-1.7248e-08,1.5613e-08,1.6074e-08,3.161e-08,-2.2688e-08,-5.7977e-09,-1.0075e-08,-2.5621e-08,-7.28e-09
0,0,0.04,0.10472,0.05236,-8.4687e-09,-6.9233e-08,-3.6322e-08,-1.6884e-08,1.3827e-08,2.0749e-08,2.8911e-08,-2.3798e-08,-8.2191e-09,-9.8817e-09,-3.1218e-08,-4.9937e-09
0.04,0,0.04,0.10472,0.05236,-1.4738e-08,-6.1695e-08,-3.0371e-08,-1.7153e-08,1.0835e-08,2.7329e-08,2.601e-08,-2.4922e-08,-8.07e-09,-8.6878e-09,-3.7187e-08,-3.7286e-09
-0.04,0.04,0.04,0.10472,0.05236,-3.0357e-09,-7.638e-08,-4.8046e-08,-2.3827e-08,1.6782e-08,1.3084e-08,2.9529e-08,-2.0025e-08,-3.9669e-09,-1.0747e-08,-2.4968e-08,-3.8909e-09
0,0.04,0.04,0.10472,0.05236,-6.6908e-09,-7.0945e-08,-3.9085e-08,-2.123e-08,1.2486e-08,1.7815e-08,2.8328e-08,-2.1726e-08,-2.7832e-09,-9.1766e-09,-2.9137e-08,-3.1861e-09
0.04,0.04,0.04,0.10472,0.05236,-1.3738e-08,-6.7654e-08,-3.2649e-08,-2.1097e-08,1.0546e-08,2.2337e-08,2.4824e-08,-2.1367e-08,-3.1688e-09,-8.6039e-09,-3.3435e-08,-2.0516e-09
0,0,0.08,0.10472,0.05236,-6.6966e-09,-8.4203e-08,-3.2017e-08,-1.1816e-08,1.7491e-08,1.927e-08,2.388e-08,-2.0367e-08,-1.1256e-08,-5.6595e-09,-2.9306e-08,3.7043e-10
0,0,-0.08,0.15708,0.05236,-9.8795e-09,-3.9617e-08,-4.5206e-08,-2.422e-08,-2.9775e-09,2.4134e-08,4.5301e-08,-3.3657e-08,-8.374e-11,-2.5538e-08,-2.8433e-08,-1.944e-08
-0.04,-0.04,-0.04,0.15708,0.05236,-5.0253e-09,-4.8307e-08,-4.5041e-08,-1.7945e-08,3.2712e-09,2.0651e-08,4.8244e-08,-3.5966e-08,-4.7203e-09,-1.5836e-08,-2.5846e-08,-2.5431e-08
0,-0.04,-0.04,0.15708,0.05236,-1.0367e-08,-4.6031e-08,-3.8411e-08,-1.7316e-08,3.5659e-09,2.6565e-08,4.4206e-08,-3.6901e-08,-5.18e-09,-1.6753e-08,-3.0206e-08,-2.1059e-08
0.04,-0.04,-0.04,0.15708,0.05236,-1.5092e-08,-4.2387e-08,-2.989e-08,-1.7753e-08,3.7402e-09,3.6443e-08,3.7314e-08,-3.9708e-08,-5.0145e-09,-1.8657e-08,-3.8237e-08,-1.6799e-08
-0.04,0,-0.04,0.15708,0.05236,-5.9026e-09,-4.917e-08,-5.1311e-08,-2.247e-08,2.5105e-09,1.6423e-08,4.513e-08,-2.9991e-08,-2.1229e-09,-1.7598e-08,-2.4633e-08,-1.9693e-08
0,0,-0.04,0.15708,0.05236,-9.8536e-09,-4.687e-08,-4.4372e-08,-2.2501e-08,2.6962e-09,2.3781e-08,3.9184e-08,-3.2158e-08,-2.7833e-09,-1.859e-08,-2.9637e-08,-1.6306e-08
0.04,0,-0.04,0.15708,0.05236,-1.5992e-08,-4.4571e-08,-3.5287e-08,-2.1756e-08,3.1408e-09,3.0577e-08,3.5459e-08,-3.2783e-08,-2.9947e-09,-1.8216e-08,-3.5513e-08,-1.3487e-08
-0.04,0.04,-0.04,0.15708,0.05236,-6.3139e-09,-5.1744e-08,-5.6375e-08,-3.0826e-08,9.4617e-10,1.1946e-08,4.214e-08,-2.5694e-08,5.0375e-10,-2.0406e-08,-2.3904e-08,-1.5365e-08
0,0.04,-0.04,0.15708,0.05236,-1.0067e-08,-4.9402e-08,-4.6905e-08,-2.8136e-08,2.0688e-09,1.7495e-08,3.7267e-08,-2.6477e-08,5.6393e-10,-2.1417e-08,-2.8419e-08,-1.2738e-08
0.04,0.04,-0.04,0.15708,0.05236,-1.4076e-08,-4.5907e-08,-3.9048e-08,-2.7382e-08,3.1643e-09,2.4265e-08,3.1829e-08,-2.6865e-08,2.5274e-09,-2.0896e-08,-3.4502e-08,-1.0552e-08
0,-0.08,0,0.15708,0.05236,-8.7244e-09,-4.8759e-08,-3.1953e-08,-1.1314e-08,9.2168e-09,2.8703e-08,3.659e-08,-4.0868e-08,-8.9658e-09,-1.2868e-08,-3.381e-08,-2.2717e-08
-0.04,-0.04,0,0.15708,0.05236,-4.5141e-09,-5.6951e-08,-4.0205e-08,-1.551e-08,8.5797e-09,1.8664e-08,3.9648e-08,-3.3322e-08,-6.1947e-09,-1.3207e-08,-2.6552e-08,-2.0962e-08
0,-0.04,0,0.15708,0.05236,-1.0728e-08,-5.3298e-08,-3.6116e-08,-1.475e-08,8.1483e-09,2.4701e-08,3.7418e-08,-3.3935e-08,-7.7338e-09,-1.2595e-08,-3.1904e-08,-1.5371e-08
0.04,-0.04,0,0.15708,0.05236,-1.6662e-08,-5.024e-08,-3.056e-08,-1.4449e-08,8.1831e-09,3.1359e-08,3.387e-08,-3.6713e-08,-9.0184e-09,-1.238e-08,-3.83e-08,-1.1373e-08
-0.08,0,0,0.15708,0.05236,-2.7438e-10,-6.2651e-08,-5.4975e-08,-2.0194e-08,1.1067e-08,1.1177e-08,4.1963e-08,-2.6765e-08,-4.3502e-09,-1.2951e-08,-2.1596e-08,-1.7705e-08
-0.04,0,0,0.15708,0.05236,-5.2724e-09,-6.0379e-08,-4.6589e-08,-1.8438e-08,1.0667e-08,1.7544e-08,3.7639e-08,-2.7868e-08,-4.9932e-09,-1.373e-08,-2.5628e-08,-1.4526e-08
0,0,0,0.15708,0.05236,-9.9772e-09,-5.7576e-08,-3.9562e-08,-1.833e-08,8.8771e-09,2.1943e-08,3.5049e-08,-2.9479e-08,-4.6608e-09,-1.3756e-08,-3.0304e-08,-1.2207e-08
0.04,0,0,0.15708,0.05236,-1.579e-08,-5.2634e-08,-3.4054e-08,-1.7297e-08,7.8656e-09,2.8905e-08,3.1037e-08,-2.895e-08,-6.1244e-09,-1.3155e-08,-3.7636e-08,-9.5128e-09
0.08,0,0,0.15708,0.05236,-2.2093e-08,-4.7739e-08,-2.7544e-08,-1.7612e-08,6.7415e-09,3.343e-08,2.7382e-08,-2.9607e-08,-6.587e-09,-1.1913e-08,-4.4222e-08,-6.6033e-09
-0.04,0.04,0,0.15708,0.05236,-4.5331e-09,-6.1635e-08,-5.2572e-08,-2.4331e-08,8.8233e-09,1.2707e-08,3.5092e-08,-2.3609e-08,-1.6831e-09,-1.407e-08,-2.4628e-08,-1.0144e-08
0,0.04,0,0.15708,0.05236,-8.3356e-09,-5.9584e-08,-4.4513e-08,-2.5406e-08,7.0468e-09,1.7222e-08,3.2147e-08,-2.358e-08,-8.7804e-10,-1.3821e-08,-2.9284e-08,-8.8282e-09
0.04,0.04,0,0.15708,0.05236,-1.389e-08,-5.4573e-08,-3.537e-08,-2.2458e-08,7.623e-09,2.3356e-08,2.7965e-08,-2.4734e-08,-2.5525e-10,-1.3571e-08,-3.4015e-08,-7.8991e-09
0,0.08,0,0.15708,0.05236,-8.4149e-09,-5.8768e-08,-4.7043e-08,-2.9923e-08,7.3158e-09,1.465e-08,2.9182e-08,-2.1264e-08,2.7669e-09,-1.4745e-08,-2.6342e-08,-6.4324e-09
-0.04,-0.04,0.04,0.15708,0.05236,-1.461e-09,-6.9373e-08,-3.845e-08,-1.1928e-08,1.7712e-08,1.7405e-08,3.1976e-08,-2.9037e-08,-9.4348e-09,-9.3228e-09,-2.7147e-08,-1.4803e-08
0,-0.04,0.04,0.15708,0.05236,-7.7365e-09,-6.2126e-08,-3.3192e-08,-1.1034e-08,1.3633e-08,2.343e-08,3.0258e-08,-2.9589e-08,-1.1132e-08,-7.8912e-09,-3.2334e-08,-9.7146e-09
0.04,-0.04,0.04,0.15708,0.05236,-1.8558e-08,-5.8897e-08,-2.8591e-08,-1.1286e-08,1.1834e-08,2.8589e-08,2.7689e-08,-3.0034e-08,-1.2429e-08,-7.5843e-09,-3.8226e-08,-7.4564e-09
-0.04,0,0.04,0.15708,0.05236,-3.0241e-09,-7.2724e-08,-4.3021e-08,-1.5855e-08,1.7728e-08,1.5955e-08,3.0645e-08,-2.364e-08,-7.6327e-09,-8.0691e-09,-2.5401e-08,-9.7718e-09
0,0,0.04,0.15708,0.05236,-8.1516e-09,-6.8013e-08,-3.5956e-08,-1.4608e-08,1.3852e-08,2.112e-08,2.906e-08,-2.5827e-08,-9.4335e-09,-8.1496e-09,-3.0262e-08,-7.2937e-09
0.04,0,0.04,0.15708,0.05236,-1.5365e-08,-6.1165e-08,-3.151e-08,-1.3751e-08,1.1496e-08,2.5724e-08,2.731e-08,-2.6279e-08,-1.0397e-08,-7.5536e-09,-3.6252e-08,-5.1959e-09
-0.04,0.04,0.04,0.15708,0.05236,-2.2977e-09,-7.68e-08,-4.7543e-08,-1.9216e-08,1.5695e-08,1.2909e-08,2.9921e-08,-2.0757e-08,-5.6664e-09,-8.7624e-09,-2.3938e-08,-7.2059e-09
0,0.04,0.04,0.15708,0.05236,-8.2001e-09,-6.9839e-08,-4.1125e-08,-1.8958e-08,1.2831e-08,1.6348e-08,2.7023e-08,-2.1543e-08,-5.8852e-09,-8.4102e-09,-2.9041e-08,-4.9373e-09
0.04,0.04,0.04,0.15708,0.05236,-1.4233e-08,-6.4638e-08,-3.3429e-08,-1.7062e-08,1.1664e-08,2.1427e-08,2.5346e-08,-2.2636e-08,-6.7333e-09,-6.9851e-09,-3.4666e-08,-3.0104e-09
0,0,0.08,0.15708,0.05236,-7.0899e-09,-7.9403e-08,-3.3679e-08,-9.8961e-09,1.9713e-08,1.8093e-08,2.4317e-08,-2.1889e-08,-1.2644e-08,-4.1988e-09,-2.9515e-08,-1.5787e-09
0,0,-0.08,0.05236,0.10472,-1.0735e-08,-4.1052e-08,-4.3264e-08,-2.9496e-08,-4.2238e-09,2.8224e-08,4.529e-08,-3.198e-08,3.1464e-09,-2.7897e-08,-2.7702e-08,-1.4783e-08
-0.04,-0.04,-0.04,0.05236,0.10472,-5.0511e-09,-4.9183e-08,-4.2548e-08,-2.253e-08,1.4197e-09,2.1518e-08,4.7734e-08,-3.6143e-08,-1.6833e-09,-1.8863e-08,-2.7483e-08,-1.9261e-08
0,-0.04,-0.04,0.05236,0.10472,-9.7864e-09,-4.688e-08,-3.5061e-08,-2.167e-08,1.3076e-09,2.9784e-08,4.4159e-08,-3.6214e-08,-1.823e-09,-1.9316e-08,-3.1599e-08,-1.684e-08
0.04,-0.04,-0.04,0.05236,0.10472,-1.6543e-08,-4.2927e-08,-2.7851e-08,-2.067e-08,1.7541e-09,4.011e-08,3.741e-08,-3.6453e-08,-2.339e-09,-2.0585e-08,-4.0171e-08,-1.216e-08
-0.04,0,-0.04,0.05236,0.10472,-5.9727e-09,-5.1083e-08,-4.8658e-08,-2.743e-08,1.8678e-09,1.9357e-08,4.4311e-08,-2.7929e-08,1.4978e-09,-2.0495e-08,-2.5546e-08,-1.4784e-08
0,0,-0.04,0.05236,0.10472,-9.7832e-09,-4.8271e-08,-4.1036e-08,-2.6515e-08,2.9415e-10,2.6999e-08,3.9456e-08,-2.934e-08,7.2841e-10,-2.0924e-08,-2.9787e-08,-1.1713e-08
0.04,0,-0.04,0.05236,0.10472,-1.4349e-08,-4.548e-08,-3.4117e-08,-2.5975e-08,2.174e-09,3.2844e-08,3.4889e-08,-3.117e-08,1.5384e-09,-2.2034e-08,-3.8021e-08,-9.4169e-09
-0.04,0.04,-0.04,0.05236,0.10472,-4.9897e-09,-5.276e-08,-5.4862e-08,-3.3813e-08,-2.8707e-10,1.5487e-08,4.0348e-08,-2.4517e-08,3.9806e-09,-2.2802e-08,-2.4631e-08,-9.9709e-09
0,0.04,-0.04,0.05236,0.10472,-8.8525e-09,-4.9649e-08,-4.5848e-08,-3.2158e-08,7.9547e-10,2.1939e-08,3.6316e-08,-2.4902e-08,4.7832e-09,-2.3312e-08,-2.9855e-08,-9.055e-09
0.04,0.04,-0.04,0.05236,0.10472,-1.3966e-08,-4.8223e-08,-3.6972e-08,-3.0178e-08,9.9403e-10,2.8297e-08,3.397e-08,-2.6343e-08,5.79e-09,-2.4876e-08,-3.5561e-08,-6.4318e-09
0,-0.08,0,0.05236,0.10472,-8.3795e-09,-5.2493e-08,-2.833e-08,-1.5629e-08,6.8708e-09,2.9761e-08,3.6481e-08,-3.8597e-08,-6.2811e-09,-1.4016e-08,-3.4777e-08,-1.5785e-08
-0.04,-0.04,0,0.05236,0.10472,-3.5829e-09,-5.966e-08,-3.9808e-08,-1.9606e-08,8.4198e-09,2.1701e-08,3.737e-08,-3.0147e-08,-3.9444e-09,-1.3906e-08,-2.7325e-08,-1.5496e-08
0,-0.04,0,0.05236,0.10472,-1.0054e-08,-5.6625e-08,-3.3331e-08,-1.9213e-08,6.4471e-09,2.7248e-08,3.6428e-08,-3.3572e-08,-4.2409e-09,-1.5289e-08,-3.3467e-08,-1.2349e-08
0.04,-0.04,0,0.05236,0.10472,-1.5655e-08,-5.0756e-08,-2.7867e-08,-1.7776e-08,5.9015e-09,3.5711e-08,3.1538e-08,-3.1644e-08,-4.8107e-09,-1.5322e-08,-4.0178e-08,-7.9232e-09
-0.08,0,0,0.05236,0.10472,-8.7694e-10,-6.2563e-08,-5.2508e-08,-2.5873e-08,8.4151e-09,1.2503e-08,4.1012e-08,-2.44e-08,-1.0162e-09,-1.4777e-08,-2.2447e-08,-1.2353e-08
-0.04,0,0,0.05236,0.10472,-4.1852e-09,-5.9589e-08,-4.5699e-08,-2.5274e-08,7.1209e-09,1.8211e-08,3.7978e-08,-2.6228e-08,-1.9128e-09,-1.5678e-08,-2.6448e-08,-1.0627e-08
0,0,0,0.05236,0.10472,-9.3446e-09,-5.8976e-08,-3.8379e-08,-2.4231e-08,6.5411e-09,2.4187e-08,3.3032e-08,-2.7314e-08,-2.4733e-09,-1.5307e-08,-3.0193e-08,-8.0555e-09
0.04,0,0,0.05236,0.10472,-1.5136e-08,-5.292e-08,-3.2126e-08,-2.2826e-08,5.9739e-09,3.1555e-08,3.0384e-08,-2.8131e-08,-1.3915e-09,-1.4582e-08,-3.8014e-08,-6.687e-09
0.08,0,0,0.05236,0.10472,-2.1258e-08,-4.9864e-08,-2.5676e-08,-2.0654e-08,5.5099e-09,3.6193e-08,2.7772e-08,-2.8146e-08,-2.1587e-09,-1.4757e-08,-4.773e-08,-4.1628e-09
-0.04,0.04,0,0.05236,0.10472,-4.6259e-09,-6.1865e-08,-5.0233e-08,-3.2599e-08,5.0507e-09,1.605e-08,3.4685e-08,-2.2189e-08,1.4625e-09,-1.6087e-08,-2.4529e-08,-7.0006e-09
0,0.04,0,0.05236,0.10472,-8.3775e-09,-5.9938e-08,-4.2017e-08,-3.0571e-08,6.0239e-09,1.9753e-08,3.2288e-08,-2.2987e-08,2.4306e-09,-1.6534e-08,-2.9117e-08,-4.2191e-09
0.04,0.04,0,0.05236,0.10472,-1.334e-08,-5.5504e-08,-3.547e-08,-2.8422e-08,5.3425e-09,2.5476e-08,2.8412e-08,-2.2749e-08,3.0308e-09,-1.5763e-08,-3.5871e-08,-3.2448e-09
0,0.08,0,0.05236,0.10472,-8.1289e-09,-6.1027e-08,-4.6098e-08,-3.9161e-08,5.7584e-09,1.6023e-08,2.9753e-08,-1.9233e-08,7.5171e-09,-1.9576e-08,-2.8485e-08,-4.0001e-09
-0.04,-0.04,0.04,0.05236,0.10472,-8.0478e-10,-6.8416e-08,-3.7166e-08,-1.6644e-08,1.4254e-08,1.9304e-08,3.1646e-08,-2.7153e-08,-6.7051e-09,-1.1053e-08,-2.7099e-08,-7.967e-09
0,-0.04,0.04,0.05236,0.10472,-8.3783e-09,-6.4972e-08,-3.156e-08,-1.5454e-08,1.3257e-08,2.5696e-08,2.8994e-08,-2.6551e-08,-7.639e-09,-1.156e-08,-3.2413e-08,-4.7048e-09
0.04,-0.04,0.04,0.05236,0.10472,-1.581e-08,-5.867e-08,-2.6663e-08,-1.4661e-08,1.0521e-08,3.0159e-08,2.7292e-08,-2.6794e-08,-9.0919e-09,-9.939e-09,-3.895e-08,-1.9406e-09
-0.04,0,0.04,0.05236,0.10472,-2.2984e-09,-7.3317e-08,-4.1645e-08,-2.1388e-08,1.6377e-08,1.722e-08,3.1825e-08,-2.2318e-08,-4.2337e-09,-1.1367e-08,-2.5297e-08,-4.4923e-09
0,0,0.04,0.05236,0.10472,-8.2564e-09,-6.7849e-08,-3.6125e-08,-2.0201e-08,1.2144e-08,2.0902e-08,2.897e-08,-2.3166e-08,-5.25e-09,-1.0509e-08,-3.0847e-08,-2.738e-09
0.04,0,0.04,0.05236,0.10472,-1.4231e-08,-6.3288e-08,-2.92e-08,-1.8394e-08,1.071e-08,2.7664e-08,2.5567e-08,-2.2958e-08,-6.163e-09,-9.4558e-09,-3.6626e-08,-1.2109e-09
-0.04,0.04,0.04,0.05236,0.10472,-2.9846e-09,-7.7622e-08,-4.6438e-08,-2.4734e-08,1.654e-08,1.4549e-08,3.0737e-08,-1.9308e-08,-1.1083e-09,-1.1691e-08,-2.5178e-08,-1.6669e-09
0,0.04,0.04,0.05236,0.10472,-7.7209e-09,-7.3263e-08,-3.8275e-08,-2.5908e-08,1.2824e-08,1.9711e-08,2.7653e-08,-2.006e-08,-5.2906e-10,-1.0074e-08,-3.0104e-08,-5.0379e-10
0.04,0.04,0.04,0.05236,0.10472,-1.3156e-08,-6.5341e-08,-3.2723e-08,-2.4341e-08,1.0691e-08,2.3507e-08,2.4596e-08,-2.0251e-08,-6.1172e-10,-9.9184e-09,-3.5231e-08,-5.0487e-10
0,0,0.08,0.05236,0.10472,-4.4262e-09,-8.3355e-08,-3.2598e-08,-1.4926e-08,1.7352e-08,2.0223e-08,2.3529e-08,-1.9737e-08,-9.9984e-09,-6.0505e-09,-2.9867e-08,2.9727e-09
0,0,-0.08,0.10472,0.10472,-1.0539e-08,-4.1373e-08,-4.4473e-08,-2.7429e-08,-2.8481e-09,2.4149e-08,4.6476e-08,-3.2466e-08,2.1018e-09,-2.559e-08,-2.9478e-08,-1.531e-08
-0.04,-0.04,-0.04,0.10472,0.10472,-5.6477e-09,-4.7461e-08,-4.3108e-08,-2.0876e-08,2.5516e-09,2.0536e-08,4.8739e-08,-3.5121e-08,-2.5519e-09,-1.7439e-08,-2.5797e-08,-2.0939e-08
0,-0.04,-0.04,0.10472,0.10472,-1.0774e-08,-4.5908e-08,-3.4246e-08,-1.8864e-08,3.5827e-09,2.802e-08,4.1642e-08,-3.6789e-08,-3.3793e-09,-1.8628e-08,-2.9996e-08,-1.8441e-08
0.04,-0.04,-0.04,0.10472,0.10472,-1.6237e-08,-4.1855e-08,-3.1055e-08,-1.8667e-08,2.5917e-09,3.8226e-08,3.6503e-08,-3.8818e-08,-4.0885e-09,-1.9865e-08,-3.8474e-08,-1.3904e-08
-0.04,0,-0.04,0.10472,0.10472,-6.0866e-09,-4.9887e-08,-4.8802e-08,-2.5147e-08,8.2202e-10,1.6221e-08,4.4246e-08,-2.9146e-08,-1.6387e-10,-1.9195e-08,-2.5207e-08,-1.6896e-08
0,0,-0.04,0.10472,0.10472,-1.0045e-08,-4.8147e-08,-4.2822e-08,-2.4792e-08,2.5756e-09,2.3834e-08,3.9889e-08,-3.0299e-08,3.1877e-10,-1.9582e-08,-3.0455e-08,-1.3926e-08
0.04,0,-0.04,0.10472,0.10472,-1.5613e-08,-4.4206e-08,-3.3763e-08,-2.2599e-08,2.2643e-09,3.261e-08,3.4761e-08,-3.3018e-08,-5.4596e-10,-2.1641e-08,-3.6504e-08,-1.0937e-08
-0.04,0.04,-0.04,0.10472,0.10472,-6.4486e-09,-5.3032e-08,-5.9071e-08,-3.1113e-08,1.3076e-09,1.3945e-08,3.9924e-08,-2.5155e-08,2.6807e-09,-2.138e-08,-2.4623e-08,-1.3326e-08
0,0.04,-0.04,0.10472,0.10472,-9.6374e-09,-5.0815e-08,-4.8248e-08,-3.1287e-08,1.7589e-09,2.1392e-08,3.6946e-08,-2.6483e-08,4.0728e-09,-2.2531e-08,-2.7615e-08,-1.0029e-08
0.04,0.04,-0.04,0.10472,0.10472,-1.3358e-08,-4.6419e-08,-3.8275e-08,-2.7959e-08,1.8668e-09,2.7188e-08,3.1912e-08,-2.6975e-08,4.7167e-09,-2.356e-08,-3.3923e-08,-9.2808e-09
0,-0.08,0,0.10472,0.10472,-9.1597e-09,-4.9193e-08,-2.8894e-08,-1.4374e-08,7.8501e-09,3.0338e-08,3.8125e-08,-3.9975e-08,-8.0285e-09,-1.3433e-08,-3.3812e-08,-1.9059e-08
-0.04,-0.04,0,0.10472,0.10472,-4.3724e-09,-5.9296e-08,-4.0858e-08,-1.8344e-08,9.9101e-09,2.0442e-08,4.0259e-08,-3.2253e-08,-5.2425e-09,-1.3498e-08,-2.6741e-08,-1.8442e-08
0,-0.04,0,0.10472,0.10472,-7.8159e-09,-5.2839e-08,-3.4803e-08,-1.704e-08,8.3586e-09,2.7192e-08,3.5689e-08,-3.3456e-08,-6.0398e-09,-1.3813e-08,-3.2536e-08,-1.2936e-08
0.04,-0.04,0,0.10472,0.10472,-1.8057e-08,-4.9481e-08,-2.9335e-08,-1.6318e-08,6.2519e-09,3.2484e-08,3.2625e-08,-3.457e-08,-6.101e-09,-1.385e-08,-4.043e-08,-1.0379e-08
-0.08,0,0,0.10472,0.10472,-1.1589e-10,-6.2982e-08,-5.3566e-08,-2.3512e-08,1.1649e-08,1.2179e-08,4.1813e-08,-2.5043e-08,-2.818e-09,-1.4377e-08,-2.2275e-08,-1.5369e-08
-0.04,0,0,0.10472,0.10472,-4.9338e-09,-6.0028e-08,-4.6171e-08,-2.1507e-08,1.0849e-08,1.7349e-08,3.7861e-08,-2.6598e-08,-3.1989e-09,-1.5036e-08,-2.5957e-08,-1.2606e-08
0,0,0,0.10472,0.10472,-1.0158e-08,-5.6351e-08,-3.9209e-08,-2.1256e-08,7.7611e-09,2.2234e-08,3.3904e-08,-2.797e-08,-3.0232e-09,-1.3589e-08,-3.1114e-08,-1.059e-08
0.04,0,0,0.10472,0.10472,-1.5124e-08,-5.2315e-08,-3.2835e-08,-1.9288e-08,6.9752e-09,2.8613e-08,3.0228e-08,-2.9197e-08,-3.9651e-09,-1.5288e-08,-3.6786e-08,-7.9873e-09
0.08,0,0,0.10472,0.10472,-2.246e-08,-4.7776e-08,-2.7151e-08,-1.9278e-08,5.911e-09,3.3126e-08,2.786e-08,-2.8684e-08,-4.3736e-09,-1.3843e-08,-4.4878e-08,-6.0844e-09
-0.04,0.04,0,0.10472,0.10472,-4.2413e-09,-6.2732e-08,-5.2433e-08,-2.9866e-08,8.9499e-09,1.3402e-08,3.5726e-08,-2.2695e-08,1.0557e-10,-1.4926e-08,-2.5143e-08,-9.199e-09
0,0.04,0,0.10472,0.10472,-8.9706e-09,-5.9368e-08,-4.384e-08,-2.8187e-08,7.1078e-09,1.8706e-08,3.2194e-08,-2.3718e-08,-3.488e-10,-1.6427e-08,-2.9771e-08,-6.738e-09
0.04,0.04,0,0.10472,0.10472,-1.4551e-08,-5.3046e-08,-3.5496e-08,-2.6719e-08,6.7259e-09,2.5293e-08,2.8968e-08,-2.5087e-08,2.1517e-09,-1.5034e-08,-3.5771e-08,-5.15e-09
0,0.08,0,0.10472,0.10472,-7.5552e-09,-6.0179e-08,-4.615e-08,-3.4117e-08,7.5153e-09,1.5464e-08,2.9514e-08,-2.0086e-08,4.4274e-09,-1.6452e-08,-2.6531e-08,-4.3266e-09
-0.04,-0.04,0.04,0.10472,0.10472,-3.1498e-09,-6.8351e-08,-3.7476e-08,-1.3931e-08,1.7402e-08,1.8615e-08,3.2868e-08,-2.6394e-08,-7.6245e-09,-1.057e-08,-2.7125e-08,-1.2082e-08
0,-0.04,0.04,0.10472,0.10472,-9.7334e-09,-6.1982e-08,-3.2173e-08,-1.4181e-08,1.3098e-08,2.3257e-08,3.0591e-08,-2.8903e-08,-8.6858e-09,-1.0365e-08,-3.2452e-08,-8.1499e-09
0.04,-0.04,0.04,0.10472,0.10472,-1.636e-08,-5.8166e-08,-2.7693e-08,-1.3263e-08,1.1686e-08,2.9099e-08,2.7758e-08,-3.0833e-08,-1.1587e-08,-9.6759e-09,-3.8776e-08,-5.0417e-09
-0.04,0,0.04,0.10472,0.10472,-2.7024e-09,-7.4495e-08,-4.1852e-08,-1.9094e-08,1.6717e-08,1.5558e-08,3.0964e-08,-2.3955e-08,-6.2373e-09,-1.0387e-08,-2.5939e-08,-5.3553e-09
0,0,0.04,0.10472,0.10472,-8.8338e-09,-6.8564e-08,-3.7084e-08,-1.757e-08,1.3996e-08,2.1117e-08,2.94e-08,-2.4358e-08,-6.4938e-09,-1.0004e-08,-3.0796e-08,-5.189e-09
0.04,0,0.04,0.10472,0.10472,-1.501e-08,-6.178e-08,-3.1161e-08,-1.5547e-08,1.0781e-08,2.5888e-08,2.5927e-08,-2.4757e-08,-7.1785e-09,-9.2507e-09,-3.6581e-08,-3.9101e-09
-0.04,0.04,0.04,0.10472,0.10472,-2.9563e-09,-7.5176e-08,-4.588e-08,-2.234e-08,1.4986e-08,1.4321e-08,2.9891e-08,-2.0127e-08,-3.6179e-09,-1.1349e-08,-2.3695e-08,-3.8978e-09
0,0.04,0.04,0.10472,0.10472,-7.7151e-09,-7.458e-08,-3.9981e-08,-2.1473e-08,1.222e-08,1.826e-08,2.7391e-08,-2.0919e-08,-3.2312e-09,-9.6141e-09,-2.9681e-08,-3.5784e-09
0.04,0.04,0.04,0.10472,0.10472,-1.4168e-08,-6.66e-08,-3.2679e-08,-2.0652e-08,1.1337e-08,2.239e-08,2.4971e-08,-2.1852e-08,-2.6288e-09,-8.1991e-09,-3.5161e-08,-1.4945e-09
0,0,0.08,0.10472,0.10472,-5.4301e-09,-8.3128e-08,-3.2131e-08,-1.1451e-08,1.8297e-08,1.9077e-08,2.3705e-08,-2.006e-08,-1.0375e-08,-5.7116e-09,-2.9682e-08,1.5678e-09
0,0,-0.08,0.15708,0.10472,-9.761e-09,-4.1404e-08,-4.6818e-08,-2.4799e-08,-1.7566e-09,2.3852e-08,4.5476e-08,-3.3e-08,1.9621e-10,-2.5318e-08,-2.78e-08,-1.8678e-08
-0.04,-0.04,-0.04,0.15708,0.10472,-5.3155e-09,-4.7003e-08,-4.5451e-08,-1.8375e-08,4.1434e-09,2.008e-08,4.7563e-08,-3.512e-08,-4.4458e-09,-1.6206e-08,-2.6511e-08,-2.5073e-08
0,-0.04,-0.04,0.15708,0.10472,-9.5884e-09,-4.603e-08,-3.7898e-08,-1.7394e-08,3.4149e-09,2.8572e-08,4.4785e-08,-3.8957e-08,-4.2899e-09,-1.7835e-08,-3.1944e-08,-1.879e-08
0.04,-0.04,-0.04,0.15708,0.10472,-1.5502e-08,-4.1551e-08,-3.2822e-08,-1.6912e-08,2.8871e-09,3.5567e-08,3.8201e-08,-3.8929e-08,-4.6449e-09,-1.8927e-08,-3.9263e-08,-1.5992e-08
-0.04,0,-0.04,0.15708,0.10472,-5.8045e-09,-5.0631e-08,-5.135e-08,-2.2204e-08,3.1858e-09,1.5031e-08,4.3928e-08,-2.9797e-08,-2.4627e-09,-1.7751e-08,-2.5807e-08,-1.9234e-08
0,0,-0.04,0.15708,0.10472,-1.0556e-08,-4.9353e-08,-4.3076e-08,-2.1939e-08,2.2127e-09,2.2005e-08,4.0518e-08,-3.1059e-08,-2.5126e-09,-1.9021e-08,-2.9786e-08,-1.5423e-08
0.04,0,-0.04,0.15708,0.10472,-1.5452e-08,-4.5783e-08,-3.5567e-08,-2.1017e-08,3.7121e-09,3.1787e-08,3.3673e-08,-3.3186e-08,-2.4829e-09,-2.0591e-08,-3.7116e-08,-1.22e-08
-0.04,0.04,-0.04,0.15708,0.10472,-5.3674e-09,-5.1171e-08,-6.0186e-08,-2.9348e-08,2.3563e-09,1.1828e-08,3.9965e-08,-2.531e-08,6.646e-10,-1.9436e-08,-2.3321e-08,-1.493e-08
0,0.04,-0.04,0.15708,0.10472,-1.0584e-08,-4.8869e-08,-4.7074e-08,-2.7965e-08,2.1549e-09,1.947e-08,3.5529e-08,-2.5627e-08,1.384e-09,-2.0657e-08,-2.8385e-08,-1.2112e-08
0.04,0.04,-0.04,0.15708,0.10472,-1.5089e-08,-4.5186e-08,-4.0269e-08,-2.6781e-08,2.5144e-09,2.6268e-08,3.156e-08,-2.7021e-08,2.6631e-09,-2.2287e-08,-3.4211e-08,-9.4663e-09
0,-0.08,0,0.15708,0.10472,-9.2429e-09,-4.8209e-08,-3.1731e-08,-1.2038e-08,9.3367e-09,2.8307e-08,3.72e-08,-4.2898e-08,-9.2016e-09,-1.2791e-08,-3.4341e-08,-1.9953e-08
-0.04,-0.04,0,0.15708,0.10472,-3.8473e-09,-5.6846e-08,-4.1432e-08,-1.5719e-08,1.0334e-08,1.8891e-08,4.1557e-08,-3.2101e-08,-7.3004e-09,-1.3198e-08,-2.6375e-08,-1.9553e-08
0,-0.04,0,0.15708,0.10472,-9.274e-09,-5.4885e-08,-3.5197e-08,-1.4737e-08,8.7997e-09,2.5398e-08,3.5714e-08,-3.4642e-08,-7.6872e-09,-1.3341e-08,-3.1941e-08,-1.4415e-08
0.04,-0.04,0,0.15708,0.10472,-1.8032e-08,-4.8402e-08,-3.0714e-08,-1.4426e-08,7.0898e-09,3.2292e-08,3.3014e-08,-3.5426e-08,-8.5689e-09,-1.2593e-08,-4.0248e-08,-1.2457e-08
-0.08,0,0,0.15708,0.10472,-4.6205e-10,-6.2884e-08,-5.3755e-08,-1.9765e-08,1.2094e-08,1.0598e-08,4.1849e-08,-2.727e-08,-4.7446e-09,-1.3529e-08,-2.1146e-08,-1.8508e-08
-0.04,0,0,0.15708,0.10472,-4.6886e-09,-5.9544e-08,-4.6205e-08,-1.8836e-08,8.9792e-09,1.6577e-08,3.7663e-08,-2.8594e-08,-4.0825e-09,-1.294e-08,-2.5528e-08,-1.4844e-08
0,0,0,0.15708,0.10472,-9.1088e-09,-5.6056e-08,-4.0761e-08,-1.7795e-08,8.3577e-09,2.2777e-08,3.4811e-08,-2.8709e-08,-5.7954e-09,-1.2805e-08,-3.0806e-08,-1.2079e-08
0.04,0,0,0.15708,0.10472,-1.6354e-08,-5.3818e-08,-3.3374e-08,-1.7389e-08,6.7607e-09,2.7171e-08,3.0245e-08,-2.8829e-08,-5.4709e-09,-1.3902e-08,-3.7538e-08,-1.0284e-08
0.08,0,0,0.15708,0.10472,-2.3364e-08,-4.6804e-08,-2.5812e-08,-1.7079e-08,6.7135e-09,3.2796e-08,2.8198e-08,-2.8928e-08,-8.071e-09,-1.3394e-08,-4.7016e-08,-7.1439e-09
-0.04,0.04,0,0.15708,0.10472,-4.2784e-09,-6.3464e-08,-5.1409e-08,-2.5189e-08,1.0059e-08,1.2573e-08,3.5565e-08,-2.327e-08,-2.3104e-09,-1.4101e-08,-2.4337e-08,-1.1511e-08
0,0.04,0,0.15708,0.10472,-8.6394e-09,-6.0807e-08,-4.5227e-08,-2.2986e-08,6.9405e-09,1.8732e-08,3.1195e-08,-2.545e-08,-8.9596e-10,-1.4608e-08,-2.8766e-08,-9.2693e-09
0.04,0.04,0,0.15708,0.10472,-1.4208e-08,-5.5726e-08,-3.6919e-08,-2.1397e-08,6.8951e-09,2.4435e-08,2.7824e-08,-2.4473e-08,-1.2506e-09,-1.3491e-08,-3.4948e-08,-6.611e-09
0,0.08,0,0.15708,0.10472,-8.8049e-09,-6.0847e-08,-4.9115e-08,-3.0434e-08,8.3438e-09,1.4626e-08,2.9439e-08,-2.1188e-08,3.8623e-09,-1.4009e-08,-2.7587e-08,-6.2236e-09
-0.04,-0.04,0.04,0.15708,0.10472,-1.1017e-09,-6.8164e-08,-3.8362e-08,-1.068e-08,1.7824e-08,1.7909e-08,3.3511e-08,-2.8077e-08,-9.5217e-09,-9.2211e-09,-2.6616e-08,-1.3901e-08
0,-0.04,0.04,0.15708,0.10472,-7.9968e-09,-6.3708e-08,-3.3951e-08,-1.0726e-08,1.4478e-08,2.3669e-08,3.1141e-08,-2.9722e-08,-1.0014e-08,-8.6812e-09,-3.0763e-08,-1.059e-08
0.04,-0.04,0.04,0.15708,0.10472,-1.667e-08,-5.6965e-08,-2.8504e-08,-1.0667e-08,1.2461e-08,2.8476e-08,2.743e-08,-2.9943e-08,-1.2238e-08,-7.5403e-09,-3.8128e-08,-7.8414e-09
-0.04,0,0.04,0.15708,0.10472,-2.6747e-09,-7.4817e-08,-4.2628e-08,-1.5655e-08,1.6955e-08,1.5388e-08,3.2421e-08,-2.4676e-08,-8.0926e-09,-9.3678e-09,-2.5849e-08,-9.416e-09
0,0,0.04,0.15708,0.10472,-9.1446e-09,-6.836e-08,-3.8011e-08,-1.4455e-08,1.3518e-08,2.1186e-08,2.8594e-08,-2.5289e-08,-9.0387e-09,-9.7364e-09,-3.0485e-08,-8.0989e-09
0.04,0,0.04,0.15708,0.10472,-1.5222e-08,-6.0401e-08,-3.1566e-08,-1.3365e-08,1.2209e-08,2.4831e-08,2.6871e-08,-2.6385e-08,-1.064e-08,-7.894e-09,-3.7582e-08,-5.3407e-09
-0.04,0.04,0.04,0.15708,0.10472,-3.6093e-09,-7.6581e-08,-4.5634e-08,-1.9102e-08,1.5584e-08,1.1999e-08,2.9626e-08,-2.0541e-08,-5.1063e-09,-1.0632e-08,-2.4361e-08,-6.8587e-09
0,0.04,0.04,0.15708,0.10472,-8.033e-09,-6.9909e-08,-3.8903e-08,-1.7108e-08,1.4367e-08,1.8315e-08,2.7687e-08,-2.2583e-08,-6.5703e-09,-8.8516e-09,-2.9873e-08,-4.5444e-09
0.04,0.04,0.04,0.15708,0.10472,-1.4817e-08,-6.3124e-08,-3.3594e-08,-1.7107e-08,1.2269e-08,2.2503e-08,2.4735e-08,-2.2516e-08,-6.8051e-09,-5.7003e-09,-3.5474e-08,-3.7895e-09
0,0,0.08,0.15708,0.10472,-6.2059e-09,-7.9558e-08,-3.3789e-08,-8.2766e-09,1.9638e-08,1.8043e-08,2.4977e-08,-2.1782e-08,-1.3651e-08,-5.21e-09,-2.8387e-08,-1.9304e-09
0,0,-0.08,0.05236,0.15708,-9.9775e-09,-4.0689e-08,-4.4037e-08,-2.9886e-08,-4.5975e-09,2.6617e-08,4.429e-08,-3.1595e-08,3.4397e-09,-2.7009e-08,-3.0066e-08,-1.415e-08
-0.04,-0.04,-0.04,0.05236,0.15708,-6.1536e-09,-4.9135e-08,-4.0645e-08,-2.1966e-08,2.2514e-09,2.1386e-08,4.7425e-08,-3.4047e-08,-1.5358e-09,-1.8511e-08,-2.7215e-08,-1.87e-08
0,-0.04,-0.04,0.05236,0.15708,-9.5282e-09,-4.6105e-08,-3.6823e-08,-2.1124e-08,1.7627e-09,3.0674e-08,4.2715e-08,-3.568e-08,-1.4048e-09,-1.9059e-08,-3.2422e-08,-1.5085e-08
0.04,-0.04,-0.04,0.05236,0.15708,-1.6637e-08,-4.3413e-08,-2.9149e-08,-2.0112e-08,2.2552e-09,3.7932e-08,3.7086e-08,-3.6527e-08,-1.9599e-09,-1.9954e-08,-3.726e-08,-1.2559e-08
-0.04,0,-0.04,0.05236,0.15708,-5.676e-09,-5.0452e-08,-4.9042e-08,-2.7714e-08,1.3176e-11,1.9399e-08,4.5645e-08,-2.8277e-08,1.0199e-09,-2.1325e-08,-2.5219e-08,-1.4189e-08
0,0,-0.04,0.05236,0.15708,-1.0055e-08,-4.8548e-08,-3.9482e-08,-2.745e-08,1.6013e-09,2.4996e-08,4.007e-08,-2.9746e-08,7.9709e-10,-2.137e-08,-3.0665e-08,-1.2e-08
0.04,0,-0.04,0.05236,0.15708,-1.513e-08,-4.6002e-08,-3.3494e-08,-2.5065e-08,2.105e-09,3.5503e-08,3.5271e-08,-3.0853e-08,1.6482e-09,-2.3208e-08,-3.7558e-08,-8.411e-09
-0.04,0.04,-0.04,0.05236,0.15708,-5.7047e-09,-5.4093e-08,-5.8094e-08,-3.4035e-08,6.3571e-10,1.4679e-08,4.0601e-08,-2.4613e-08,4.6037e-09,-2.2297e-08,-2.3696e-08,-1.0541e-08
0,0.04,-0.04,0.05236,0.15708,-9.1867e-09,-4.942e-08,-4.8285e-08,-3.3256e-08,1.7313e-09,2.1822e-08,3.616e-08,-2.532e-08,4.4274e-09,-2.3319e-08,-2.9556e-08,-8.9398e-09
0.04,0.04,-0.04,0.05236,0.15708,-1.4068e-08,-4.6919e-08,-3.8916e-08,-3.0763e-08,2.019e-09,2.8711e-08,3.256e-08,-2.5804e-08,6.1669e-09,-2.5176e-08,-3.3645e-08,-7.535e-09
0,-0.08,0,0.05236,0.15708,-8.8097e-09,-4.9944e-08,-2.9012e-08,-1.5443e-08,7.0759e-09,2.9503e-08,3.5892e-08,-3.6947e-08,-6.8018e-09,-1.3733e-08,-3.4468e-08,-1.6008e-08
-0.04,-0.04,0,0.05236,0.15708,-3.2415e-09,-5.7325e-08,-4.0858e-08,-1.9758e-08,7.9229e-09,2.0886e-08,4.0925e-08,-3.1275e-08,-3.8374e-09,-1.4061e-08,-2.7419e-08,-1.4651e-08
0,-0.04,0,0.05236,0.15708,-9.4581e-09,-5.4532e-08,-3.3575e-08,-1.9128e-08,6.1157e-09,2.8251e-08,3.5814e-08,-3.1293e-08,-4.2457e-09,-1.5569e-08,-3.1822e-08,-1.1412e-08
0.04,-0.04,0,0.05236,0.15708,-1.7619e-08,-5.0618e-08,-2.8707e-08,-1.7998e-08,6.4594e-09,3.4019e-08,3.1604e-08,-3.1785e-08,-4.9689e-09,-1.5636e-08,-3.8716e-08,-8.7905e-09
-0.08,0,0,0.05236,0.15708,-1.1303e-09,-6.4204e-08,-5.0381e-08,-2.5111e-08,7.7754e-09,1.2306e-08,3.961e-08,-2.4999e-08,-1.973e-09,-1.4287e-08,-2.1703e-08,-1.2998e-08
-0.04,0,0,0.05236,0.15708,-5.1657e-09,-6.2643e-08,-4.6137e-08,-2.3966e-08,7.7392e-09,1.8595e-08,3.7588e-08,-2.5355e-08,-1.8793e-09,-1.5798e-08,-2.6399e-08,-1.0584e-08
0,0,0,0.05236,0.15708,-9.0741e-09,-5.8647e-08,-3.8795e-08,-2.447e-08,6.5926e-09,2.4543e-08,3.4307e-08,-2.6975e-08,-1.495e-09,-1.5984e-08,-3.1617e-08,-8.1393e-09
0.04,0,0,0.05236,0.15708,-1.5247e-08,-5.5236e-08,-3.1747e-08,-2.2202e-08,5.9225e-09,3.1905e-08,2.9944e-08,-2.6776e-08,5.5203e-11,-1.5717e-08,-3.7177e-08,-6.4209e-09
0.08,0,0,0.05236,0.15708,-2.1196e-08,-4.7369e-08,-2.5788e-08,-2.1311e-08,5.2148e-09,3.593e-08,2.7144e-08,-2.848e-08,-2.5727e-09,-1.4691e-08,-4.6927e-08,-3.8639e-09
-0.04,0.04,0,0.05236,0.15708,-4.9341e-09,-5.9413e-08,-5.1248e-08,-3.1221e-08,6.9275e-09,1.5538e-08,3.6177e-08,-2.2385e-08,9.2297e-10,-1.634e-08,-2.4444e-08,-6.201e-09
0,0.04,0,0.05236,0.15708,-8.5558e-09,-6.1705e-08,-4.324e-08,-2.9902e-08,7.347e-09,2.0675e-08,3.1394e-08,-2.3112e-08,1.9223e-09,-1.7777e-08,-2.9072e-08,-5.6199e-09
0.04,0.04,0,0.05236,0.15708,-1.4146e-08,-5.5743e-08,-3.479e-08,-2.6913e-08,6.0814e-09,2.5625e-08,2.756e-08,-2.2402e-08,3.0649e-09,-1.7605e-08,-3.5316e-08,-4.2852e-09
0,0.08,0,0.05236,0.15708,-7.7423e-09,-5.9676e-08,-4.7105e-08,-3.9419e-08,5.978e-09,1.7171e-08,2.9377e-08,-1.9557e-08,6.5479e-09,-1.8119e-08,-2.8624e-08,-3.4937e-09
-0.04,-0.04,0.04,0.05236,0.15708,-1.9507e-09,-6.8973e-08,-3.6117e-08,-1.6225e-08,1.5279e-08,2.0054e-08,3.3082e-08,-2.5389e-08,-6.6174e-09,-1.1378e-08,-2.6223e-08,-9.1303e-09
0,-0.04,0.04,0.05236,0.15708,-7.3786e-09,-6.4076e-08,-3.1896e-08,-1.5996e-08,1.3007e-08,2.5414e-08,3.0213e-08,-2.7373e-08,-6.9649e-09,-1.002e-08,-3.3074e-08,-5.0326e-09
0.04,-0.04,0.04,0.05236,0.15708,-1.6846e-08,-6.0342e-08,-2.6569e-08,-1.4662e-08,1.0693e-08,3.03e-08,2.734e-08,-2.6184e-08,-9.0233e-09,-9.9722e-09,-3.9368e-08,-3.3158e-09
-0.04,0,0.04,0.05236,0.15708,-2.2144e-09,-7.486e-08,-3.9357e-08,-2.1772e-08,1.4694e-08,1.7255e-08,3.0181e-08,-2.1586e-08,-4.3687e-09,-1.092e-08,-2.6193e-08,-4.9457e-09
0,0,0.04,0.05236,0.15708,-8.9718e-09,-6.8497e-08,-3.5013e-08,-2.0562e-08,1.2196e-08,2.2071e-08,2.826e-08,-2.3388e-08,-4.7895e-09,-1.1315e-08,-3.0604e-08,-3.429e-09
0.04,0,0.04,0.05236,0.15708,-1.5371e-08,-6.0983e-08,-2.9608e-08,-1.874e-08,1.0489e-08,2.7233e-08,2.6554e-08,-2.36e-08,-6.318e-09,-1.0427e-08,-3.7979e-08,-1.2998e-09
-0.04,0.04,0.04,0.05236,0.15708,-3.0771e-09,-7.7221e-08,-4.5805e-08,-2.6885e-08,1.3975e-08,1.5377e-08,2.9939e-08,-1.9411e-08,-2.3396e-09,-1.2585e-08,-2.5018e-08,-2.1771e-09
0,0.04,0.04,0.05236,0.15708,-8.2714e-09,-7.2774e-08,-3.7543e-08,-2.4661e-08,1.2645e-08,1.9561e-08,2.7488e-08,-1.957e-08,-1.6469e-09,-1.0571e-08,-2.9222e-08,-1.0649e-09
0.04,0.04,0.04,0.05236,0.15708,-1.3465e-08,-6.5791e-08,-3.2297e-08,-2.4385e-08,1.1014e-08,2.3366e-08,2.5186e-08,-2.0425e-08,-8.9961e-10,-9.6797e-09,-3.6134e-08,7.0695e-10
0,0,0.08,0.05236,0.15708,-6.8208e-09,-8.2259e-08,-3.1743e-08,-1.4478e-08,1.7641e-08,2.046e-08,2.3844e-08,-1.9597e-08,-8.7639e-09,-6.8857e-09,-2.8806e-08,3.579e-09
0,0,-0.08,0.10472,0.15708,-1.0964e-08,-4.065e-08,-4.3912e-08,-2.6787e-08,-3.6584e-09,2.6044e-08,4.6256e-08,-3.3956e-08,1.4318e-09,-2.6415e-08,-2.7573e-08,-1.6406e-08
-0.04,-0.04,-0.04,0.10472,0.15708,-5.4452e-09,-4.8143e-08,-4.3235e-08,-2.0671e-08,2.1344e-09,2.0306e-08,4.7685e-08,-3.5983e-08,-3.0309e-09,-1.7533e-08,-2.5216e-08,-2.0016e-08
0,-0.04,-0.04,0.10472,0.15708,-1.0844e-08,-4.4626e-08,-3.6458e-08,-1.9871e-08,2.9196e-09,2.8812e-08,4.2405e-08,-3.6911e-08,-3.1436e-09,-1.8644e-08,-3.2457e-08,-1.7911e-08
0.04,-0.04,-0.04,0.10472,0.15708,-1.6477e-08,-4.1605e-08,-3.0642e-08,-1.8894e-08,3.477e-09,3.7613e-08,3.6938e-08,-3.94e-08,-3.356e-09,-1.9796e-08,-3.9748e-08,-1.4075e-08
-0.04,0,-0.04,0.10472,0.15708,-6.3293e-09,-4.8859e-08,-5.0238e-08,-2.53e-08,1.8343e-09,1.7039e-08,4.4734e-08,-2.981e-08,-1.0169e-10,-1.9308e-08,-2.592e-08,-1.7562e-08
0,0,-0.04,0.10472,0.15708,-1.084e-08,-4.6929e-08,-4.2231e-08,-2.5186e-08,2.4458e-09,2.4368e-08,4.0511e-08,-3.0754e-08,-7.6653e-11,-1.9352e-08,-3.0222e-08,-1.459e-08
0.04,0,-0.04,0.10472,0.15708,-1.4855e-08,-4.5464e-08,-3.5318e-08,-2.2987e-08,3.0486e-09,3.3892e-08,3.5493e-08,-3.1731e-08,-6.7791e-10,-2.1758e-08,-3.649e-08,-9.965e-09
-0.04,0.04,-0.04,0.10472,0.15708,-5.7994e-09,-5.0642e-08,-5.9262e-08,-3.1169e-08,5.9605e-10,1.3888e-08,4.1502e-08,-2.4363e-08,2.4234e-09,-2.0879e-08,-2.455e-08,-1.2555e-08
0,0.04,-0.04,0.10472,0.15708,-9.5959e-09,-5.0375e-08,-4.7645e-08,-3.1497e-08,1.4807e-09,1.8913e-08,3.618e-08,-2.5232e-08,2.9531e-09,-2.2038e-08,-2.8463e-08,-1.099e-08
0.04,0.04,-0.04,0.10472,0.15708,-1.4921e-08,-4.7321e-08,-4.0439e-08,-2.9536e-08,1.7173e-09,2.5768e-08,3.2052e-08,-2.6714e-08,3.8951e-09,-2.2578e-08,-3.3984e-08,-7.5439e-09
0,-0.08,0,0.10472,0.15708,-1.0062e-08,-5.0371e-08,-3.0323e-08,-1.3807e-08,8.0806e-09,2.9466e-08,3.7841e-08,-3.8864e-08,-7.8623e-09,-1.358e-08,-3.2991e-08,-1.8448e-08
-0.04,-0.04,0,0.10472,0.15708,-3.731e-09,-5.5761e-08,-4.1186e-08,-1.7241e-08,1.0414e-08,2.0089e-08,4.0833e-08,-3.141e-08,-4.7266e-09,-1.3986e-08,-2.5691e-08,-1.6972e-08
0,-0.04,0,0.10472,0.15708,-1.07e-08,-5.3217e-08,-3.5279e-08,-1.7143e-08,8.658e-09,2.5563e-08,3.6674e-08,-3.3672e-08,-5.3748e-09,-1.3584e-08,-3.1202e-08,-1.2607e-08
0.04,-0.04,0,0.10472,0.15708,-1.7019e-08,-5.025e-08,-2.9548e-08,-1.6282e-08,6.37e-09,3.4081e-08,3.3712e-08,-3.5141e-08,-5.9153e-09,-1.4261e-08,-3.9368e-08,-1.011e-08
-0.08,0,0,0.10472,0.15708,-1.2365e-09,-6.1895e-08,-5.3344e-08,-2.3796e-08,1.1984e-08,1.2738e-08,4.2618e-08,-2.5526e-08,-2.5903e-09,-1.4454e-08,-2.1179e-08,-1.3471e-08
-0.04,0,0,0.10472,0.15708,-4.8506e-09,-5.9631e-08,-4.7865e-08,-2.2803e-08,1.0051e-08,1.6186e-08,3.7637e-08,-2.7005e-08,-3.3955e-09,-1.4693e-08,-2.5418e-08,-1.2505e-08
0,0,0,0.10472,0.15708,-9.8746e-09,-5.6247e-08,-3.8674e-08,-2.1225e-08,7.9875e-09,2.2145e-08,3.4716e-08,-2.7235e-08,-2.4588e-09,-1.4667e-08,-3.1437e-08,-1.0144e-08
0.04,0,0,0.10472,0.15708,-1.4469e-08,-5.3245e-08,-3.1598e-08,-2.0422e-08,7.0823e-09,2.9438e-08,3.109e-08,-2.8629e-08,-3.7524e-09,-1.5296e-08,-3.7164e-08,-7.5532e-09
0.08,0,0,0.10472,0.15708,-2.3225e-08,-4.9801e-08,-2.7291e-08,-1.921e-08,5.8197e-09,3.5045e-08,2.8499e-08,-2.8809e-08,-4.1208e-09,-1.4218e-08,-4.5756e-08,-5.5652e-09
-0.04,0.04,0,0.10472,0.15708,-5.319e-09,-6.4473e-08,-5.3059e-08,-2.8344e-08,7.4241e-09,1.3715e-08,3.5261e-08,-2.2801e-08,3.0671e-10,-1.5659e-08,-2.4805e-08,-9.2222e-09
0,0.04,0,0.10472,0.15708,-9.1827e-09,-5.922e-08,-4.3693e-08,-2.7673e-08,7.4091e-09,1.9264e-08,3.2971e-08,-2.3199e-08,5.5716e-10,-1.6015e-08,-3.087e-08,-6.2068e-09
0.04,0.04,0,0.10472,0.15708,-1.3812e-08,-5.5085e-08,-3.766e-08,-2.604e-08,6.6362e-09,2.5463e-08,2.8576e-08,-2.4086e-08,5.6211e-10,-1.4842e-08,-3.5108e-08,-5.361e-09
0,0.08,0,0.10472,0.15708,-8.6806e-09,-6.0875e-08,-4.5403e-08,-3.4646e-08,8.2894e-09,1.5911e-08,2.9044e-08,-2.0529e-08,5.8594e-09,-1.6222e-08,-2.7292e-08,-4.1563e-09
-0.04,-0.04,0.04,0.10472,0.15708,-2.2542e-09,-6.5516e-08,-3.6222e-08,-1.4108e-08,1.6338e-08,1.8416e-08,3.3537e-08,-2.7981e-08,-8.044e-09,-9.4719e-09,-2.6485e-08,-1.0893e-08
0,-0.04,0.04,0.10472,0.15708,-8.8761e-09,-6.4178e-08,-3.2724e-08,-1.4127e-08,1.4155e-08,2.3295e-08,2.9567e-08,-2.7511e-08,-8.2679e-09,-9.7439e-09,-3.0356e-08,-8.1195e-09
0.04,-0.04,0.04,0.10472,0.15708,-1.6471e-08,-5.932e-08,-2.7302e-08,-1.3773e-08,1.0631e-08,2.8562e-08,2.8149e-08,-2.8894e-08,-1.0321e-08,-8.9575e-09,-3.8926e-08,-5.2915e-09
-0.04,0,0.04,0.10472,0.15708,-2.6091e-09,-7.3658e-08,-4.1814e-08,-1.8886e-08,1.6829e-08,1.6402e-08,3.0875e-08,-2.2811e-08,-6.1495e-09,-1.0854e-08,-2.4988e-08,-6.8301e-09
0,0,0.04,0.10472,0.15708,-8.2631e-09,-6.7403e-08,-3.7129e-08,-1.8127e-08,1.3813e-08,2.0618e-08,2.9979e-08,-2.346e-08,-7.1591e-09,-1.004e-08,-3.0749e-08,-5.0295e-09
0.04,0,0.04,0.10472,0.15708,-1.5296e-08,-6.1595e-08,-3.0695e-08,-1.6888e-08,1.179e-08,2.6156e-08,2.6504e-08,-2.4812e-08,-8.4556e-09,-8.8677e-09,-3.6008e-08,-3.3013e-09
-0.04,0.04,0.04,0.10472,0.15708,-3.3653e-09,-7.5054e-08,-4.5631e-08,-2.1882e-08,1.6765e-08,1.3662e-08,2.9326e-08,-2.056e-08,-2.6335e-09,-1.0635e-08,-2.4315e-08,-4.2065e-09
0,0.04,0.04,0.10472,0.15708,-7.4557e-09,-7.0914e-08,-3.8484e-08,-2.1737e-08,1.3821e-08,1.7392e-08,2.7182e-08,-2.1279e-08,-4.3089e-09,-9.1253e-09,-2.7895e-08,-2.1616e-09
0.04,0.04,0.04,0.10472,0.15708,-1.377e-08,-6.5425e-08,-3.4263e-08,-2.0217e-08,1.0701e-08,2.2518e-08,2.4641e-08,-2.1901e-08,-3.8329e-09,-8.0769e-09,-3.5383e-08,-9.3388e-10
0,0,0.08,0.10472,0.15708,-5.6243e-09,-8.2114e-08,-3.3321e-08,-1.1666e-08,1.8696e-08,1.9243e-08,2.4691e-08,-2.1367e-08,-1.0601e-08,-5.8706e-09,-2.8504e-08,6.6197e-10
0,0,-0.08,0.15708,0.15708,-1.0883e-08,-4.0587e-08,-4.6855e-08,-2.5319e-08,-2.146e-09,2.2785e-08,4.381e-08,-3.2258e-08,7.1235e-10,-2.5729e-08,-2.8251e-08,-1.7607e-08
-0.04,-0.04,-0.04,0.15708,0.15708,-5.7715e-09,-4.8372e-08,-4.5615e-08,-1.8453e-08,3.7267e-09,1.9459e-08,4.8455e-08,-3.6556e-08,-3.5726e-09,-1.6609e-08,-2.5366e-08,-2.5628e-08
0,-0.04,-0.04,0.15708,0.15708,-1.0509e-08,-4.4501e-08,-3.6876e-08,-1.7615e-08,3.8557e-09,2.6074e-08,4.1921e-08,-3.6716e-08,-4.1456e-09,-1.8338e-08,-3.184e-08,-1.9989e-08
0.04,-0.04,-0.04,0.15708,0.15708,-1.6492e-08,-4.2704e-08,-3.2474e-08,-1.6702e-08,3.7985e-09,3.5794e-08,3.6922e-08,-3.9334e-08,-5.177e-09,-1.8101e-08,-3.7965e-08,-1.4792e-08
-0.04,0,-0.04,0.15708,0.15708,-6.376e-09,-5.1262e-08,-5.1779e-08,-2.3051e-08,3.9547e-09,1.6167e-08,4.6315e-08,-2.9764e-08,-2.1464e-09,-1.901e-08,-2.5401e-08,-1.9525e-08
0,0,-0.04,0.15708,0.15708,-1.0658e-08,-4.7916e-08,-4.255e-08,-2.1668e-08,3.3507e-09,2.1341e-08,3.9675e-08,-3.0889e-08,-2.0163e-09,-1.9244e-08,-2.8679e-08,-1.5154e-08
0.04,0,-0.04,0.15708,0.15708,-1.62e-08,-4.5932e-08,-3.4606e-08,-2.0822e-08,3.8964e-09,3.0413e-08,3.565e-08,-3.1337e-08,-2.731e-09,-2.024e-08,-3.6852e-08,-1.2458e-08
-0.04,0.04,-0.04,0.15708,0.15708,-6.1735e-09,-5.1922e-08,-5.6664e-08,-2.8617e-08,2.1572e-09,1.2237e-08,4.1693e-08,-2.5009e-08,9.9015e-10,-1.9926e-08,-2.4436e-08,-1.3872e-08
0,0.04,-0.04,0.15708,0.15708,-9.999e-09,-4.9245e-08,-4.9148e-08,-2.8584e-08,1.9604e-09,1.7609e-08,3.6705e-08,-2.5979e-08,1.4491e-09,-1.9585e-08,-2.7284e-08,-1.2248e-08
0.04,0.04,-0.04,0.15708,0.15708,-1.4671e-08,-4.8826e-08,-4.0231e-08,-2.6078e-08,3.3165e-09,2.4622e-08,3.2666e-08,-2.6577e-08,1.0948e-09,-2.1526e-08,-3.3624e-08,-9.637e-09
0,-0.08,0,0.15708,0.15708,-9.9936e-09,-4.8115e-08,-3.1665e-08,-1.1557e-08,1.1321e-08,2.6942e-08,3.9782e-08,-4.1397e-08,-9.3194e-09,-1.2833e-08,-3.2513e-08,-2.0006e-08
-0.04,-0.04,0,0.15708,0.15708,-4.9533e-09,-5.4271e-08,-4.1723e-08,-1.475e-08,1.0137e-08,2.004e-08,3.8999e-08,-3.2938e-08,-6.524e-09,-1.3011e-08,-2.641e-08,-1.9788e-08
0,-0.04,0,0.15708,0.15708,-1.007e-08,-5.4727e-08,-3.6375e-08,-1.4303e-08,9.3645e-09,2.4878e-08,3.8067e-08,-3.4655e-08,-7.9315e-09,-1.3111e-08,-3.128e-08,-1.5235e-08
0.04,-0.04,0,0.15708,0.15708,-1.5977e-08,-4.8327e-08,-3.0014e-08,-1.4217e-08,8.5342e-09,3.2081e-08,3.2594e-08,-3.5576e-08,-8.0836e-09,-1.2745e-08,-3.9176e-08,-1.2525e-08
-0.08,0,0,0.15708,0.15708,-5.8193e-10,-6.2163e-08,-5.2928e-08,-1.9149e-08,1.1654e-08,1.0044e-08,4.0088e-08,-2.7417e-08,-4.0967e-09,-1.2623e-08,-2.231e-08,-1.7636e-08
-0.04,0,0,0.15708,0.15708,-4.9765e-09,-5.906e-08,-4.6296e-08,-2.1053e-08,9.8753e-09,1.6079e-08,3.5498e-08,-2.7031e-08,-4.7908e-09,-1.39e-08,-2.5782e-08,-1.3679e-08
0,0,0,0.15708,0.15708,-9.8978e-09,-5.8484e-08,-3.9565e-08,-1.9148e-08,8.5131e-09,2.2015e-08,3.3929e-08,-2.9804e-08,-5.01e-09,-1.4659e-08,-3.069e-08,-1.1953e-08
0.04,0,0,0.15708,0.15708,-1.557e-08,-5.3435e-08,-3.3875e-08,-1.7405e-08,7.5198e-09,2.6491e-08,3.1328e-08,-3.0504e-08,-5.9957e-09,-1.3665e-08,-3.7131e-08,-8.6507e-09
0.08,0,0,0.15708,0.15708,-2.3516e-08,-4.6408e-08,-2.6944e-08,-1.6858e-08,7.8117e-09,3.4178e-08,2.7429e-08,-3.0418e-08,-7.1575e-09,-1.3498e-08,-4.5115e-08,-6.8521e-09
-0.04,0.04,0,0.15708,0.15708,-5.6193e-09,-6.3472e-08,-5.3961e-08,-2.4089e-08,9.004e-09,1.2441e-08,3.5417e-08,-2.3246e-08,-1.4222e-09,-1.4277e-08,-2.4192e-08,-1.1016e-08
0,0.04,0,0.15708,0.15708,-9.9355e-09,-5.8929e-08,-4.6264e-08,-2.5348e-08,7.5317e-09,1.6882e-08,3.3254e-08,-2.4584e-08,-1.6623e-09,-1.4548e-08,-2.7772e-08,-9.1776e-09
0.04,0.04,0,0.15708,0.15708,-1.4897e-08,-5.4839e-08,-3.7949e-08,-2.2887e-08,7.8432e-09,2.2579e-08,2.8968e-08,-2.6006e-08,-2.226e-09,-1.3836e-08,-3.4239e-08,-6.1065e-09
0,0.08,0,0.15708,0.15708,-8.8132e-09,-6.0138e-08,-4.7991e-08,-3.2841e-08,8.3594e-09,1.4389e-08,2.897e-08,-2.1168e-08,3.5488e-09,-1.5238e-08,-2.7377e-08,-5.8624e-09
-0.04,-0.04,0.04,0.15708,0.15708,-1.5043e-09,-6.5914e-08,-3.9018e-08,-1.1498e-08,1.8178e-08,1.8053e-08,3.283e-08,-2.8796e-08,-1.0085e-08,-9.4079e-09,-2.6762e-08,-1.3777e-08
0,-0.04,0.04,0.15708,0.15708,-9.5139e-09,-6.3593e-08,-3.3012e-08,-1.1182e-08,1.4913e-08,2.3779e-08,2.9685e-08,-3.0009e-08,-1.1152e-08,-9.3807e-09,-3.1868e-08,-1.0829e-08
0.04,-0.04,0.04,0.15708,0.15708,-1.7328e-08,-5.6291e-08,-2.8985e-08,-1.0467e-08,1.2097e-08,2.7979e-08,2.7506e-08,-2.9888e-08,-1.2431e-08,-7.6399e-09,-3.7776e-08,-7.129e-09
-0.04,0,0.04,0.15708,0.15708,-2.8749e-09,-7.2621e-08,-4.3802e-08,-1.4527e-08,1.7997e-08,1.5365e-08,3.1929e-08,-2.5128e-08,-8.2335e-09,-9.6341e-09,-2.5461e-08,-8.2503e-09
0,0,0.04,0.15708,0.15708,-8.4118e-09,-6.7234e-08,-3.5932e-08,-1.3474e-08,1.3952e-08,2.1203e-08,2.9972e-08,-2.4949e-08,-8.4928e-09,-8.8392e-09,-3.0953e-08,-6.5189e-09
0.04,0,0.04,0.15708,0.15708,-1.6111e-08,-5.9655e-08,-3.1429e-08,-1.405e-08,1.2459e-08,2.5225e-08,2.6942e-08,-2.5575e-08,-1.0507e-08,-7.3667e-09,-3.7127e-08,-4.74e-09
-0.04,0.04,0.04,0.15708,0.15708,-4.3335e-09,-7.3525e-08,-4.6011e-08,-2.0977e-08,1.7682e-08,1.2366e-08,3.0179e-08,-2.1529e-08,-5.4173e-09,-9.3898e-09,-2.4419e-08,-6.4493e-09
0,0.04,0.04,0.15708,0.15708,-7.5559e-09,-7.1999e-08,-4.0325e-08,-1.6605e-08,1.4483e-08,1.6507e-08,2.8641e-08,-2.1967e-08,-5.276e-09,-8.2924e-09,-2.9516e-08,-3.8774e-09
0.04,0.04,0.04,0.15708,0.15708,-1.497e-08,-6.474e-08,-3.2859e-08,-1.7636e-08,1.2277e-08,2.1033e-08,2.4314e-08,-2.2746e-08,-5.5268e-09,-6.2134e-09,-3.4609e-08,-2.846e-09
0,0,0.08,0.15708,0.15708,-7.4169e-09,-7.8293e-08,-3.29e-08,-8.0636e-09,1.9028e-08,1.7802e-08,2.3535e-08,-2.1685e-08,-1.3982e-08,-4.3494e-09,-2.8716e-08,-1.1883e-09
