0,0,-0.08,0.05236,0.05236,-1.0338e-08,-4.1992e-08,-4.3989e-08,-2.9396e-08,-6.7651e-09,2.7679e-08,4.671e-08,-3.3312e-08,2.2074e-09,-2.6245e-08,-2.8305e-08,-1.4058e-08
-0.04,-0.04,-0.04,0.05236,0.05236,-4.7573e-09,-4.8267e-08,-4.0996e-08,-2.1988e-08,-9.8977e-10,2.5403e-08,4.5738e-08,-3.3474e-08,-1.5841e-09,-1.6756e-08,-2.6557e-08,-1.9518e-08
0,-0.04,-0.04,0.05236,0.05236,-1.0188e-08,-4.4426e-08,-3.4313e-08,-2.297e-08,1.0137e-09,2.8564e-08,4.1879e-08,-3.533e-08,-1.9579e-09,-1.8998e-08,-3.5851e-08,-1.9803e-08
0.04,-0.04,-0.04,0.05236,0.05236,-1.635e-08,-4.2025e-08,-2.9929e-08,-2.0711e-08,4.6517e-10,3.7695e-08,3.7232e-08,-3.7519e-08,-1.4449e-09,-2.0039e-08,-3.7764e-08,-1.2445e-08
-0.04,0,-0.04,0.05236,0.05236,-6.6515e-09,-5.2455e-08,-5.0079e-08,-2.564e-08,8.7072e-11,2.3183e-08,4.6334e-08,-2.734e-08,1.0938e-09,-2.1248e-08,-2.5681e-08,-1.2519e-08
0,0,-0.04,0.05236,0.05236,-8.7519e-09,-4.7714e-08,-4.0075e-08,-2.5312e-08,2.0347e-09,2.6117e-08,4.2079e-08,-2.8651e-08,7.6826e-10,-2.2574e-08,-3.0438e-08,-1.1196e-08
0.04,0,-0.04,0.05236,0.05236,-1.5717e-08,-4.7538e-08,-3.474e-08,-2.5916e-08,6.4361e-10,3.6007e-08,3.7117e-08,-2.977e-08,5.999e-10,-1.8732e-08,-3.5414e-08,-1.0766e-08
-0.04,0.04,-0.04,0.05236,0.05236,-5.6246e-09,-5.4274e-08,-5.535e-08,-3.3922e-08,2.2138e-09,1.5839e-08,4.2793e-08,-2.4175e-08,2.1036e-09,-2.2218e-08,-2.5722e-08,-1.0625e-08
0,0.04,-0.04,0.05236,0.05236,-9.0615e-09,-5.1769e-08,-4.2936e-08,-3.3395e-08,-2.6666e-10,2.2676e-08,3.8513e-08,-2.53e-08,6.9577e-09,-2.427e-08,-2.7795e-08,-7.1911e-09
0.04,0.04,-0.04,0.05236,0.05236,-1.3294e-08,-5.014e-08,-3.7287e-08,-3.13e-08,-4.3189e-10,2.9884e-08,3.1813e-08,-2.6691e-08,7.0953e-09,-2.3664e-08,-3.3715e-08,-7.9926e-09
0,-0.08,0,0.05236,0.05236,-1.1458e-08,-4.812e-08,-2.9123e-08,-1.6152e-08,7.5214e-09,3.0095e-08,3.3492e-08,-3.8222e-08,-6.8217e-09,-1.3649e-08,-3.3974e-08,-2.1129e-08
-0.04,-0.04,0,0.05236,0.05236,-6.2612e-09,-6.0423e-08,-4.157e-08,-2.0175e-08,7.8628e-09,2.3657e-08,4.2611e-08,-2.9184e-08,-4.0816e-09,-1.5179e-08,-2.8833e-08,-1.3945e-08
0,-0.04,0,0.05236,0.05236,-8.5276e-09,-5.4492e-08,-3.2868e-08,-1.8537e-08,7.1292e-09,2.7469e-08,3.7575e-08,-3.1209e-08,-3.5525e-09,-1.4975e-08,-3.2798e-08,-1.2103e-08
0.04,-0.04,0,0.05236,0.05236,-1.9498e-08,-4.945e-08,-2.8607e-08,-1.8035e-08,6.9906e-09,3.4439e-08,3.3407e-08,-3.069e-08,-5.0516e-09,-1.5496e-08,-4.122e-08,-9.0323e-09
-0.08,0,0,0.05236,0.05236,-5.2992e-10,-6.2702e-08,-5.2457e-08,-2.4931e-08,9.3013e-09,1.2706e-08,4.2768e-08,-2.4359e-08,-1.0084e-09,-1.4661e-08,-2.1888e-08,-1.1739e-08
-0.04,0,0,0.05236,0.05236,-3.975e-09,-6.0023e-08,-4.3242e-08,-2.4384e-08,4.8005e-09,1.8124e-08,4.1107e-08,-2.6938e-08,-1.6921e-09,-1.6464e-08,-2.707e-08,-9.3996e-09
0,0,0,0.05236,0.05236,-9.2361e-09,-6.0026e-08,-3.62e-08,-2.4277e-08,8.0082e-09,2.4486e-08,3.5103e-08,-2.8067e-08,-2.1306e-09,-1.5981e-08,-3.2004e-08,-6.9072e-09
0.04,0,0,0.05236,0.05236,-1.3894e-08,-5.1755e-08,-3.2479e-08,-2.3254e-08,6.6456e-09,3.405e-08,3.1458e-08,-2.9325e-08,-2.0493e-09,-1.6399e-08,-3.5618e-08,-5.7793e-09
0.08,0,0,0.05236,0.05236,-1.9454e-08,-4.9824e-08,-2.6395e-08,-2.1356e-08,5.2609e-09,3.6369e-08,2.8626e-08,-2.738e-08,-5.6256e-10,-1.3379e-08,-4.5104e-08,-4.9592e-09
-0.04,0.04,0,0.05236,0.05236,-4.9929e-09,-6.8204e-08,-4.9491e-08,-3.2133e-08,4.4081e-09,1.4757e-08,3.5404e-08,-2.2229e-08,5.456e-10,-1.6419e-08,-2.5523e-08,-4.8533e-09
0,0.04,0,0.05236,0.05236,-8.2858e-09,-6.3929e-08,-4.3201e-08,-2.7556e-08,5.7242e-09,2.1143e-08,3.3217e-08,-2.194e-08,2.7612e-09,-1.5939e-08,-3.0665e-08,-5.0754e-09
0.04,0.04,0,0.05236,0.05236,-1.4663e-08,-5.5589e-08,-3.6126e-08,-2.9133e-08,5.1917e-09,2.7751e-08,2.8569e-08,-2.294e-08,1.6941e-09,-1.4318e-08,-3.7383e-08,-3.4536e-09
0,0.08,0,0.05236,0.05236,-7.8756e-09,-6.1411e-08,-4.6216e-08,-3.6547e-08,4.8514e-09,1.8708e-08,2.949e-08,-1.8098e-08,5.5263e-09,-1.799e-08,-2.6831e-08,-2.9667e-09
-0.04,-0.04,0.04,0.05236,0.05236,-6.8592e-10,-7.2176e-08,-3.6744e-08,-1.7646e-08,1.5506e-08,2.1876e-08,3.2054e-08,-2.6435e-08,-7.1362e-09,-9.9192e-09,-2.6438e-08,-9.3473e-09
0,-0.04,0.04,0.05236,0.05236,-8.6199e-09,-6.5317e-08,-3.2321e-08,-1.6022e-08,1.1257e-08,2.5103e-08,2.8221e-08,-2.6404e-08,-7.5463e-09,-1.0886e-08,-3.2725e-08,-5.3524e-09
0.04,-0.04,0.04,0.05236,0.05236,-1.7048e-08,-6.3452e-08,-2.6361e-08,-1.614e-08,1.0693e-08,3.0617e-08,2.7262e-08,-2.6224e-08,-9.5243e-09,-9.5538e-09,-4.1046e-08,-1.6897e-09
-0.04,0,0.04,0.05236,0.05236,-3.7214e-09,-6.7839e-08,-4.3604e-08,-2.0695e-08,1.3209e-08,1.6034e-08,3.1114e-08,-2.3894e-08,-4.4073e-09,-1.054e-08,-2.6374e-08,-2.7779e-09
0,0,0.04,0.05236,0.05236,-6.3907e-09,-7.0906e-08,-3.4549e-08,-1.9148e-08,1.2575e-08,2.1882e-08,2.9936e-08,-2.3981e-08,-6.1201e-09,-9.0612e-09,-3.0263e-08,-3.1908e-09
0.04,0,0.04,0.05236,0.05236,-1.4488e-08,-6.0756e-08,-3.0453e-08,-1.8254e-08,1.203e-08,2.7457e-08,2.4762e-08,-2.4193e-08,-5.3399e-09,-9.7553e-09,-3.5577e-08,-1.245e-09
-0.04,0.04,0.04,0.05236,0.05236,-1.8909e-09,-7.6866e-08,-4.3121e-08,-2.5007e-08,1.625e-08,1.588e-08,2.9776e-08,-1.8824e-08,-2.3715e-09,-1.3412e-08,-2.5133e-08,-3.0311e-09
0,0.04,0.04,0.05236,0.05236,-6.4085e-09,-7.2905e-08,-3.8731e-08,-2.3862e-08,1.2656e-08,2.1139e-08,2.7571e-08,-1.8877e-08,-2.5473e-09,-1.104e-08,-2.8199e-08,2.8031e-10
0.04,0.04,0.04,0.05236,0.05236,-1.4213e-08,-6.2575e-08,-3.3814e-08,-2.5244e-08,9.0438e-09,2.4687e-08,2.5048e-08,-1.9115e-08,-2.1262e-09,-9.346e-09,-3.3944e-08,1.0875e-09
0,0,0.08,0.05236,0.05236,-5.527e-09,-8.3226e-08,-3.083e-08,-1.5071e-08,1.9115e-08,2.0532e-08,2.4838e-08,-1.9787e-08,-9.0837e-09,-7.1838e-09,-2.894e-08,1.8934e-09
0,0,-0.08,0.10472,0.05236,-1.0673e-08,-4.5554e-08,-4.2152e-08,-2.8406e-08,-2.1956e-09,2.8506e-08,4.2053e-08,-3.1672e-08,1.9533e-09,-2.6242e-08,-2.7021e-08,-1.6752e-08
-0.04,-0.04,-0.04,0.10472,0.05236,-5.0195e-09,-4.8101e-08,-4.4511e-08,-2.116e-08,2.465e-09,2.2671e-08,4.6231e-08,-3.5192e-08,-3.5951e-09,-1.7848e-08,-2.4759e-08,-2.1975e-08
0,-0.04,-0.04,0.10472,0.05236,-9.9965e-09,-4.6818e-08,-3.6748e-08,-1.9901e-08,2.477e-09,2.8013e-08,4.1783e-08,-3.7743e-08,-1.8272e-09,-1.7223e-08,-3.2174e-08,-1.9073e-08
0.04,-0.04,-0.04,0.10472,0.05236,-1.6018e-08,-4.2975e-08,-3.2812e-08,-2.087e-08,3.927e-09,3.9478e-08,3.7178e-08,-3.7044e-08,-3.5041e-09,-1.9663e-08,-3.8044e-08,-1.5427e-08
-0.04,0,-0.04,0.10472,0.05236,-4.4673e-09,-5.0376e-08,-5.0898e-08,-2.7517e-08,2.0172e-09,1.6875e-08,4.1171e-08,-3.0111e-08,-8.7071e-10,-1.9351e-08,-2.6388e-08,-1.5531e-08
0,0,-0.04,0.10472,0.05236,-9.7387e-09,-4.7307e-08,-4.163e-08,-2.5863e-08,3.1731e-09,2.6776e-08,4.124e-08,-2.8836e-08,-9.0451e-10,-2.1112e-08,-2.9329e-08,-1.5867e-08
0.04,0,-0.04,0.10472,0.05236,-1.6053e-08,-4.6738e-08,-3.165e-08,-2.1798e-08,3.1288e-09,3.5033e-08,3.503e-08,-3.1066e-08,-2.1273e-09,-2.0465e-08,-3.8368e-08,-1.0274e-08
-0.04,0.04,-0.04,0.10472,0.05236,-4.288e-09,-5.3666e-08,-6.151e-08,-3.2017e-08,5.076e-10,1.5348e-08,4.1756e-08,-2.5708e-08,1.2367e-09,-2.2639e-08,-2.4008e-08,-1.4026e-08
0,0.04,-0.04,0.10472,0.05236,-9.1788e-09,-5.3166e-08,-4.8546e-08,-3.0704e-08,7.9662e-10,2.0106e-08,3.652e-08,-2.5033e-08,2.794e-09,-2.5099e-08,-2.9102e-08,-1.1821e-08
0.04,0.04,-0.04,0.10472,0.05236,-1.3817e-08,-4.6455e-08,-3.8583e-08,-2.8365e-08,1.3681e-09,2.7579e-08,3.4556e-08,-2.6023e-08,4.2133e-09,-2.1151e-08,-3.5119e-08,-6.555e-09
0,-0.08,0,0.10472,0.05236,-1.1558e-08,-4.7288e-08,-2.8439e-08,-1.3769e-08,6.1805e-09,2.9861e-08,3.6462e-08,-3.7761e-08,-7.6622e-09,-1.3323e-08,-3.2208e-08,-1.6445e-08
-0.04,-0.04,0,0.10472,0.05236,-2.8462e-09,-5.6012e-08,-4.0145e-08,-1.9429e-08,9.6852e-09,2.0272e-08,3.8989e-08,-3.318e-08,-6.1184e-09,-1.405e-08,-2.5983e-08,-1.7946e-08
0,-0.04,0,0.10472,0.05236,-1.0644e-08,-5.5238e-08,-3.4404e-08,-1.8634e-08,8.7514e-09,2.8789e-08,3.4639e-08,-3.3236e-08,-5.568e-09,-1.5332e-08,-3.306e-08,-1.4396e-08
0.04,-0.04,0,0.10472,0.05236,-1.6501e-08,-4.8418e-08,-2.8788e-08,-1.7234e-08,5.2843e-09,3.1642e-08,3.1417e-08,-3.3423e-08,-7.3015e-09,-1.6149e-08,-3.7051e-08,-1.2242e-08
-0.08,0,0,0.10472,0.05236,-1.6521e-09,-6.3799e-08,-5.2321e-08,-2.2248e-08,9.5163e-09,1.1805e-08,4.2225e-08,-2.6033e-08,-2.9038e-09,-1.3669e-08,-2.1684e-08,-1.6209e-08
-0.04,0,0,0.10472,0.05236,-4.8051e-09,-5.793e-08,-4.5493e-08,-2.4058e-08,9.6237e-09,1.8287e-08,4.0346e-08,-2.7455e-08,-1.8464e-09,-1.4777e-08,-2.6348e-08,-1.2876e-08
0,0,0,0.10472,0.05236,-9.4311e-09,-5.7831e-08,-4.0275e-08,-2.3232e-08,7.187e-09,2.4223e-08,3.3967e-08,-2.6734e-08,-4.2205e-09,-1.2411e-08,-3.0604e-08,-1.1766e-08
0.04,0,0,0.10472,0.05236,-1.3848e-08,-5.1922e-08,-3.2149e-08,-2.0979e-08,7.7587e-09,2.9931e-08,2.9855e-08,-2.6772e-08,-4.0219e-09,-1.5789e-08,-3.6607e-08,-9.2268e-09
0.08,0,0,0.10472,0.05236,-2.2488e-08,-4.8052e-08,-2.749e-08,-1.8612e-08,5.1783e-09,3.251e-08,2.7171e-08,-2.9607e-08,-4.7624e-09,-1.5421e-08,-4.8337e-08,-4.4782e-09
-0.04,0.04,0,0.10472,0.05236,-3.6458e-09,-6.4186e-08,-5.1927e-08,-2.7351e-08,6.0915e-09,1.2914e-08,3.7187e-08,-2.3316e-08,1.3782e-09,-1.4394e-08,-2.435e-08,-1.1068e-08
0,0.04,0,0.10472,0.05236,-9.1149e-09,-5.772e-08,-4.0995e-08,-2.685e-08,7.1646e-09,2.1098e-08,3.1623e-08,-2.4635e-08,-3.5099e-10,-1.5457e-08,-2.9041e-08,-7.8105e-09
0.04,0.04,0,0.10472,0.05236,-1.2689e-08,-5.4257e-08,-3.2083e-08,-2.4423e-08,6.626e-09,2.4087e-08,2.9335e-08,-2.4906e-08,7.3632e-10,-1.4809e-08,-3.8351e-08,-5.963e-09
0,0.08,0,0.10472,0.05236,-6.5624e-09,-6.1674e-08,-4.7331e-08,-3.2975e-08,5.6486e-09,1.4889e-08,2.8041e-08,-2.1251e-08,5.5704e-09,-1.5028e-08,-2.7794e-08,-3.9139e-09
-0.04,-0.04,0.04,0.10472,0.05236,-2.0783e-09,-7.1206e-08,-3.6634e-08,-1.3755e-08,1.6581e-08,1.9533e-08,3.1562e-08,-2.8124e-08,-6.7944e-09,-1.075e-08,-2.8217e-08,-1.1886e-08
0,-0.04,0.04,0.10472,0.05236,-6.8438e-09,-6.4752e-08,-3.1466e-08,-1.2536e-08,1.2684e-08,2.5778e-08,3.0961e-08,-2.8958e-08,-9.2159e-09,-8.8705e-09,-3.3483e-08,-8.3528e-09
0.04,-0.04,0.04,0.10472,0.05236,-1.6068e-08,-5.8392e-08,-2.724e-08,-1.4416e-08,1.1679e-08,2.8899e-08,2.6009e-08,-3.165e-08,-1.2374e-08,-8.6068e-09,-3.8339e-08,-3.9922e-09
-0.04,0,0.04,0.10472,0.05236,-4.3379e-10,-7.1614e-08,-4.289e-08,-2.0944e-08,1.5983e-08,1.6842e-08,3.0569e-08,-2.3934e-08,-5.9051e-09,-1.0658e-08,-2.606e-08,-9.3416e-09
0,0,0.04,0.10472,0.05236,-7.5407e-09,-6.9328e-08,-3.6419e-08,-1.8454e-08,1.4862e-08,2.2541e-08,2.9136e-08,-2.2329e-08,-7.3698e-09,-9.1364e-09,-3.1037e-08,-6.6309e-09
0.04,0,0.04,0.10472,0.05236,-1.3878e-08,-6.0377e-08,-2.7459e-08,-1.3996e-08,1.1032e-08,2.465e-08,2.5632e-08,-2.6625e-08,-9.0597e-09,-7.7031e-09,-3.8768e-08,-2.4303e-09
-0.04,0.04,0.04,0.10472,0.05236,-4.8682e-09,-7.2613e-08,-4.6262e-08,-2.1131e-08,1.7014e-08,1.3074e-08,3.0777e-08,-1.9124e-08,-3.6836e-09,-1.101e-08,-2.4315e-08,-5.6543e-09
0,0.04,0.04,0.10472,0.05236,-6.9543e-09,-7.0349e-08,-3.7065e-08,-2.2952e-08,1.2225e-08,2.0437e-08,2.8969e-08,-1.8464e-08,-4.0615e-09,-8.9605e-09,-3.0663e-08,-4.3648e-09
0.04,0.04,0.04,0.10472,0.05236,-1.2882e-08,-6.8164e-08,-3.4693e-08,-2.055e-08,1.1523e-08,2.4405e-08,2.4996e-08,-2.043e-08,-5.8023e-09,-8.3416e-09,-3.4825e-08,-2.6109e-09
0,0,0.08,0.10472,0.05236,-7.9579e-09,-8.7045e-08,-3.0365e-08,-1.2695e-08,1.8896e-08,2.0026e-08,2.5029e-08,-1.9935e-08,-1.0196e-08,-4.6725e-09,-2.9269e-08,1.1784e-09
0,0,-0.08,0.15708,0.05236,-1.2825e-08,-3.964e-08,-4.4488e-08,-2.4339e-08,-4.3688e-09,2.3898e-08,4.6669e-08,-3.197e-08,-2.9525e-10,-2.4455e-08,-2.8232e-08,-2.0369e-08
-0.04,-0.04,-0.04,0.15708,0.05236,-4.5388e-09,-4.7574e-08,-4.0195e-08,-1.884e-08,3.8292e-09,1.8866e-08,5.0723e-08,-3.7889e-08,-4.8315e-09,-1.7171e-08,-2.4862e-08,-2.4141e-08
0,-0.04,-0.04,0.15708,0.05236,-1.095e-08,-5.0253e-08,-3.761e-08,-1.8166e-08,3.3181e-09,2.8808e-08,4.2726e-08,-3.8435e-08,-3.9984e-09,-1.7489e-08,-2.814e-08,-2.1052e-08
0.04,-0.04,-0.04,0.15708,0.05236,-1.5327e-08,-4.3291e-08,-3.0912e-08,-1.7855e-08,3.1639e-09,4.0637e-08,3.8329e-08,-3.9201e-08,-5.6904e-09,-1.8544e-08,-3.5357e-08,-1.3285e-08
-0.04,0,-0.04,0.15708,0.05236,-4.0791e-09,-5.0974e-08,-4.8692e-08,-2.4501e-08,3.6759e-09,1.7309e-08,4.6399e-08,-3.1849e-08,-1.6866e-09,-1.7354e-08,-2.5512e-08,-1.8139e-08
0,0,-0.04,0.15708,0.05236,-1.156e-08,-4.6065e-08,-4.1255e-08,-2.3945e-08,3.9605e-09,2.2528e-08,4.0402e-08,-3.1254e-08,-2.9508e-09,-1.9568e-08,-2.8694e-08,-1.4913e-08
0.04,0,-0.04,0.15708,0.05236,-1.3587e-08,-4.359e-08,-3.6888e-08,-2.1135e-08,1.6076e-09,3.1263e-08,3.4557e-08,-3.2602e-08,-2.9747e-09,-2.1331e-08,-3.4536e-08,-1.3436e-08
-0.04,0.04,-0.04,0.15708,0.05236,-5.0893e-09,-4.9737e-08,-5.2508e-08,-2.6327e-08,1.4202e-09,9.5269e-09,4.0263e-08,-2.4377e-08,7.8421e-10,-2.1524e-08,-2.2831e-08,-1.5786e-08
0,0.04,-0.04,0.15708,0.05236,-9.257e-09,-5.0774e-08,-4.7158e-08,-2.9019e-08,1.4511e-09,1.6516e-08,3.4787e-08,-2.5888e-08,1.5538e-09,-2.3176e-08,-2.6507e-08,-1.2451e-08
0.04,0.04,-0.04,0.15708,0.05236,-1.4223e-08,-4.8419e-08,-3.9341e-08,-2.6708e-08,1.0883e-09,2.7231e-08,3.1582e-08,-2.7599e-08,6.5034e-10,-2.3308e-08,-3.3975e-08,-9.5907e-09
0,-0.08,0,0.15708,0.05236,-7.4752e-09,-4.9443e-08,-2.8352e-08,-1.2181e-08,1.148e-08,2.9434e-08,3.7104e-08,-4.2069e-08,-8.7162e-09,-1.1795e-08,-3.425e-08,-2.146e-08
-0.04,-0.04,0,0.15708,0.05236,-5.7956e-09,-5.6279e-08,-4.1902e-08,-1.5666e-08,8.7533e-09,1.9514e-08,3.8531e-08,-3.4055e-08,-6.3752e-09,-1.2988e-08,-2.7181e-08,-2.0985e-08
0,-0.04,0,0.15708,0.05236,-1.0614e-08,-5.3398e-08,-3.4493e-08,-1.5224e-08,1.1072e-08,2.622e-08,3.8071e-08,-3.3761e-08,-7.5935e-09,-1.4182e-08,-3.2745e-08,-1.9462e-08
0.04,-0.04,0,0.15708,0.05236,-1.6033e-08,-4.7506e-08,-3.0254e-08,-1.4304e-08,8.4291e-09,3.0725e-08,3.0067e-08,-3.5294e-08,-8.3339e-09,-1.3296e-08,-4.0063e-08,-1.1615e-08
-0.08,0,0,0.15708,0.05236,6.8926e-11,-5.8464e-08,-5.0397e-08,-2.0742e-08,8.994e-09,1.1861e-08,4.2307e-08,-2.8247e-08,-3.887e-09,-1.3501e-08,-2.1165e-08,-2.0315e-08
-0.04,0,0,0.15708,0.05236,-5.777e-09,-6.4324e-08,-4.5483e-08,-1.7138e-08,8.8006e-09,1.3989e-08,3.9884e-08,-3.0156e-08,-6.182e-09,-1.535e-08,-2.4825e-08,-1.4584e-08
0,0,0,0.15708,0.05236,-8.9182e-09,-5.6814e-08,-4.0037e-08,-1.6262e-08,9.7525e-09,2.07e-08,3.6752e-08,-3.0881e-08,-3.5492e-09,-1.2891e-08,-3.1855e-08,-1.1682e-08
0.04,0,0,0.15708,0.05236,-1.5835e-08,-5.0222e-08,-3.3071e-08,-1.7976e-08,8.29e-09,2.9184e-08,2.9684e-08,-2.8646e-08,-5.4802e-09,-1.0989e-08,-3.5101e-08,-1.0364e-08
0.08,0,0,0.15708,0.05236,-2.1799e-08,-4.6085e-08,-2.9088e-08,-1.8351e-08,6.8023e-09,3.7662e-08,3.0249e-08,-3.1784e-08,-6.0118e-09,-1.1868e-08,-4.4056e-08,-8.037e-09
-0.04,0.04,0,0.15708,0.05236,-5.7852e-09,-6.2821e-08,-5.3114e-08,-2.4824e-08,9.6192e-09,1.2503e-08,3.4195e-08,-2.3365e-08,-3.0147e-09,-1.4687e-08,-2.4506e-08,-1.027e-08
0,0.04,0,0.15708,0.05236,-7.8398e-09,-5.9582e-08,-4.3986e-08,-2.6398e-08,6.3205e-09,1.8138e-08,3.3105e-08,-2.3626e-08,-1.673e-09,-1.5275e-08,-2.7881e-08,-9.3603e-09
0.04,0.04,0,0.15708,0.05236,-1.4017e-08,-5.3287e-08,-3.5614e-08,-2.3122e-08,7.8724e-09,2.4842e-08,2.7205e-08,-2.5034e-08,-1.4947e-09,-1.1759e-08,-3.5941e-08,-7.5127e-09
0,0.08,0,0.15708,0.05236,-8.4593e-09,-6.0873e-08,-4.6631e-08,-2.7655e-08,7.7359e-09,1.6281e-08,2.8882e-08,-2.1058e-08,2.2574e-09,-1.6332e-08,-2.9467e-08,-5.8001e-09
-0.04,-0.04,0.04,0.15708,0.05236,-7.1905e-10,-6.1379e-08,-3.8989e-08,-9.8888e-09,1.6636e-08,1.5937e-08,3.2341e-08,-2.907e-08,-1.1043e-08,-8.665e-09,-2.5421e-08,-1.1672e-08
0,-0.04,0.04,0.15708,0.05236,-5.6572e-09,-7.1565e-08,-3.2951e-08,-1.1537e-08,1.4425e-08,2.3109e-08,3.0162e-08,-3.0265e-08,-9.3338e-09,-8.8103e-09,-3.0463e-08,-1.0922e-08
0.04,-0.04,0.04,0.15708,0.05236,-1.7644e-08,-5.5974e-08,-2.6814e-08,-1.0482e-08,1.1417e-08,3.1074e-08,2.9406e-08,-3.0623e-08,-1.1725e-08,-7.948e-09,-4.0233e-08,-3.7382e-09
-0.04,0,0.04,0.15708,0.05236,-3.7322e-09,-7.427e-08,-4.4599e-08,-1.5945e-08,1.9729e-08,1.5554e-08,2.8915e-08,-2.3579e-08,-8.7064e-09,-8.6161e-09,-2.6333e-08,-1.112e-08
0,0,0.04,0.15708,0.05236,-7.8336e-09,-6.9156e-08,-3.714e-08,-1.2657e-08,1.4372e-08,2.083e-08,2.8091e-08,-2.7226e-08,-8.6599e-09,-8.8994e-09,-3.0503e-08,-9.1541e-09
0.04,0,0.04,0.15708,0.05236,-1.5776e-08,-5.8763e-08,-2.9679e-08,-1.3345e-08,1.168e-08,2.1819e-08,2.8072e-08,-2.4253e-08,-1.0381e-08,-8.5182e-09,-3.8975e-08,-5.4826e-09
-0.04,0.04,0.04,0.15708,0.05236,-1.9683e-09,-7.2138e-08,-4.3552e-08,-2.0207e-08,1.9204e-08,1.3866e-08,3.076e-08,-2.1917e-08,-5.9055e-09,-8.7815e-09,-2.439e-08,-4.4873e-09
0,0.04,0.04,0.15708,0.05236,-8.2762e-09,-7.7478e-08,-3.9408e-08,-1.7169e-08,1.2782e-08,1.7228e-08,2.788e-08,-2.1684e-08,-6.1338e-09,-8.8116e-09,-2.6515e-08,-6.3101e-09
0.04,0.04,0.04,0.15708,0.05236,-1.33e-08,-6.855e-08,-3.3116e-08,-2.0449e-08,1.2173e-08,2.2626e-08,2.5021e-08,-2.294e-08,-3.7204e-09,-6.4781e-09,-3.5668e-08,-4.6291e-09
0,0,0.08,0.15708,0.05236,-5.6528e-09,-7.7334e-08,-3.3626e-08,-9.5488e-09,1.9768e-08,1.8682e-08,2.4946e-08,-2.2477e-08,-1.403e-08,-4.1352e-09,-3.1028e-08,4.4916e-10
0,0,-0.08,0.05236,0.10472,-1.0592e-08,-4.0592e-08,-4.7513e-08,-2.9034e-08,-4.6687e-09,2.6086e-08,4.7914e-08,-3.2325e-08,3.154e-09,-2.7783e-08,-2.8117e-08,-1.586e-08
-0.04,-0.04,-0.04,0.05236,0.10472,-5.7228e-09,-4.8181e-08,-4.1362e-08,-2.2107e-08,-2.0491e-10,2.2126e-08,4.9458e-08,-3.4586e-08,-2.1131e-09,-1.8825e-08,-2.6157e-08,-2.102e-08
0,-0.04,-0.04,0.05236,0.10472,-1.1571e-08,-4.5358e-08,-3.7759e-08,-2.294e-08,1.5794e-09,3.0994e-08,4.1093e-08,-3.462e-08,-2.565e-09,-1.9814e-08,-3.2014e-08,-1.5008e-08
0.04,-0.04,-0.04,0.05236,0.10472,-1.516e-08,-4.3794e-08,-2.7047e-08,-1.9995e-08,2.1138e-09,3.8169e-08,3.6169e-08,-3.7337e-08,-2.5335e-09,-1.9448e-08,-3.6091e-08,-1.2964e-08
-0.04,0,-0.04,0.05236,0.10472,-5.3781e-09,-4.9193e-08,-5.4702e-08,-2.8498e-08,-3.7359e-10,1.8048e-08,4.4482e-08,-2.7119e-08,1.1338e-09,-1.8454e-08,-2.6494e-08,-1.5135e-08
0,0,-0.04,0.05236,0.10472,-9.596e-09,-4.9243e-08,-4.2112e-08,-2.8034e-08,1.089e-09,2.3047e-08,3.9183e-08,-2.9836e-08,1.0769e-09,-2.0386e-08,-3.0764e-08,-1.1435e-08
0.04,0,-0.04,0.05236,0.10472,-1.4118e-08,-4.7771e-08,-3.3284e-08,-2.4646e-08,1.6904e-09,3.5084e-08,3.4206e-08,-3.0926e-08,2.3814e-09,-2.3313e-08,-3.7629e-08,-9.9243e-09
-0.04,0.04,-0.04,0.05236,0.10472,-6.1905e-09,-5.2367e-08,-5.9688e-08,-3.5483e-08,-1.7842e-09,1.2424e-08,4.1627e-08,-2.3069e-08,3.8271e-09,-2.231e-08,-2.5145e-08,-1.0605e-08
0,0.04,-0.04,0.05236,0.10472,-9.0788e-09,-4.7331e-08,-4.5159e-08,-3.3676e-08,1.2936e-09,2.064e-08,3.4547e-08,-2.5579e-08,5.6571e-09,-2.2668e-08,-3.0028e-08,-7.9998e-09
0.04,0.04,-0.04,0.05236,0.10472,-1.3158e-08,-5.0252e-08,-3.9638e-08,-3.1512e-08,-2.3578e-10,3.2623e-08,3.2099e-08,-2.5114e-08,6.6476e-09,-2.4213e-08,-3.4974e-08,-6.4755e-09
0,-0.08,0,0.05236,0.10472,-7.5669e-09,-5.4373e-08,-2.674e-08,-1.5406e-08,8.4289e-09,2.9478e-08,3.7819e-08,-3.717e-08,-7.2778e-09,-1.2999e-08,-3.5351e-08,-1.5518e-08
-0.04,-0.04,0,0.05236,0.10472,-3.9636e-09,-5.441e-08,-4.313e-08,-2.0258e-08,8.599e-09,1.9634e-08,3.8646e-08,-2.9577e-08,-3.6819e-09,-1.291e-08,-2.8839e-08,-1.7049e-08
0,-0.04,0,0.05236,0.10472,-8.9211e-09,-5.3771e-08,-3.2498e-08,-1.9651e-08,5.8852e-09,2.5771e-08,3.8818e-08,-3.383e-08,-5.1341e-09,-1.4737e-08,-3.2141e-08,-1.0123e-08
0.04,-0.04,0,0.05236,0.10472,-1.5528e-08,-4.789e-08,-2.9811e-08,-1.8342e-08,4.4886e-09,3.4153e-08,3.1019e-08,-3.3614e-08,-3.6182e-09,-1.8577e-08,-3.9849e-08,-8.8901e-09
-0.08,0,0,0.05236,0.10472,-9.3465e-10,-6.5056e-08,-4.9343e-08,-2.5889e-08,7.1817e-09,1.3413e-08,4.0104e-08,-2.4141e-08,-1.8481e-09,-1.6054e-08,-2.0828e-08,-1.4234e-08
-0.04,0,0,0.05236,0.10472,-3.3246e-09,-6.0247e-08,-4.3581e-08,-2.4256e-08,6.0889e-09,2.0296e-08,3.716e-08,-2.6099e-08,-1.9269e-09,-1.4859e-08,-2.6295e-08,-1.2309e-08
0,0,0,0.05236,0.10472,-1.1072e-08,-5.8001e-08,-3.8674e-08,-2.4692e-08,6.97e-09,2.4899e-08,3.4694e-08,-2.822e-08,-1.5048e-09,-1.546e-08,-2.996e-08,-7.5008e-09
0.04,0,0,0.05236,0.10472,-1.4924e-08,-5.495e-08,-3.1109e-08,-2.1656e-08,5.5322e-09,3.3138e-08,3.0007e-08,-2.7546e-08,-2.6821e-09,-1.4011e-08,-4.0909e-08,-5.3648e-09
0.08,0,0,0.05236,0.10472,-2.2433e-08,-4.9872e-08,-2.3841e-08,-2.182e-08,4.2391e-09,4.0127e-08,2.7237e-08,-2.6874e-08,-2.7533e-09,-1.658e-08,-4.4709e-08,-5.031e-09
-0.04,0.04,0,0.05236,0.10472,-4.8279e-09,-6.463e-08,-5.0987e-08,-3.1079e-08,4.6227e-09,1.3727e-08,3.7253e-08,-2.3233e-08,2.5698e-09,-1.4453e-08,-2.6368e-08,-8.611e-09
0,0.04,0,0.05236,0.10472,-8.7872e-09,-6.1651e-08,-4.1771e-08,-2.9487e-08,7.0785e-09,2.0232e-08,3.3166e-08,-2.4568e-08,2.3531e-09,-1.873e-08,-2.9813e-08,-5.347e-09
0.04,0.04,0,0.05236,0.10472,-1.5779e-08,-5.5649e-08,-3.4722e-08,-2.7176e-08,6.5793e-09,2.7122e-08,2.8066e-08,-2.3189e-08,3.2479e-09,-1.6455e-08,-3.2744e-08,-3.1256e-09
0,0.08,0,0.05236,0.10472,-8.3735e-09,-5.9119e-08,-4.6751e-08,-3.7594e-08,8.4066e-09,1.6899e-08,3.0192e-08,-1.8451e-08,6.8857e-09,-1.7284e-08,-2.8919e-08,-3.3247e-09
-0.04,-0.04,0.04,0.05236,0.10472,-1.9981e-09,-6.9193e-08,-3.4284e-08,-1.735e-08,1.7033e-08,2.1393e-08,3.5303e-08,-2.6915e-08,-6.9468e-09,-1.0217e-08,-2.5857e-08,-8.3027e-09
0,-0.04,0.04,0.05236,0.10472,-1.1289e-08,-6.3777e-08,-3.0279e-08,-1.6991e-08,1.2596e-08,2.4917e-08,2.8513e-08,-2.5905e-08,-5.9742e-09,-9.579e-09,-3.1977e-08,-7.2051e-09
0.04,-0.04,0.04,0.05236,0.10472,-1.6141e-08,-6.2737e-08,-2.5126e-08,-1.5954e-08,9.664e-09,3.0447e-08,2.5579e-08,-2.5601e-08,-9.862e-09,-9.947e-09,-4.126e-08,-3.9957e-09
-0.04,0,0.04,0.05236,0.10472,-3.1666e-09,-7.5784e-08,-4.0442e-08,-2.0691e-08,1.5202e-08,1.9147e-08,3.0175e-08,-2.2389e-08,-3.1514e-09,-1.1492e-08,-2.7797e-08,-5.7485e-09
0,0,0.04,0.05236,0.10472,-8.7871e-09,-6.937e-08,-3.2055e-08,-1.9079e-08,1.3101e-08,2.1448e-08,2.716e-08,-2.3876e-08,-3.8613e-09,-1.0813e-08,-3.2114e-08,-4.4742e-09
0.04,0,0.04,0.05236,0.10472,-1.5045e-08,-6.3223e-08,-2.9085e-08,-1.9588e-08,1.3127e-08,3.0796e-08,2.6194e-08,-2.4596e-08,-6.1328e-09,-1.0624e-08,-3.8797e-08,-8.2244e-10
-0.04,0.04,0.04,0.05236,0.10472,-4.79e-09,-7.5751e-08,-4.407e-08,-2.768e-08,1.4727e-08,1.5082e-08,3.1866e-08,-1.956e-08,1.2242e-10,-1.1412e-08,-2.4295e-08,-1.744e-09
0,0.04,0.04,0.05236,0.10472,-6.7308e-09,-7.1051e-08,-4.1905e-08,-2.1876e-08,1.0141e-08,1.9824e-08,2.7494e-08,-2.1155e-08,-2.9341e-09,-1.2067e-08,-2.8476e-08,1.4071e-10
0.04,0.04,0.04,0.05236,0.10472,-1.4165e-08,-6.079e-08,-3.3417e-08,-2.1926e-08,1.0977e-08,2.2652e-08,2.5216e-08,-1.9969e-08,-2.1239e-09,-8.1473e-09,-3.376e-08,-5.6434e-10
0,0,0.08,0.05236,0.10472,-3.502e-09,-7.7223e-08,-3.0494e-08,-1.6384e-08,1.7024e-08,1.9185e-08,2.4144e-08,-1.8457e-08,-8.5229e-09,-6.6016e-09,-2.8734e-08,3.3109e-09
0,0,-0.08,0.10472,0.10472,-9.4192e-09,-3.7914e-08,-4.3808e-08,-2.5685e-08,-1.2893e-09,2.5234e-08,4.6049e-08,-3.4779e-08,1.7789e-09,-2.6116e-08,-2.8195e-08,-1.5628e-08
-0.04,-0.04,-0.04,0.10472,0.10472,-5.962e-09,-4.6932e-08,-4.2733e-08,-2.0453e-08,3.0928e-09,2.014e-08,4.946e-08,-3.6364e-08,-2.5441e-09,-1.8371e-08,-2.5276e-08,-2.1196e-08
0,-0.04,-0.04,0.10472,0.10472,-9.3191e-09,-4.4979e-08,-4.1018e-08,-2.0688e-08,3.3866e-09,2.906e-08,4.6127e-08,-3.7049e-08,-3.3464e-09,-1.8705e-08,-3.035e-08,-1.7559e-08
0.04,-0.04,-0.04,0.10472,0.10472,-1.6026e-08,-4.3014e-08,-3.1108e-08,-1.87e-08,3.227e-09,3.5138e-08,3.829e-08,-3.7328e-08,-4.2959e-09,-2.0215e-08,-4.1052e-08,-1.4472e-08
-0.04,0,-0.04,0.10472,0.10472,-6.4828e-09,-5.1538e-08,-4.5933e-08,-2.607e-08,1.5588e-09,1.6474e-08,4.2371e-08,-2.7973e-08,-1.2833e-09,-1.79e-08,-2.5601e-08,-1.5813e-08
0,0,-0.04,0.10472,0.10472,-1.0294e-08,-4.6959e-08,-4.3918e-08,-2.6197e-08,1.5645e-09,2.6689e-08,4.0396e-08,-3.1722e-08,1.0546e-10,-2.1452e-08,-2.9497e-08,-1.3807e-08
0.04,0,-0.04,0.10472,0.10472,-1.5184e-08,-4.3717e-08,-3.596e-08,-2.1789e-08,2.744e-09,3.1704e-08,3.3102e-08,-3.3064e-08,2.6959e-10,-2.1136e-08,-3.5285e-08,-1.1492e-08
-0.04,0.04,-0.04,0.10472,0.10472,-4.7919e-09,-5.0762e-08,-5.1141e-08,-3.3022e-08,-1.6636e-09,1.1433e-08,4.0999e-08,-2.6018e-08,3.067e-09,-2.1854e-08,-2.3703e-08,-1.1642e-08
0,0.04,-0.04,0.10472,0.10472,-9.8919e-09,-5.0115e-08,-4.8477e-08,-3.0043e-08,1.405e-09,2.0578e-08,3.4239e-08,-2.4211e-08,2.7971e-09,-2.0865e-08,-2.7627e-08,-9.7306e-09
0.04,0.04,-0.04,0.10472,0.10472,-1.5477e-08,-4.5926e-08,-3.9373e-08,-2.8002e-08,1.8952e-09,2.8124e-08,3.2378e-08,-2.553e-08,4.5063e-09,-2.0008e-08,-3.6374e-08,-9.2569e-09
0,-0.08,0,0.10472,0.10472,-8.3864e-09,-4.9081e-08,-2.9218e-08,-1.51e-08,6.8273e-09,3.0361e-08,3.5718e-08,-3.8208e-08,-8.7877e-09,-1.2451e-08,-3.2045e-08,-1.6862e-08
-0.04,-0.04,0,0.10472,0.10472,-4.795e-09,-5.4308e-08,-4.0967e-08,-1.9597e-08,6.6842e-09,2.2005e-08,3.8907e-08,-3.4131e-08,-5.3321e-09,-1.3072e-08,-2.8168e-08,-1.5806e-08
0,-0.04,0,0.10472,0.10472,-1.0881e-08,-4.8957e-08,-3.5104e-08,-1.7472e-08,9.5232e-09,2.5833e-08,3.6059e-08,-3.4102e-08,-5.5402e-09,-1.4069e-08,-3.1684e-08,-1.26e-08
0.04,-0.04,0,0.10472,0.10472,-1.8353e-08,-4.8745e-08,-3.0949e-08,-1.811e-08,6.9287e-09,3.4451e-08,3.131e-08,-3.4603e-08,-5.5432e-09,-1.4604e-08,-3.9837e-08,-8.8591e-09
-0.08,0,0,0.10472,0.10472,-1.0106e-09,-6.2058e-08,-5.232e-08,-2.4339e-08,6.4625e-09,9.1472e-09,3.9308e-08,-2.5199e-08,-2.7612e-09,-1.4908e-08,-2.0985e-08,-1.6106e-08
-0.04,0,0,0.10472,0.10472,-5.1916e-09,-6.1599e-08,-4.306e-08,-2.0384e-08,7.1095e-09,1.599e-08,3.9469e-08,-2.662e-08,-2.6854e-09,-1.4929e-08,-2.6997e-08,-1.4676e-08
0,0,0,0.10472,0.10472,-1.0355e-08,-6.0191e-08,-3.9157e-08,-2.039e-08,7.7039e-09,2.2814e-08,3.4152e-08,-2.7549e-08,-2.5331e-09,-1.6354e-08,-3.2402e-08,-1.114e-08
0.04,0,0,0.10472,0.10472,-1.6501e-08,-5.1014e-08,-3.2576e-08,-2.0205e-08,6.2565e-09,2.8197e-08,3.2295e-08,-2.9316e-08,-4.9597e-09,-1.521e-08,-3.78e-08,-7.9351e-09
0.08,0,0,0.10472,0.10472,-2.1311e-08,-4.7943e-08,-2.4927e-08,-1.9827e-08,7.0813e-09,3.4461e-08,2.5588e-08,-2.9732e-08,-3.973e-09,-1.2402e-08,-4.8967e-08,-4.4825e-09
-0.04,0.04,0,0.10472,0.10472,-5.3444e-09,-6.1776e-08,-5.227e-08,-3.0333e-08,8.1914e-09,1.3618e-08,3.5279e-08,-2.2235e-08,-5.3385e-10,-1.4677e-08,-2.4873e-08,-8.7727e-09
0,0.04,0,0.10472,0.10472,-8.1085e-09,-6.2033e-08,-4.2515e-08,-2.785e-08,7.9133e-09,2.0626e-08,3.1643e-08,-2.3475e-08,1.3848e-09,-1.7341e-08,-2.9508e-08,-8.8702e-09
0.04,0.04,0,0.10472,0.10472,-1.4877e-08,-5.7669e-08,-3.4011e-08,-2.6418e-08,5.2638e-09,2.3696e-08,2.7149e-08,-2.6153e-08,1.2913e-09,-1.1273e-08,-3.5246e-08,-5.0639e-09
0,0.08,0,0.10472,0.10472,-9.1066e-09,-5.9276e-08,-4.6958e-08,-3.2342e-08,7.2288e-09,1.4828e-08,2.7986e-08,-1.9969e-08,5.9219e-09,-1.499e-08,-2.6824e-08,-4.6293e-09
-0.04,-0.04,0.04,0.10472,0.10472,-4.4142e-09,-6.5339e-08,-3.4178e-08,-1.4957e-08,1.6182e-08,1.8145e-08,3.2139e-08,-2.9149e-08,-9.2165e-09,-1.0101e-08,-2.7731e-08,-1.0461e-08
0,-0.04,0.04,0.10472,0.10472,-6.6887e-09,-6.0802e-08,-3.1987e-08,-1.3731e-08,1.3822e-08,2.5851e-08,2.9962e-08,-2.6768e-08,-9.9812e-09,-1.0875e-08,-3.3271e-08,-6.5552e-09
0.04,-0.04,0.04,0.10472,0.10472,-1.4855e-08,-5.8366e-08,-2.6433e-08,-1.4039e-08,1.0885e-08,2.738e-08,2.7279e-08,-2.7673e-08,-1.3289e-08,-9.5208e-09,-3.7618e-08,-8.8445e-09
-0.04,0,0.04,0.10472,0.10472,-4.6364e-09,-7.4368e-08,-4.1932e-08,-1.7255e-08,1.5293e-08,1.6369e-08,3.213e-08,-2.3218e-08,-6.9703e-09,-1.053e-08,-2.653e-08,-5.8134e-09
0,0,0.04,0.10472,0.10472,-8.7298e-09,-7.1358e-08,-3.4295e-08,-1.6907e-08,1.4455e-08,2.2274e-08,3.1012e-08,-2.3645e-08,-6.7026e-09,-9.0176e-09,-3.265e-08,-5.7173e-09
0.04,0,0.04,0.10472,0.10472,-1.4808e-08,-6.2631e-08,-2.9598e-08,-1.6274e-08,1.1614e-08,2.5812e-08,2.6746e-08,-2.3212e-08,-6.8331e-09,-1.0083e-08,-3.5565e-08,-3.3683e-09
-0.04,0.04,0.04,0.10472,0.10472,-3.5541e-09,-7.6972e-08,-4.4273e-08,-1.9756e-08,1.5528e-08,1.4223e-08,2.974e-08,-2.0833e-08,-3.2413e-09,-1.1121e-08,-2.4567e-08,-5.4817e-09
0,0.04,0.04,0.10472,0.10472,-8.3103e-09,-6.9274e-08,-3.8396e-08,-1.8666e-08,1.0855e-08,1.9087e-08,2.7595e-08,-1.9788e-08,-3.2679e-09,-1.0342e-08,-2.7561e-08,-3.1142e-09
0.04,0.04,0.04,0.10472,0.10472,-1.5033e-08,-6.3895e-08,-3.3538e-08,-2.2936e-08,9.9357e-09,2.1573e-08,2.5043e-08,-2.2143e-08,-1.9286e-09,-9.4909e-09,-3.3626e-08,-1.0081e-09
0,0,0.08,0.10472,0.10472,-3.003e-09,-8.464e-08,-3.0081e-08,-1.2835e-08,1.6893e-08,1.8267e-08,2.2096e-08,-2.1784e-08,-1.0757e-08,-6.483e-09,-2.9306e-08,-1.0022e-10
0,0,-0.08,0.15708,0.10472,-1.0655e-08,-4.0638e-08,-4.5095e-08,-2.5129e-08,-1.6822e-09,2.1915e-08,4.6455e-08,-3.2865e-08,-5.0535e-10,-2.5253e-08,-2.6769e-08,-1.9618e-08
-0.04,-0.04,-0.04,0.15708,0.10472,-4.6318e-09,-4.8531e-08,-4.4649e-08,-1.8747e-08,3.547e-09,2.112e-08,5.102e-08,-3.6723e-08,-4.642e-09,-1.6292e-08,-2.6206e-08,-2.6613e-08
0,-0.04,-0.04,0.15708,0.10472,-1.0098e-08,-4.7462e-08,-4.0212e-08,-1.6969e-08,4.6844e-09,2.6499e-08,4.3338e-08,-3.8469e-08,-4.074e-09,-1.7172e-08,-3.1741e-08,-2.07e-08
0.04,-0.04,-0.04,0.15708,0.10472,-1.7924e-08,-4.1257e-08,-3.0403e-08,-1.6915e-08,2.7415e-09,3.3611e-08,3.5977e-08,-4.0816e-08,-3.8607e-09,-1.6735e-08,-3.9389e-08,-1.6306e-08
-0.04,0,-0.04,0.15708,0.10472,-4.5499e-09,-5.0087e-08,-5.2906e-08,-2.1293e-08,1.9259e-09,1.563e-08,4.6584e-08,-3.0384e-08,-5.9193e-10,-2.0295e-08,-2.4631e-08,-2.1401e-08
0,0,-0.04,0.15708,0.10472,-9.8581e-09,-4.8685e-08,-4.0532e-08,-2.1176e-08,3.3209e-09,2.1214e-08,4.0412e-08,-3.1569e-08,-2.3217e-09,-2.0416e-08,-3.1697e-08,-1.2666e-08
0.04,0,-0.04,0.15708,0.10472,-1.6336e-08,-4.1889e-08,-3.6958e-08,-2.0725e-08,3.7952e-09,3.1933e-08,3.4481e-08,-3.3666e-08,-5.2829e-10,-2.0212e-08,-3.7044e-08,-1.3146e-08
-0.04,0.04,-0.04,0.15708,0.10472,-5.6366e-09,-5.4294e-08,-5.5097e-08,-2.9885e-08,4.3171e-09,1.2034e-08,3.8977e-08,-2.4276e-08,1.3182e-09,-2.115e-08,-2.3909e-08,-1.5698e-08
0,0.04,-0.04,0.15708,0.10472,-1.025e-08,-4.8202e-08,-5.0104e-08,-2.988e-08,3.4783e-09,2.1281e-08,3.8615e-08,-2.6716e-08,1.9488e-09,-2.1904e-08,-3.0021e-08,-1.3162e-08
0.04,0.04,-0.04,0.15708,0.10472,-1.4484e-08,-4.8231e-08,-3.7513e-08,-2.5913e-08,1.5455e-09,2.3857e-08,3.3147e-08,-2.7768e-08,2.0025e-09,-2.121e-08,-3.4088e-08,-1.0926e-08
0,-0.08,0,0.15708,0.10472,-7.7569e-09,-5.0247e-08,-3.3167e-08,-1.1967e-08,1.025e-08,2.8392e-08,3.812e-08,-4.1149e-08,-1.0082e-08,-1.2822e-08,-3.4585e-08,-2.022e-08
-0.04,-0.04,0,0.15708,0.10472,-5.4137e-09,-5.5086e-08,-4.1495e-08,-1.4777e-08,1.2015e-08,1.9013e-08,4.0622e-08,-3.1785e-08,-7.2571e-09,-1.168e-08,-2.678e-08,-1.8996e-08
0,-0.04,0,0.15708,0.10472,-8.7475e-09,-5.6664e-08,-3.7728e-08,-1.2139e-08,9.2304e-09,2.6825e-08,3.3883e-08,-3.5264e-08,-8.0569e-09,-1.2183e-08,-3.0084e-08,-1.6946e-08
0.04,-0.04,0,0.15708,0.10472,-1.6073e-08,-5.0947e-08,-2.8735e-08,-1.4321e-08,7.0518e-09,3.1029e-08,3.1657e-08,-3.5484e-08,-9.9401e-09,-1.1556e-08,-4.1871e-08,-1.3955e-08
-0.08,0,0,0.15708,0.10472,2.6227e-11,-5.8181e-08,-6.0381e-08,-1.9872e-08,1.445e-08,1.1016e-08,4.3327e-08,-2.7636e-08,-4.1482e-09,-1.2774e-08,-2.1059e-08,-1.9312e-08
-0.04,0,0,0.15708,0.10472,-5.35e-09,-5.921e-08,-5.0751e-08,-1.989e-08,1.0168e-08,1.656e-08,3.8173e-08,-2.9395e-08,-4.1008e-09,-1.438e-08,-2.4003e-08,-1.516e-08
0,0,0,0.15708,0.10472,-1.0627e-08,-5.8748e-08,-3.8758e-08,-1.9494e-08,7.9068e-09,2.2504e-08,3.199e-08,-2.9414e-08,-2.1565e-09,-1.698e-08,-2.9411e-08,-1.2803e-08
0.04,0,0,0.15708,0.10472,-1.625e-08,-5.3336e-08,-3.5038e-08,-1.6045e-08,7.2542e-09,2.7862e-08,3.1173e-08,-2.9257e-08,-5.4598e-09,-1.3389e-08,-3.7983e-08,-9.4498e-09
0.08,0,0,0.15708,0.10472,-2.3002e-08,-4.7827e-08,-2.7154e-08,-1.6291e-08,6.1508e-09,3.581e-08,2.8532e-08,-3.0233e-08,-6.1837e-09,-1.3116e-08,-4.9398e-08,-6.9414e-09
-0.04,0.04,0,0.15708,0.10472,-3.9502e-09,-6.6235e-08,-5.3673e-08,-2.5646e-08,1.0268e-08,1.2577e-08,3.4992e-08,-2.2668e-08,-3.1731e-09,-1.5837e-08,-2.3832e-08,-1.0048e-08
0,0.04,0,0.15708,0.10472,-8.5319e-09,-5.728e-08,-4.2899e-08,-2.5202e-08,9.0195e-09,1.5518e-08,3.1682e-08,-2.4401e-08,-2.1727e-09,-1.1156e-08,-2.8072e-08,-7.0368e-09
0.04,0.04,0,0.15708,0.10472,-1.46e-08,-6.0242e-08,-3.3966e-08,-2.2735e-08,5.0722e-09,2.368e-08,3.0081e-08,-2.4538e-08,1.5085e-09,-1.4729e-08,-3.53e-08,-7.6782e-09
0,0.08,0,0.15708,0.10472,-9.9019e-09,-6.079e-08,-4.8271e-08,-3.4022e-08,7.8349e-09,1.1987e-08,3.1344e-08,-2.0217e-08,2.6584e-09,-1.4495e-08,-2.7445e-08,-4.5849e-09
-0.04,-0.04,0.04,0.15708,0.10472,1.0788e-09,-6.3106e-08,-3.7945e-08,-1.2127e-08,1.4804e-08,1.713e-08,3.3694e-08,-2.7346e-08,-1.1779e-08,-1.0162e-08,-2.7153e-08,-1.3857e-08
0,-0.04,0.04,0.15708,0.10472,-9.6076e-09,-6.1922e-08,-3.2853e-08,-1.1027e-08,1.3489e-08,2.2543e-08,3.1702e-08,-2.9468e-08,-1.1907e-08,-8.2974e-09,-3.1027e-08,-1.0983e-08
0.04,-0.04,0.04,0.15708,0.10472,-1.7466e-08,-5.6845e-08,-2.8588e-08,-1.1212e-08,1.1397e-08,2.6776e-08,2.8478e-08,-3.1171e-08,-1.3732e-08,-8.997e-09,-3.7125e-08,-7.3826e-09
-0.04,0,0.04,0.15708,0.10472,-8.1253e-10,-6.8904e-08,-4.2565e-08,-1.4965e-08,1.8602e-08,1.5606e-08,3.1815e-08,-2.5607e-08,-7.2146e-09,-9.2712e-09,-2.6957e-08,-9.8027e-09
0,0,0.04,0.15708,0.10472,-7.5905e-09,-6.5412e-08,-3.7801e-08,-1.5226e-08,1.6721e-08,1.8562e-08,2.8788e-08,-2.3729e-08,-8.1358e-09,-8.7942e-09,-3.0459e-08,-7.0089e-09
0.04,0,0.04,0.15708,0.10472,-1.5869e-08,-6.0734e-08,-3.0948e-08,-1.3349e-08,1.3357e-08,2.6865e-08,2.6481e-08,-2.7126e-08,-9.2202e-09,-6.9093e-09,-3.7782e-08,-6.2715e-09
-0.04,0.04,0.04,0.15708,0.10472,-3.4199e-09,-7.8224e-08,-4.6443e-08,-2.0119e-08,2.0174e-08,1.2694e-08,3.0958e-08,-2.1805e-08,-3.9099e-09,-1.1193e-08,-2.5206e-08,-4.7236e-09
0,0.04,0.04,0.15708,0.10472,-9.3362e-09,-6.7866e-08,-3.8689e-08,-1.6513e-08,1.457e-08,1.5352e-08,2.7455e-08,-2.2555e-08,-6.362e-09,-7.7668e-09,-2.7561e-08,-5.7882e-09
0.04,0.04,0.04,0.15708,0.10472,-1.3241e-08,-6.7274e-08,-3.675e-08,-1.9376e-08,1.3562e-08,2.094e-08,2.5374e-08,-2.2637e-08,-6.7203e-09,-8.1541e-09,-3.6504e-08,-4.2266e-09
0,0,0.08,0.15708,0.10472,-4.1766e-09,-8.0281e-08,-3.4265e-08,-9.0119e-09,2.0979e-08,1.8292e-08,2.4923e-08,-2.0287e-08,-1.3842e-08,-3.9197e-09,-3.0882e-08,-3.0858e-09
0,0,-0.08,0.05236,0.15708,-9.8481e-09,-4.1985e-08,-4.103e-08,-2.7077e-08,-5.4873e-09,2.5236e-08,4.6494e-08,-3.3764e-08,3.6437e-09,-2.6585e-08,-2.772e-08,-1.4161e-08
-0.04,-0.04,-0.04,0.05236,0.15708,-5.2612e-09,-4.9489e-08,-4.1385e-08,-2.2706e-08,2.159e-09,2.3535e-08,4.574e-08,-3.4097e-08,-1.9497e-09,-1.7212e-08,-2.6549e-08,-2.0019e-08
0,-0.04,-0.04,0.05236,0.15708,-1.0997e-08,-4.5713e-08,-3.6105e-08,-2.2124e-08,2.1234e-09,2.913e-08,4.358e-08,-3.3453e-08,-2.0797e-09,-1.8366e-08,-3.2064e-08,-1.4972e-08
0.04,-0.04,-0.04,0.05236,0.15708,-1.6782e-08,-4.5186e-08,-2.9226e-08,-2.2214e-08,1.0091e-09,4.0355e-08,3.6694e-08,-3.7232e-08,-1.8228e-09,-2.1964e-08,-3.9583e-08,-1.2502e-08
-0.04,0,-0.04,0.05236,0.15708,-6.3213e-09,-4.8234e-08,-4.7617e-08,-2.8736e-08,5.4758e-10,1.8832e-08,4.2582e-08,-2.8181e-08,1.3469e-09,-2.0028e-08,-2.5902e-08,-1.5027e-08
0,0,-0.04,0.05236,0.15708,-1.1085e-08,-4.8878e-08,-3.86e-08,-2.6602e-08,2.7684e-09,2.6663e-08,3.8926e-08,-3.1243e-08,2.3964e-09,-2.0746e-08,-3.0578e-08,-1.1442e-08
0.04,0,-0.04,0.05236,0.15708,-1.4229e-08,-4.4007e-08,-3.4062e-08,-2.5873e-08,1.6111e-10,3.7468e-08,3.615e-08,-3.0873e-08,3.0962e-09,-2.1713e-08,-3.5483e-08,-1.0429e-08
-0.04,0.04,-0.04,0.05236,0.15708,-6.0485e-09,-5.4358e-08,-5.5678e-08,-3.4685e-08,-1.9178e-09,1.4989e-08,3.9584e-08,-2.4268e-08,5.2911e-09,-2.2142e-08,-2.5217e-08,-1.0791e-08
0,0.04,-0.04,0.05236,0.15708,-9.7228e-09,-4.9206e-08,-4.7188e-08,-3.4494e-08,1.4349e-09,2.1697e-08,3.626e-08,-2.492e-08,5.4659e-09,-2.1401e-08,-2.9685e-08,-1.0342e-08
0.04,0.04,-0.04,0.05236,0.15708,-1.3864e-08,-4.4292e-08,-3.8923e-08,-3.2378e-08,2.4508e-10,2.83e-08,3.2762e-08,-2.7397e-08,6.3186e-09,-2.1936e-08,-3.0644e-08,-7.0724e-09
0,-0.08,0,0.05236,0.15708,-9.7129e-09,-4.8306e-08,-2.8053e-08,-1.5595e-08,7.1446e-09,2.9193e-08,3.882e-08,-3.8972e-08,-6.0112e-09,-1.3739e-08,-3.3463e-08,-1.4365e-08
-0.04,-0.04,0,0.05236,0.15708,-2.9383e-09,-5.4599e-08,-3.8417e-08,-1.7964e-08,6.0644e-09,1.9501e-08,3.9637e-08,-3.1656e-08,-2.9623e-09,-1.3438e-08,-2.6755e-08,-1.3631e-08
0,-0.04,0,0.05236,0.15708,-1.0129e-08,-5.4508e-08,-3.4262e-08,-1.9257e-08,6.9632e-09,2.7343e-08,3.3958e-08,-3.0471e-08,-4.6437e-09,-1.3879e-08,-3.2233e-08,-9.5794e-09
0.04,-0.04,0,0.05236,0.15708,-1.5106e-08,-5.0673e-08,-2.8841e-08,-1.8469e-08,6.4714e-09,3.1329e-08,3.1815e-08,-3.112e-08,-6.0843e-09,-1.2684e-08,-3.9803e-08,-9.0002e-09
-0.08,0,0,0.05236,0.15708,-1.126e-09,-6.198e-08,-5.1466e-08,-2.5706e-08,7.6515e-09,1.3275e-08,3.9743e-08,-2.4629e-08,-1.2752e-09,-1.5316e-08,-2.0106e-08,-1.1849e-08
-0.04,0,0,0.05236,0.15708,-3.7104e-09,-5.9987e-08,-4.525e-08,-2.5313e-08,8.1031e-09,1.7002e-08,3.7503e-08,-2.5799e-08,-1.3076e-09,-1.3667e-08,-2.7247e-08,-8.7855e-09
0,0,0,0.05236,0.15708,-9.864e-09,-5.9044e-08,-3.6102e-08,-2.4312e-08,4.8197e-09,2.4452e-08,3.2095e-08,-2.5923e-08,-5.1719e-10,-1.5289e-08,-3.2858e-08,-6.2162e-09
0.04,0,0,0.05236,0.15708,-1.6115e-08,-5.1329e-08,-3.1311e-08,-2.2832e-08,5.803e-09,2.8976e-08,2.869e-08,-2.6884e-08,-1.4248e-09,-1.6452e-08,-3.8643e-08,-5.4998e-09
0.08,0,0,0.05236,0.15708,-1.9882e-08,-4.9504e-08,-2.4846e-08,-2.0422e-08,5.9742e-09,3.9569e-08,2.7523e-08,-2.7322e-08,-2.3324e-09,-1.436e-08,-4.4221e-08,-4.5472e-09
-0.04,0.04,0,0.05236,0.15708,-3.6606e-09,-6.386e-08,-5.304e-08,-3.2669e-08,9.922e-09,1.3757e-08,3.4843e-08,-2.2876e-08,1.749e-09,-1.8348e-08,-2.484e-08,-5.4057e-09
0,0.04,0,0.05236,0.15708,-8.9543e-09,-5.9601e-08,-4.163e-08,-2.9495e-08,8.6545e-09,2.0323e-08,3.0439e-08,-2.2573e-08,2.2734e-09,-1.6441e-08,-3.2816e-08,-6.4409e-09
0.04,0.04,0,0.05236,0.15708,-1.3821e-08,-5.6044e-08,-3.601e-08,-2.8267e-08,4.323e-09,2.605e-08,2.9753e-08,-2.3248e-08,3.887e-09,-1.7179e-08,-3.6314e-08,-3.4955e-09
0,0.08,0,0.05236,0.15708,-7.9833e-09,-6.134e-08,-4.9926e-08,-3.905e-08,5.2403e-09,1.6732e-08,2.835e-08,-1.798e-08,6.3284e-09,-1.5094e-08,-2.6707e-08,-2.8679e-09
-0.04,-0.04,0.04,0.05236,0.15708,-3.3038e-09,-7.1973e-08,-3.838e-08,-1.6972e-08,1.4096e-08,1.9594e-08,3.2454e-08,-2.3256e-08,-5.8764e-09,-1.0647e-08,-2.6232e-08,-1.0706e-08
0,-0.04,0.04,0.05236,0.15708,-7.2881e-09,-6.5541e-08,-3.0618e-08,-1.6248e-08,1.2179e-08,2.5286e-08,2.9532e-08,-2.4533e-08,-7.3283e-09,-1.1076e-08,-3.292e-08,-6.9373e-09
0.04,-0.04,0.04,0.05236,0.15708,-1.5347e-08,-6.0396e-08,-2.655e-08,-1.474e-08,9.5592e-09,2.994e-08,2.7421e-08,-2.5823e-08,-1.006e-08,-1.0157e-08,-3.8112e-08,-3.5676e-09
-0.04,0,0.04,0.05236,0.15708,-4.2263e-09,-7.7157e-08,-4.2099e-08,-2.1681e-08,1.7446e-08,1.8357e-08,3.2672e-08,-2.2547e-08,-5.4779e-09,-1.2188e-08,-2.5857e-08,-4.771e-09
0,0,0.04,0.05236,0.15708,-8.5354e-09,-6.7518e-08,-3.575e-08,-2.0905e-08,1.4456e-08,2.3829e-08,2.7918e-08,-2.1799e-08,-4.8757e-09,-1.1156e-08,-3.0144e-08,-2.4883e-09
0.04,0,0.04,0.05236,0.15708,-1.4016e-08,-6.3154e-08,-3.1654e-08,-2.0096e-08,1.0633e-08,2.8188e-08,2.4928e-08,-2.6584e-08,-3.9838e-09,-1.1906e-08,-3.9734e-08,-1.2372e-09
-0.04,0.04,0.04,0.05236,0.15708,-2.0982e-09,-7.364e-08,-4.34e-08,-2.662e-08,1.6569e-08,1.4608e-08,2.9502e-08,-2.0356e-08,-1.7732e-09,-1.041e-08,-2.4672e-08,-2.3592e-09
0,0.04,0.04,0.05236,0.15708,-5.3199e-09,-7.0153e-08,-3.9849e-08,-2.4337e-08,1.2531e-08,1.976e-08,2.634e-08,-1.8742e-08,-2.6881e-09,-1.3511e-08,-3.0126e-08,-2.0029e-09
0.04,0.04,0.04,0.05236,0.15708,-1.3725e-08,-6.6013e-08,-3.2703e-08,-2.4185e-08,9.8168e-09,2.2882e-08,2.5767e-08,-2.064e-08,-5.0066e-10,-8.7494e-09,-3.4786e-08,-6.7306e-12
0,0,0.08,0.05236,0.15708,-7.9836e-09,-8.7843e-08,-3.3341e-08,-1.5096e-08,1.9538e-08,1.9786e-08,2.5217e-08,-1.8601e-08,-7.6642e-09,-6.8244e-09,-3.0714e-08,2.5774e-09
0,0,-0.08,0.10472,0.15708,-1.0494e-08,-4.137e-08,-4.476e-08,-2.6862e-08,-2.7512e-09,2.6598e-08,4.3872e-08,-3.1585e-08,1.622e-09,-2.5415e-08,-2.9211e-08,-1.6015e-08
-0.04,-0.04,-0.04,0.10472,0.15708,-5.3697e-09,-4.7429e-08,-4.5376e-08,-2.213e-08,4.6516e-09,2.1115e-08,5.0507e-08,-3.6049e-08,-3.0748e-09,-1.8543e-08,-2.6562e-08,-2.0607e-08
0,-0.04,-0.04,0.10472,0.15708,-1.0952e-08,-4.3259e-08,-3.8941e-08,-2.0824e-08,1.6567e-09,3.1862e-08,4.2802e-08,-3.8185e-08,-4.2083e-09,-1.661e-08,-3.2567e-08,-1.837e-08
0.04,-0.04,-0.04,0.10472,0.15708,-1.551e-08,-4.2585e-08,-3.0179e-08,-1.8585e-08,1.9193e-09,4.0149e-08,3.7024e-08,-4.1043e-08,-3.409e-09,-2.0495e-08,-3.9394e-08,-1.505e-08
-0.04,0,-0.04,0.10472,0.15708,-5.3953e-09,-4.8836e-08,-5.105e-08,-2.3488e-08,2.8607e-09,1.8296e-08,4.4579e-08,-2.8892e-08,7.4339e-11,-2.1019e-08,-2.5886e-08,-1.5941e-08
0,0,-0.04,0.10472,0.15708,-9.7823e-09,-4.8865e-08,-3.9197e-08,-2.2972e-08,3.0196e-09,2.3817e-08,3.5923e-08,-3.0478e-08,7.5897e-11,-2.1861e-08,-3.0647e-08,-1.4371e-08
0.04,0,-0.04,0.10472,0.15708,-1.6024e-08,-4.7307e-08,-3.6016e-08,-2.5815e-08,2.4538e-09,3.5749e-08,3.7084e-08,-3.0814e-08,-1.0175e-09,-2.2457e-08,-3.7943e-08,-1.0833e-08
-0.04,0.04,-0.04,0.10472,0.15708,-5.6064e-09,-5.0534e-08,-6.0636e-08,-3.2368e-08,8.3226e-10,1.2482e-08,4.0378e-08,-2.514e-08,2.2656e-09,-2.0975e-08,-2.6046e-08,-1.1357e-08
0,0.04,-0.04,0.10472,0.15708,-1.1257e-08,-5.3033e-08,-4.8115e-08,-3.0397e-08,3.1689e-09,2.1013e-08,3.6451e-08,-2.5608e-08,3.4298e-09,-2.1706e-08,-2.7613e-08,-9.9866e-09
0.04,0.04,-0.04,0.10472,0.15708,-1.4154e-08,-4.7213e-08,-3.9251e-08,-2.854e-08,1.878e-09,2.998e-08,3.2935e-08,-2.7552e-08,3.9746e-09,-2.3308e-08,-3.6028e-08,-8.0135e-09
0,-0.08,0,0.10472,0.15708,-8.47e-09,-4.9076e-08,-3.2859e-08,-1.6168e-08,6.995e-09,3.0631e-08,3.7706e-08,-3.9582e-08,-7.8134e-09,-1.2044e-08,-3.2491e-08,-1.9844e-08
-0.04,-0.04,0,0.10472,0.15708,-2.4947e-09,-5.4494e-08,-4.1724e-08,-1.9076e-08,9.2791e-09,1.6146e-08,3.9509e-08,-3.112e-08,-4.8411e-09,-1.3914e-08,-2.7449e-08,-1.8238e-08
0,-0.04,0,0.10472,0.15708,-9.4266e-09,-5.6023e-08,-3.5689e-08,-1.5906e-08,7.6155e-09,2.3903e-08,3.4629e-08,-3.3978e-08,-6.8201e-09,-1.4137e-08,-3.2919e-08,-1.4773e-08
0.04,-0.04,0,0.10472,0.15708,-1.6344e-08,-5.0175e-08,-2.9046e-08,-1.6198e-08,8.0424e-09,3.2359e-08,3.3193e-08,-3.3504e-08,-9.3255e-09,-1.5757e-08,-3.8381e-08,-1.0177e-08
-0.08,0,0,0.10472,0.15708,6.5839e-11,-6.3861e-08,-5.1911e-08,-2.5068e-08,1.1533e-08,1.1376e-08,4.0197e-08,-2.5305e-08,-3.7611e-09,-1.4495e-08,-2.1305e-08,-1.4453e-08
-0.04,0,0,0.10472,0.15708,-3.7584e-09,-5.7149e-08,-5.1637e-08,-1.9817e-08,8.854e-09,1.8421e-08,3.726e-08,-2.5426e-08,-3.6405e-09,-1.5699e-08,-2.5689e-08,-1.1262e-08
0,0,0,0.10472,0.15708,-9.2542e-09,-5.6896e-08,-4.2682e-08,-2.0252e-08,5.9189e-09,2.2838e-08,3.385e-08,-2.8743e-08,-2.8341e-09,-1.3887e-08,-3.2784e-08,-9.1121e-09
0.04,0,0,0.10472,0.15708,-1.6426e-08,-5.037e-08,-3.1889e-08,-2.148e-08,7.8589e-09,2.8032e-08,3.1597e-08,-2.6294e-08,-2.1041e-09,-1.3871e-08,-3.5973e-08,-8.7516e-09
0.08,0,0,0.10472,0.15708,-2.4253e-08,-4.8148e-08,-2.7218e-08,-2.0273e-08,5.1994e-09,3.583e-08,2.9305e-08,-2.882e-08,-6.6263e-09,-1.437e-08,-4.4988e-08,-5.5272e-09
-0.04,0.04,0,0.10472,0.15708,-5.338e-09,-6.5521e-08,-5.2929e-08,-2.9683e-08,7.1958e-09,1.2442e-08,3.4917e-08,-2.233e-08,-2.6738e-09,-1.5507e-08,-2.4216e-08,-9.087e-09
0,0.04,0,0.10472,0.15708,-7.0739e-09,-5.8976e-08,-4.491e-08,-2.8389e-08,7.8496e-09,2.0933e-08,3.2447e-08,-2.3406e-08,3.549e-10,-1.5091e-08,-2.8915e-08,-5.0007e-09
0.04,0.04,0,0.10472,0.15708,-1.3275e-08,-5.4697e-08,-3.9226e-08,-2.4253e-08,7.8996e-09,2.3877e-08,2.9506e-08,-2.4287e-08,8.5576e-10,-1.4379e-08,-3.7969e-08,-4.8848e-09
0,0.08,0,0.10472,0.15708,-8.0746e-09,-6.0743e-08,-5.0856e-08,-3.6267e-08,8.2287e-09,1.5449e-08,2.8715e-08,-2.024e-08,3.4682e-09,-1.7423e-08,-2.7091e-08,-3.3258e-09
-0.04,-0.04,0.04,0.10472,0.15708,-1.6781e-09,-6.7415e-08,-4.0178e-08,-1.589e-08,1.4321e-08,1.8536e-08,3.3553e-08,-2.7477e-08,-8.1695e-09,-1.0746e-08,-2.6141e-08,-1.1833e-08
0,-0.04,0.04,0.10472,0.15708,-8.7783e-09,-6.4875e-08,-3.1035e-08,-1.4246e-08,1.2462e-08,2.1015e-08,3.1668e-08,-2.7837e-08,-8.7789e-09,-1.0151e-08,-3.064e-08,-7.4001e-09
0.04,-0.04,0.04,0.10472,0.15708,-1.5015e-08,-5.7655e-08,-2.7517e-08,-1.3068e-08,1.1364e-08,2.9465e-08,2.769e-08,-2.9131e-08,-1.1281e-08,-9.3916e-09,-3.766e-08,-5.9422e-09
-0.04,0,0.04,0.10472,0.15708,-4.3882e-09,-7.2361e-08,-4.3669e-08,-1.7839e-08,1.8202e-08,1.683e-08,3.2158e-08,-2.5269e-08,-7.8076e-09,-9.4099e-09,-2.5813e-08,-1.0951e-08
0,0,0.04,0.10472,0.15708,-1.151e-08,-6.7311e-08,-3.5007e-08,-1.6941e-08,1.2375e-08,2.142e-08,2.8513e-08,-2.4437e-08,-5.981e-09,-1.1446e-08,-3.0539e-08,-2.6161e-09
0.04,0,0.04,0.10472,0.15708,-1.5321e-08,-6.9605e-08,-2.989e-08,-1.7649e-08,1.192e-08,2.5397e-08,2.6008e-08,-2.4815e-08,-7.9401e-09,-8.3372e-09,-3.6801e-08,-3.628e-09
-0.04,0.04,0.04,0.10472,0.15708,-1.5001e-09,-7.7118e-08,-4.7769e-08,-2.2435e-08,1.6164e-08,1.4371e-08,2.9156e-08,-2.0441e-08,-3.1403e-09,-1.0171e-08,-2.3412e-08,-3.1529e-09
0,0.04,0.04,0.10472,0.15708,-6.1669e-09,-7.0731e-08,-3.985e-08,-2.1235e-08,1.3031e-08,1.997e-08,2.6064e-08,-2.2023e-08,-2.9819e-09,-1.0365e-08,-2.7003e-08,-2.5375e-09
0.04,0.04,0.04,0.10472,0.15708,-1.3128e-08,-6.151e-08,-3.2321e-08,-1.8359e-08,1.0222e-08,2.2641e-08,2.4357e-08,-2.1861e-08,-3.7462e-09,-1.0121e-08,-3.5651e-08,-1.7047e-09
0,0,0.08,0.10472,0.15708,-6.9749e-09,-8.0563e-08,-3.3548e-08,-1.2542e-08,1.8893e-08,1.7738e-08,2.3567e-08,-2.0525e-08,-1.2267e-08,-5.6236e-09,-2.9723e-08,6.7682e-10
0,0,-0.08,0.15708,0.15708,-1.033e-08,-4.2713e-08,-4.3127e-08,-2.6223e-08,-1.5646e-09,2.1607e-08,4.4003e-08,-3.1598e-08,1.6473e-09,-2.5827e-08,-2.6897e-08,-1.7153e-08
-0.04,-0.04,-0.04,0.15708,0.15708,-5.1976e-09,-4.6258e-08,-4.9515e-08,-1.825e-08,3.6708e-09,1.7612e-08,5.0086e-08,-3.7787e-08,-3.5614e-09,-1.6633e-08,-2.6039e-08,-2.5579e-08
0,-0.04,-0.04,0.15708,0.15708,-9.2764e-09,-4.404e-08,-4.0373e-08,-1.8181e-08,4.0786e-09,2.7092e-08,4.4112e-08,-4.0796e-08,-4.7142e-09,-1.7699e-08,-3.149e-08,-1.788e-08
0.04,-0.04,-0.04,0.15708,0.15708,-1.3662e-08,-4.3531e-08,-3.0477e-08,-1.6472e-08,3.9501e-09,3.5985e-08,3.8356e-08,-4.0188e-08,-4.6763e-09,-1.7124e-08,-3.5911e-08,-1.6815e-08
-0.04,0,-0.04,0.15708,0.15708,-4.028e-09,-4.9368e-08,-5.4311e-08,-2.4342e-08,4.1297e-09,1.4483e-08,4.8773e-08,-2.9009e-08,-1.6464e-09,-1.7991e-08,-2.5187e-08,-1.7234e-08
0,0,-0.04,0.15708,0.15708,-1.2985e-08,-4.5945e-08,-4.6445e-08,-2.2008e-08,4.2799e-09,2.4755e-08,3.8608e-08,-3.1557e-08,-1.9862e-09,-2.0431e-08,-3.1089e-08,-1.6491e-08
0.04,0,-0.04,0.15708,0.15708,-1.4551e-08,-4.4509e-08,-3.5751e-08,-2.0216e-08,3.036e-09,3.2229e-08,3.655e-08,-3.3077e-08,-1.6539e-09,-2.0618e-08,-3.6858e-08,-1.3153e-08
-0.04,0.04,-0.04,0.15708,0.15708,-7.4973e-09,-4.8996e-08,-6.4274e-08,-2.7137e-08,4.8332e-09,1.2397e-08,4.2044e-08,-2.6951e-08,1.4284e-09,-2.097e-08,-2.3494e-08,-1.3426e-08
0,0.04,-0.04,0.15708,0.15708,-1.1458e-08,-4.6447e-08,-4.7692e-08,-2.6767e-08,1.477e-09,1.8002e-08,3.6724e-08,-2.5897e-08,1.1366e-09,-2.1531e-08,-2.6649e-08,-1.3533e-08
0.04,0.04,-0.04,0.15708,0.15708,-1.3716e-08,-4.5249e-08,-4.0272e-08,-2.5492e-08,2.9868e-09,2.4549e-08,3.2527e-08,-2.7467e-08,2.244e-09,-2.0527e-08,-3.3279e-08,-1.033e-08
0,-0.08,0,0.15708,0.15708,-8.6832e-09,-4.8804e-08,-3.0779e-08,-1.148e-08,9.433e-09,2.8806e-08,3.8006e-08,-4.0504e-08,-7.7731e-09,-1.1499e-08,-3.156e-08,-2.0634e-08
-0.04,-0.04,0,0.15708,0.15708,-4.4608e-09,-5.7727e-08,-4.1005e-08,-1.6201e-08,1.0281e-08,1.7973e-08,3.9567e-08,-3.3721e-08,-5.9446e-09,-1.3188e-08,-2.5087e-08,-2.2114e-08
0,-0.04,0,0.15708,0.15708,-9.0315e-09,-5.4181e-08,-3.7076e-08,-1.5976e-08,9.0174e-09,2.3686e-08,3.5895e-08,-3.4535e-08,-7.5345e-09,-1.391e-08,-3.2687e-08,-1.4845e-08
0.04,-0.04,0,0.15708,0.15708,-1.7144e-08,-4.6795e-08,-3.0458e-08,-1.4901e-08,8.4226e-09,3.1003e-08,3.3561e-08,-3.7245e-08,-8.5103e-09,-1.207e-08,-3.8186e-08,-1.0811e-08
-0.08,0,0,0.15708,0.15708,5.8014e-10,-6.2287e-08,-5.3376e-08,-1.7934e-08,1.3742e-08,9.4623e-09,4.1841e-08,-2.607e-08,-4.2938e-09,-1.4564e-08,-2.1041e-08,-1.6522e-08
-0.04,0,0,0.15708,0.15708,-6.5568e-09,-6.114e-08,-4.5828e-08,-1.8072e-08,1.252e-08,1.3307e-08,3.8807e-08,-2.7288e-08,-3.9451e-09,-1.5079e-08,-2.562e-08,-1.3354e-08
0,0,0,0.15708,0.15708,-1.0571e-08,-5.7786e-08,-4.1659e-08,-1.9239e-08,9.0893e-09,1.9693e-08,3.394e-08,-2.9975e-08,-6.4513e-09,-1.4575e-08,-3.0796e-08,-1.0518e-08
0.04,0,0,0.15708,0.15708,-1.6061e-08,-5.0218e-08,-3.2508e-08,-1.7276e-08,7.2977e-09,2.7115e-08,3.1384e-08,-2.9492e-08,-6.5564e-09,-1.5666e-08,-3.7491e-08,-1.206e-08
0.08,0,0,0.15708,0.15708,-2.4964e-08,-5.0591e-08,-2.7132e-08,-1.6652e-08,6.7576e-09,3.4743e-08,2.731e-08,-3.0899e-08,-5.2543e-09,-1.5335e-08,-4.538e-08,-6.7582e-09
-0.04,0.04,0,0.15708,0.15708,-5.7458e-09,-6.102e-08,-5.2955e-08,-2.6001e-08,1.1545e-08,1.2156e-08,3.2016e-08,-2.3645e-08,-1.0564e-09,-1.4799e-08,-2.3482e-08,-1.0558e-08
0,0.04,0,0.15708,0.15708,-9.403e-09,-5.7918e-08,-4.1327e-08,-2.6492e-08,9.0771e-09,1.7362e-08,3.2392e-08,-2.3866e-08,-1.4955e-09,-1.6401e-08,-3.0663e-08,-7.7278e-09
0.04,0.04,0,0.15708,0.15708,-1.5312e-08,-5.604e-08,-3.8794e-08,-2.0922e-08,8.5522e-09,2.3484e-08,2.7679e-08,-2.4872e-08,-8.4719e-10,-1.0993e-08,-3.4734e-08,-7.5933e-09
0,0.08,0,0.15708,0.15708,-9.7106e-09,-6.2981e-08,-4.8297e-08,-3.1069e-08,1.056e-08,1.5487e-08,2.8372e-08,-2.1764e-08,3.4622e-09,-1.4926e-08,-2.9147e-08,-6.1829e-09
-0.04,-0.04,0.04,0.15708,0.15708,-2.7635e-09,-6.628e-08,-3.7347e-08,-1.1574e-08,1.953e-08,1.8242e-08,3.6082e-08,-2.7745e-08,-9.634e-09,-9.7191e-09,-2.855e-08,-1.0545e-08
0,-0.04,0.04,0.15708,0.15708,-8.7941e-09,-6.1669e-08,-3.2518e-08,-1.1725e-08,1.319e-08,2.3948e-08,3.0574e-08,-3.1746e-08,-1.1477e-08,-8.8004e-09,-3.0615e-08,-1.0141e-08
0.04,-0.04,0.04,0.15708,0.15708,-1.5992e-08,-5.8393e-08,-2.734e-08,-1.1448e-08,1.293e-08,2.6207e-08,2.7936e-08,-2.9946e-08,-1.3879e-08,-9.9977e-09,-3.9195e-08,-8.7264e-09
-0.04,0,0.04,0.15708,0.15708,-3.9778e-09,-7.3206e-08,-4.6378e-08,-1.5133e-08,1.809e-08,1.6009e-08,3.2525e-08,-2.4759e-08,-9.0816e-09,-8.8486e-09,-2.5496e-08,-9.1017e-09
0,0,0.04,0.15708,0.15708,-9.0232e-09,-7.1555e-08,-3.7803e-08,-1.2936e-08,1.4073e-08,1.9766e-08,2.9807e-08,-2.4668e-08,-9.7267e-09,-7.8805e-09,-3.0451e-08,-5.0884e-09
0.04,0,0.04,0.15708,0.15708,-1.6075e-08,-5.9988e-08,-3.2861e-08,-1.4651e-08,1.2754e-08,2.4954e-08,2.7593e-08,-2.5778e-08,-1.1467e-08,-8.3527e-09,-3.7462e-08,-4.4177e-09
-0.04,0.04,0.04,0.15708,0.15708,-3.3097e-09,-7.4068e-08,-4.8301e-08,-1.5407e-08,1.8692e-08,1.2762e-08,2.8415e-08,-2.163e-08,-4.655e-09,-8.6379e-09,-2.3429e-08,-7.9733e-09
0,0.04,0.04,0.15708,0.15708,-8.7669e-09,-6.8374e-08,-4.0465e-08,-1.6551e-08,1.4503e-08,1.8109e-08,2.9204e-08,-2.1033e-08,-4.6961e-09,-8.7159e-09,-2.8801e-08,-4.2547e-09
0.04,0.04,0.04,0.15708,0.15708,-1.3504e-08,-6.4966e-08,-3.4984e-08,-1.9112e-08,1.1778e-08,2.176e-08,2.4807e-08,-2.261e-08,-5.1714e-09,-6.9917e-09,-3.3318e-08,-2.6497e-09
0,0,0.08,0.15708,0.15708,-8.3262e-09,-7.856e-08,-3.3568e-08,-7.852e-09,2.0406e-08,1.7941e-08,2.4127e-08,-2.1882e-08,-1.2494e-08,-4.3e-09,-2.6701e-08,-1.349e-09
