0,0,-0.08,0.05236,0.05236,-1.0342e-08,-4.2001e-08,-4.3999e-08,-2.9402e-08,-6.7662e-09,2.7682e-08,4.6722e-08,-3.3311e-08,2.2067e-09,-2.6251e-08,-2.8296e-08,-1.406e-08
-0.04,-0.04,-0.04,0.05236,0.05236,-4.7556e-09,-4.828e-08,-4.0989e-08,-2.1995e-08,-9.8966e-10,2.5396e-08,4.5735e-08,-3.3473e-08,-1.584e-09,-1.6757e-08,-2.6559e-08,-1.9519e-08
0,-0.04,-0.04,0.05236,0.05236,-1.0186e-08,-4.4419e-08,-3.4298e-08,-2.2965e-08,1.0138e-09,2.8565e-08,4.1877e-08,-3.5327e-08,-1.9576e-09,-1.9e-08,-3.5842e-08,-1.98e-08
0.04,-0.04,-0.04,0.05236,0.05236,-1.6351e-08,-4.2015e-08,-2.9927e-08,-2.0717e-08,4.6517e-10,3.7687e-08,3.7236e-08,-3.7518e-08,-1.4452e-09,-2.0033e-08,-3.7768e-08,-1.2442e-08
-0.04,0,-0.04,0.05236,0.05236,-6.6513e-09,-5.2457e-08,-5.0077e-08,-2.5638e-08,8.7056e-11,2.3186e-08,4.6337e-08,-2.7331e-08,1.094e-09,-2.1247e-08,-2.5686e-08,-1.2518e-08
0,0,-0.04,0.05236,0.05236,-8.7536e-09,-4.7708e-08,-4.0066e-08,-2.5316e-08,2.0344e-09,2.6114e-08,4.208e-08,-2.8642e-08,7.6825e-10,-2.2566e-08,-3.0442e-08,-1.1192e-08
0.04,0,-0.04,0.05236,0.05236,-1.5719e-08,-4.7526e-08,-3.4751e-08,-2.5907e-08,6.4355e-10,3.6008e-08,3.7113e-08,-2.9761e-08,5.9972e-10,-1.8733e-08,-3.5407e-08,-1.0766e-08
-0.04,0.04,-0.04,0.05236,0.05236,-5.6243e-09,-5.4268e-08,-5.5353e-08,-3.3926e-08,2.2131e-09,1.5842e-08,4.2785e-08,-2.4171e-08,2.1035e-09,-2.2212e-08,-2.5722e-08,-1.0625e-08
0,0.04,-0.04,0.05236,0.05236,-9.0594e-09,-5.1768e-08,-4.2945e-08,-3.3401e-08,-2.6671e-10,2.2673e-08,3.8524e-08,-2.5303e-08,6.9568e-09,-2.4266e-08,-2.7797e-08,-7.1895e-09
0.04,0.04,-0.04,0.05236,0.05236,-1.3293e-08,-5.0154e-08,-3.7289e-08,-3.1299e-08,-4.3191e-10,2.9883e-08,3.1823e-08,-2.669e-08,7.0971e-09,-2.3663e-08,-3.3717e-08,-7.992e-09
0,-0.08,0,0.05236,0.05236,-1.1454e-08,-4.8122e-08,-2.912e-08,-1.6155e-08,7.523e-09,3.0088e-08,3.349e-08,-3.8225e-08,-6.8222e-09,-1.3653e-08,-3.397e-08,-2.1124e-08
-0.04,-0.04,0,0.05236,0.05236,-6.2607e-09,-6.0414e-08,-4.158e-08,-2.0174e-08,7.8629e-09,2.3661e-08,4.2614e-08,-2.9183e-08,-4.0802e-09,-1.5182e-08,-2.8829e-08,-1.3944e-08
0,-0.04,0,0.05236,0.05236,-8.5292e-09,-5.4492e-08,-3.2869e-08,-1.854e-08,7.1296e-09,2.7466e-08,3.7576e-08,-3.1214e-08,-3.5521e-09,-1.4975e-08,-3.2796e-08,-1.2103e-08
0.04,-0.04,0,0.05236,0.05236,-1.9502e-08,-4.9446e-08,-2.8608e-08,-1.8035e-08,6.9894e-09,3.4434e-08,3.3407e-08,-3.0684e-08,-5.0513e-09,-1.5492e-08,-4.1222e-08,-9.0311e-09
-0.08,0,0,0.05236,0.05236,-5.2987e-10,-6.2703e-08,-5.2467e-08,-2.493e-08,9.3028e-09,1.2708e-08,4.2761e-08,-2.4357e-08,-1.0084e-09,-1.4659e-08,-2.1892e-08,-1.1739e-08
-0.04,0,0,0.05236,0.05236,-3.9761e-09,-6.0018e-08,-4.3251e-08,-2.4387e-08,4.8015e-09,1.8127e-08,4.1126e-08,-2.6937e-08,-1.6922e-09,-1.6462e-08,-2.708e-08,-9.4004e-09
0,0,0,0.05236,0.05236,-9.2357e-09,-6.0021e-08,-3.62e-08,-2.4276e-08,8.0073e-09,2.4487e-08,3.5104e-08,-2.8075e-08,-2.1299e-09,-1.5979e-08,-3.2011e-08,-6.9054e-09
0.04,0,0,0.05236,0.05236,-1.3896e-08,-5.1759e-08,-3.2481e-08,-2.326e-08,6.6481e-09,3.4049e-08,3.1451e-08,-2.9332e-08,-2.0494e-09,-1.6399e-08,-3.5614e-08,-5.7806e-09
0.08,0,0,0.05236,0.05236,-1.9447e-08,-4.9823e-08,-2.6395e-08,-2.1356e-08,5.2592e-09,3.6363e-08,2.8623e-08,-2.7381e-08,-5.6271e-10,-1.3382e-08,-4.511e-08,-4.959e-09
-0.04,0.04,0,0.05236,0.05236,-4.9929e-09,-6.8208e-08,-4.9503e-08,-3.2134e-08,4.4079e-09,1.4758e-08,3.5391e-08,-2.223e-08,5.4561e-10,-1.6417e-08,-2.5514e-08,-4.8531e-09
0,0.04,0,0.05236,0.05236,-8.2853e-09,-6.3926e-08,-4.32e-08,-2.756e-08,5.7249e-09,2.1143e-08,3.3208e-08,-2.1933e-08,2.7609e-09,-1.5943e-08,-3.0669e-08,-5.0751e-09
0.04,0.04,0,0.05236,0.05236,-1.4668e-08,-5.5566e-08,-3.6125e-08,-2.9131e-08,5.1909e-09,2.7756e-08,2.8577e-08,-2.2939e-08,1.6944e-09,-1.432e-08,-3.7386e-08,-3.4532e-09
0,0.08,0,0.05236,0.05236,-7.8768e-09,-6.1421e-08,-4.6204e-08,-3.6544e-08,4.8503e-09,1.8706e-08,2.9494e-08,-1.8091e-08,5.5248e-09,-1.7991e-08,-2.6844e-08,-2.967e-09
-0.04,-0.04,0.04,0.05236,0.05236,-6.8604e-10,-7.217e-08,-3.6749e-08,-1.7646e-08,1.5515e-08,2.187e-08,3.2054e-08,-2.6432e-08,-7.1373e-09,-9.9227e-09,-2.643e-08,-9.3475e-09
0,-0.04,0.04,0.05236,0.05236,-8.6187e-09,-6.5322e-08,-3.2334e-08,-1.6018e-08,1.1257e-08,2.5101e-08,2.8222e-08,-2.6407e-08,-7.5465e-09,-1.0887e-08,-3.2736e-08,-5.3517e-09
0.04,-0.04,0.04,0.05236,0.05236,-1.7044e-08,-6.3447e-08,-2.637e-08,-1.6137e-08,1.0694e-08,3.0603e-08,2.7266e-08,-2.6218e-08,-9.5267e-09,-9.554e-09,-4.1039e-08,-1.6898e-09
-0.04,0,0.04,0.05236,0.05236,-3.7215e-09,-6.7828e-08,-4.3599e-08,-2.0697e-08,1.321e-08,1.6036e-08,3.1126e-08,-2.3893e-08,-4.4065e-09,-1.0542e-08,-2.638e-08,-2.7772e-09
0,0,0.04,0.05236,0.05236,-6.3903e-09,-7.0908e-08,-3.4548e-08,-1.9146e-08,1.2573e-08,2.1875e-08,2.9942e-08,-2.398e-08,-6.1199e-09,-9.063e-09,-3.0273e-08,-3.1913e-09
0.04,0,0.04,0.05236,0.05236,-1.4488e-08,-6.074e-08,-3.0452e-08,-1.8257e-08,1.2032e-08,2.7466e-08,2.4757e-08,-2.4188e-08,-5.34e-09,-9.7544e-09,-3.558e-08,-1.2453e-09
-0.04,0.04,0.04,0.05236,0.05236,-1.8909e-09,-7.6867e-08,-4.3118e-08,-2.5002e-08,1.6245e-08,1.5882e-08,2.9773e-08,-1.8825e-08,-2.3717e-09,-1.3409e-08,-2.513e-08,-3.0325e-09
0,0.04,0.04,0.05236,0.05236,-6.4092e-09,-7.2908e-08,-3.8729e-08,-2.386e-08,1.2656e-08,2.1142e-08,2.7576e-08,-1.8874e-08,-2.5473e-09,-1.1039e-08,-2.8207e-08,2.8027e-10
0.04,0.04,0.04,0.05236,0.05236,-1.4216e-08,-6.2569e-08,-3.3809e-08,-2.5245e-08,9.0452e-09,2.4692e-08,2.5051e-08,-1.9117e-08,-2.1262e-09,-9.3453e-09,-3.3954e-08,1.0874e-09
0,0,0.08,0.05236,0.05236,-5.5267e-09,-8.3221e-08,-3.0834e-08,-1.5071e-08,1.9113e-08,2.0536e-08,2.4833e-08,-1.9786e-08,-9.0828e-09,-7.1853e-09,-2.8949e-08,1.8931e-09
0,0,-0.08,0.10472,0.05236,-1.0672e-08,-4.5529e-08,-4.2156e-08,-2.8406e-08,-2.1959e-09,2.8519e-08,4.2044e-08,-3.167e-08,1.9535e-09,-2.6245e-08,-2.702e-08,-1.6752e-08
-0.04,-0.04,-0.04,0.10472,0.05236,-5.0188e-09,-4.809e-08,-4.4522e-08,-2.116e-08,2.4657e-09,2.2668e-08,4.6218e-08,-3.52e-08,-3.5942e-09,-1.7848e-08,-2.4755e-08,-2.197e-08
0,-0.04,-0.04,0.10472,0.05236,-9.9958e-09,-4.6806e-08,-3.6743e-08,-1.9907e-08,2.4773e-09,2.8008e-08,4.1784e-08,-3.7736e-08,-1.8272e-09,-1.7226e-08,-3.2177e-08,-1.9076e-08
0.04,-0.04,-0.04,0.10472,0.05236,-1.6015e-08,-4.2986e-08,-3.2808e-08,-2.0873e-08,3.9273e-09,3.9467e-08,3.7187e-08,-3.7044e-08,-3.5041e-09,-1.966e-08,-3.8042e-08,-1.5427e-08
-0.04,0,-0.04,0.10472,0.05236,-4.4677e-09,-5.038e-08,-5.088e-08,-2.7521e-08,2.017e-09,1.6874e-08,4.116e-08,-3.0115e-08,-8.7046e-10,-1.9355e-08,-2.6391e-08,-1.5533e-08
0,0,-0.04,0.10472,0.05236,-9.7394e-09,-4.7318e-08,-4.1637e-08,-2.5863e-08,3.1743e-09,2.6771e-08,4.1243e-08,-2.8837e-08,-9.0464e-10,-2.1113e-08,-2.9333e-08,-1.5868e-08
0.04,0,-0.04,0.10472,0.05236,-1.6053e-08,-4.6712e-08,-3.1648e-08,-2.1795e-08,3.1281e-09,3.5027e-08,3.5036e-08,-3.1063e-08,-2.1269e-09,-2.0462e-08,-3.8385e-08,-1.0274e-08
-0.04,0.04,-0.04,0.10472,0.05236,-4.288e-09,-5.3688e-08,-6.1504e-08,-3.2018e-08,5.0737e-10,1.5347e-08,4.1758e-08,-2.5697e-08,1.2366e-09,-2.264e-08,-2.4005e-08,-1.4026e-08
0,0.04,-0.04,0.10472,0.05236,-9.1787e-09,-5.3171e-08,-4.8543e-08,-3.0699e-08,7.966e-10,2.0112e-08,3.6523e-08,-2.5038e-08,2.7945e-09,-2.5103e-08,-2.9102e-08,-1.1819e-08
0.04,0.04,-0.04,0.10472,0.05236,-1.3821e-08,-4.6443e-08,-3.8593e-08,-2.8371e-08,1.3681e-09,2.7574e-08,3.456e-08,-2.6018e-08,4.213e-09,-2.1152e-08,-3.5112e-08,-6.5565e-09
0,-0.08,0,0.10472,0.05236,-1.1559e-08,-4.7303e-08,-2.8439e-08,-1.3771e-08,6.1791e-09,2.9856e-08,3.6448e-08,-3.7764e-08,-7.6594e-09,-1.3324e-08,-3.221e-08,-1.645e-08
-0.04,-0.04,0,0.10472,0.05236,-2.8462e-09,-5.6019e-08,-4.0135e-08,-1.9438e-08,9.6824e-09,2.0275e-08,3.8999e-08,-3.319e-08,-6.1181e-09,-1.4047e-08,-2.5986e-08,-1.7946e-08
0,-0.04,0,0.10472,0.05236,-1.0646e-08,-5.5229e-08,-3.4408e-08,-1.8631e-08,8.755e-09,2.8785e-08,3.4646e-08,-3.3236e-08,-5.5678e-09,-1.5332e-08,-3.3066e-08,-1.4393e-08
0.04,-0.04,0,0.10472,0.05236,-1.6506e-08,-4.8415e-08,-2.8786e-08,-1.7239e-08,5.2834e-09,3.1634e-08,3.1419e-08,-3.3413e-08,-7.3035e-09,-1.6152e-08,-3.704e-08,-1.2243e-08
-0.08,0,0,0.10472,0.05236,-1.6521e-09,-6.3786e-08,-5.2322e-08,-2.2244e-08,9.5182e-09,1.1808e-08,4.2244e-08,-2.603e-08,-2.9029e-09,-1.3671e-08,-2.1677e-08,-1.6206e-08
-0.04,0,0,0.10472,0.05236,-4.8047e-09,-5.7919e-08,-4.5483e-08,-2.4066e-08,9.6264e-09,1.8289e-08,4.0349e-08,-2.7452e-08,-1.8463e-09,-1.4778e-08,-2.6347e-08,-1.2877e-08
0,0,0,0.10472,0.05236,-9.4299e-09,-5.7822e-08,-4.0282e-08,-2.3227e-08,7.1864e-09,2.4226e-08,3.397e-08,-2.6736e-08,-4.221e-09,-1.2413e-08,-3.0613e-08,-1.1764e-08
0.04,0,0,0.10472,0.05236,-1.3852e-08,-5.1919e-08,-3.2153e-08,-2.0979e-08,7.7599e-09,2.9929e-08,2.9861e-08,-2.6765e-08,-4.0229e-09,-1.5789e-08,-3.6607e-08,-9.2268e-09
0.08,0,0,0.10472,0.05236,-2.2489e-08,-4.8048e-08,-2.7502e-08,-1.8612e-08,5.1782e-09,3.2508e-08,2.7166e-08,-2.9614e-08,-4.7622e-09,-1.5421e-08,-4.8328e-08,-4.478e-09
-0.04,0.04,0,0.10472,0.05236,-3.6459e-09,-6.4196e-08,-5.1926e-08,-2.7352e-08,6.0921e-09,1.2915e-08,3.7184e-08,-2.3315e-08,1.3779e-09,-1.4389e-08,-2.4348e-08,-1.1066e-08
0,0.04,0,0.10472,0.05236,-9.1167e-09,-5.7732e-08,-4.0983e-08,-2.6852e-08,7.1646e-09,2.1095e-08,3.1619e-08,-2.4633e-08,-3.5103e-10,-1.5459e-08,-2.9031e-08,-7.8107e-09
0.04,0.04,0,0.10472,0.05236,-1.2688e-08,-5.4273e-08,-3.2077e-08,-2.4426e-08,6.626e-09,2.4091e-08,2.9331e-08,-2.4897e-08,7.365e-10,-1.4809e-08,-3.8355e-08,-5.9622e-09
0,0.08,0,0.10472,0.05236,-6.5603e-09,-6.1669e-08,-4.7331e-08,-3.2963e-08,5.6479e-09,1.4888e-08,2.8049e-08,-2.1253e-08,5.5711e-09,-1.5028e-08,-2.7795e-08,-3.9145e-09
-0.04,-0.04,0.04,0.10472,0.05236,-2.0783e-09,-7.1206e-08,-3.6635e-08,-1.375e-08,1.6585e-08,1.9538e-08,3.1557e-08,-2.8125e-08,-6.7923e-09,-1.0754e-08,-2.8233e-08,-1.1888e-08
0,-0.04,0.04,0.10472,0.05236,-6.8426e-09,-6.4748e-08,-3.147e-08,-1.2543e-08,1.2682e-08,2.5774e-08,3.0968e-08,-2.8958e-08,-9.2194e-09,-8.8727e-09,-3.3473e-08,-8.3539e-09
0.04,-0.04,0.04,0.10472,0.05236,-1.6064e-08,-5.837e-08,-2.7238e-08,-1.4417e-08,1.1679e-08,2.8903e-08,2.6007e-08,-3.1657e-08,-1.2373e-08,-8.6034e-09,-3.8322e-08,-3.9922e-09
-0.04,0,0.04,0.10472,0.05236,-4.3383e-10,-7.1592e-08,-4.2879e-08,-2.0943e-08,1.5987e-08,1.6841e-08,3.055e-08,-2.3936e-08,-5.9056e-09,-1.0657e-08,-2.6053e-08,-9.3402e-09
0,0,0.04,0.10472,0.05236,-7.5379e-09,-6.9321e-08,-3.6419e-08,-1.8455e-08,1.4859e-08,2.2538e-08,2.9129e-08,-2.2332e-08,-7.3703e-09,-9.1349e-09,-3.1036e-08,-6.6322e-09
0.04,0,0.04,0.10472,0.05236,-1.388e-08,-6.0381e-08,-2.746e-08,-1.3999e-08,1.1031e-08,2.4645e-08,2.5634e-08,-2.6636e-08,-9.0583e-09,-7.7029e-09,-3.876e-08,-2.4305e-09
-0.04,0.04,0.04,0.10472,0.05236,-4.8682e-09,-7.2633e-08,-4.626e-08,-2.1133e-08,1.7009e-08,1.307e-08,3.078e-08,-1.9125e-08,-3.6838e-09,-1.1014e-08,-2.4314e-08,-5.6545e-09
0,0.04,0.04,0.10472,0.05236,-6.9559e-09,-7.0337e-08,-3.707e-08,-2.2949e-08,1.2223e-08,2.0436e-08,2.8969e-08,-1.8464e-08,-4.0618e-09,-8.9601e-09,-3.0668e-08,-4.3642e-09
0.04,0.04,0.04,0.10472,0.05236,-1.2884e-08,-6.8141e-08,-3.4699e-08,-2.0552e-08,1.1524e-08,2.4406e-08,2.499e-08,-2.0425e-08,-5.8021e-09,-8.3422e-09,-3.4829e-08,-2.6108e-09
0,0,0.08,0.10472,0.05236,-7.958e-09,-8.7057e-08,-3.0356e-08,-1.2697e-08,1.8903e-08,2.003e-08,2.5029e-08,-1.9935e-08,-1.0194e-08,-4.6724e-09,-2.9275e-08,1.1785e-09
0,0,-0.08,0.15708,0.05236,-1.2824e-08,-3.9638e-08,-4.4478e-08,-2.4342e-08,-4.3683e-09,2.3899e-08,4.6647e-08,-3.1976e-08,-2.953e-10,-2.4451e-08,-2.8231e-08,-2.0371e-08
-0.04,-0.04,-0.04,0.15708,0.05236,-4.5374e-09,-4.7565e-08,-4.0181e-08,-1.8836e-08,3.83e-09,1.8869e-08,5.0745e-08,-3.7891e-08,-4.8321e-09,-1.7167e-08,-2.4867e-08,-2.4134e-08
0,-0.04,-0.04,0.15708,0.05236,-1.0951e-08,-5.025e-08,-3.7606e-08,-1.8169e-08,3.318e-09,2.8813e-08,4.2729e-08,-3.8435e-08,-3.9983e-09,-1.749e-08,-2.8144e-08,-2.1055e-08
0.04,-0.04,-0.04,0.15708,0.05236,-1.5323e-08,-4.3286e-08,-3.0907e-08,-1.7857e-08,3.1643e-09,4.0628e-08,3.8338e-08,-3.9205e-08,-5.6929e-09,-1.8546e-08,-3.5357e-08,-1.3283e-08
-0.04,0,-0.04,0.15708,0.05236,-4.0796e-09,-5.0985e-08,-4.8681e-08,-2.45e-08,3.6755e-09,1.7315e-08,4.6415e-08,-3.185e-08,-1.6863e-09,-1.7355e-08,-2.5509e-08,-1.8146e-08
0,0,-0.04,0.15708,0.05236,-1.1561e-08,-4.6051e-08,-4.1244e-08,-2.394e-08,3.9607e-09,2.254e-08,4.0411e-08,-3.126e-08,-2.9511e-09,-1.9566e-08,-2.8702e-08,-1.4914e-08
0.04,0,-0.04,0.15708,0.05236,-1.3585e-08,-4.3597e-08,-3.6889e-08,-2.1131e-08,1.6078e-09,3.1256e-08,3.4561e-08,-3.2591e-08,-2.9738e-09,-2.1333e-08,-3.4531e-08,-1.3434e-08
-0.04,0.04,-0.04,0.15708,0.05236,-5.0878e-09,-4.9753e-08,-5.2491e-08,-2.6335e-08,1.42e-09,9.528e-09,4.0264e-08,-2.4382e-08,7.8418e-10,-2.1531e-08,-2.2837e-08,-1.5783e-08
0,0.04,-0.04,0.15708,0.05236,-9.2566e-09,-5.0791e-08,-4.7146e-08,-2.9013e-08,1.4516e-09,1.6514e-08,3.478e-08,-2.5895e-08,1.5538e-09,-2.3177e-08,-2.6502e-08,-1.245e-08
0.04,0.04,-0.04,0.15708,0.05236,-1.4227e-08,-4.8403e-08,-3.9345e-08,-2.6703e-08,1.0885e-09,2.7238e-08,3.1576e-08,-2.7601e-08,6.503e-10,-2.3313e-08,-3.3965e-08,-9.5891e-09
0,-0.08,0,0.15708,0.05236,-7.475e-09,-4.9459e-08,-2.8348e-08,-1.218e-08,1.1476e-08,2.943e-08,3.7106e-08,-4.2068e-08,-8.7175e-09,-1.1793e-08,-3.4229e-08,-2.1459e-08
-0.04,-0.04,0,0.15708,0.05236,-5.7939e-09,-5.6267e-08,-4.1904e-08,-1.5666e-08,8.7525e-09,1.9506e-08,3.8522e-08,-3.4057e-08,-6.3773e-09,-1.2989e-08,-2.7185e-08,-2.0989e-08
0,-0.04,0,0.15708,0.05236,-1.0613e-08,-5.3388e-08,-3.4488e-08,-1.5223e-08,1.1075e-08,2.6225e-08,3.8066e-08,-3.3761e-08,-7.5942e-09,-1.4181e-08,-3.2735e-08,-1.9463e-08
0.04,-0.04,0,0.15708,0.05236,-1.6029e-08,-4.7511e-08,-3.0266e-08,-1.43e-08,8.4286e-09,3.0726e-08,3.0066e-08,-3.5293e-08,-8.3335e-09,-1.3298e-08,-4.0054e-08,-1.1619e-08
-0.08,0,0,0.15708,0.05236,6.8925e-11,-5.8475e-08,-5.0385e-08,-2.0743e-08,8.9929e-09,1.186e-08,4.2302e-08,-2.8262e-08,-3.887e-09,-1.3499e-08,-2.1162e-08,-2.0314e-08
-0.04,0,0,0.15708,0.05236,-5.7785e-09,-6.4301e-08,-4.5488e-08,-1.7138e-08,8.8007e-09,1.3992e-08,3.9887e-08,-3.0162e-08,-6.1825e-09,-1.5351e-08,-2.4824e-08,-1.4586e-08
0,0,0,0.15708,0.05236,-8.9169e-09,-5.6802e-08,-4.0039e-08,-1.6267e-08,9.7479e-09,2.0696e-08,3.675e-08,-3.0888e-08,-3.5498e-09,-1.2888e-08,-3.1852e-08,-1.1682e-08
0.04,0,0,0.15708,0.05236,-1.5835e-08,-5.0224e-08,-3.3083e-08,-1.7973e-08,8.2932e-09,2.9186e-08,2.9685e-08,-2.8642e-08,-5.482e-09,-1.0989e-08,-3.51e-08,-1.036e-08
0.08,0,0,0.15708,0.05236,-2.1806e-08,-4.6081e-08,-2.9079e-08,-1.8351e-08,6.8029e-09,3.766e-08,3.0245e-08,-3.1776e-08,-6.0125e-09,-1.1867e-08,-4.4041e-08,-8.0372e-09
-0.04,0.04,0,0.15708,0.05236,-5.7836e-09,-6.2831e-08,-5.3129e-08,-2.482e-08,9.6182e-09,1.2505e-08,3.4202e-08,-2.3361e-08,-3.015e-09,-1.4687e-08,-2.4514e-08,-1.0271e-08
0,0.04,0,0.15708,0.05236,-7.8392e-09,-5.9583e-08,-4.3979e-08,-2.639e-08,6.3172e-09,1.8135e-08,3.31e-08,-2.3629e-08,-1.6731e-09,-1.5276e-08,-2.7894e-08,-9.3648e-09
0.04,0.04,0,0.15708,0.05236,-1.4016e-08,-5.3287e-08,-3.5623e-08,-2.3128e-08,7.8698e-09,2.4843e-08,2.7207e-08,-2.5039e-08,-1.4944e-09,-1.1759e-08,-3.5931e-08,-7.5128e-09
0,0.08,0,0.15708,0.05236,-8.4584e-09,-6.0879e-08,-4.6634e-08,-2.7655e-08,7.735e-09,1.6281e-08,2.8876e-08,-2.1054e-08,2.2575e-09,-1.6333e-08,-2.9474e-08,-5.8018e-09
-0.04,-0.04,0.04,0.15708,0.05236,-7.1883e-10,-6.1383e-08,-3.8994e-08,-9.8878e-09,1.6639e-08,1.5939e-08,3.2338e-08,-2.9072e-08,-1.1045e-08,-8.6662e-09,-2.5416e-08,-1.167e-08
0,-0.04,0.04,0.15708,0.05236,-5.6558e-09,-7.1561e-08,-3.2953e-08,-1.1535e-08,1.4425e-08,2.3107e-08,3.0156e-08,-3.0262e-08,-9.333e-09,-8.8098e-09,-3.0453e-08,-1.0924e-08
0.04,-0.04,0.04,0.15708,0.05236,-1.7644e-08,-5.5973e-08,-2.6819e-08,-1.0481e-08,1.1417e-08,3.1071e-08,2.9405e-08,-3.0627e-08,-1.1723e-08,-7.9469e-09,-4.0237e-08,-3.7382e-09
-0.04,0,0.04,0.15708,0.05236,-3.7326e-09,-7.4272e-08,-4.46e-08,-1.5946e-08,1.973e-08,1.5552e-08,2.8908e-08,-2.3582e-08,-8.7065e-09,-8.6179e-09,-2.6334e-08,-1.1118e-08
0,0,0.04,0.15708,0.05236,-7.8354e-09,-6.9169e-08,-3.7144e-08,-1.2661e-08,1.4373e-08,2.0828e-08,2.8099e-08,-2.7235e-08,-8.6617e-09,-8.9002e-09,-3.0507e-08,-9.1553e-09
0.04,0,0.04,0.15708,0.05236,-1.5774e-08,-5.8765e-08,-2.9682e-08,-1.3345e-08,1.1679e-08,2.1823e-08,2.8076e-08,-2.4253e-08,-1.0379e-08,-8.516e-09,-3.898e-08,-5.4824e-09
-0.04,0.04,0.04,0.15708,0.05236,-1.9679e-09,-7.2137e-08,-4.356e-08,-2.021e-08,1.9199e-08,1.3865e-08,3.0758e-08,-2.1918e-08,-5.9057e-09,-8.7812e-09,-2.4391e-08,-4.4879e-09
0,0.04,0.04,0.15708,0.05236,-8.2748e-09,-7.7474e-08,-3.9408e-08,-1.717e-08,1.2778e-08,1.7224e-08,2.7883e-08,-2.1686e-08,-6.1344e-09,-8.8089e-09,-2.6504e-08,-6.3111e-09
0.04,0.04,0.04,0.15708,0.05236,-1.3301e-08,-6.8542e-08,-3.3116e-08,-2.0446e-08,1.2173e-08,2.2625e-08,2.5023e-08,-2.2937e-08,-3.7212e-09,-6.4782e-09,-3.5673e-08,-4.6307e-09
0,0,0.08,0.15708,0.05236,-5.6536e-09,-7.732e-08,-3.3629e-08,-9.5498e-09,1.9767e-08,1.8684e-08,2.4947e-08,-2.2483e-08,-1.4034e-08,-4.1364e-09,-3.1025e-08,4.492e-10
0,0,-0.08,0.05236,0.10472,-1.0592e-08,-4.0592e-08,-4.7496e-08,-2.9034e-08,-4.6696e-09,2.6092e-08,4.7922e-08,-3.2325e-08,3.1542e-09,-2.7782e-08,-2.8116e-08,-1.5856e-08
-0.04,-0.04,-0.04,0.05236,0.10472,-5.7223e-09,-4.8185e-08,-4.1353e-08,-2.2102e-08,-2.0497e-10,2.2123e-08,4.947e-08,-3.4583e-08,-2.1126e-09,-1.8824e-08,-2.6156e-08,-2.1023e-08
0,-0.04,-0.04,0.05236,0.10472,-1.1569e-08,-4.536e-08,-3.7765e-08,-2.2935e-08,1.5796e-09,3.0993e-08,4.1097e-08,-3.4622e-08,-2.5652e-09,-1.9813e-08,-3.202e-08,-1.5007e-08
0.04,-0.04,-0.04,0.05236,0.10472,-1.5155e-08,-4.38e-08,-2.7049e-08,-1.9992e-08,2.114e-09,3.8175e-08,3.6168e-08,-3.7345e-08,-2.5319e-09,-1.9451e-08,-3.6087e-08,-1.2964e-08
-0.04,0,-0.04,0.05236,0.10472,-5.377e-09,-4.9192e-08,-5.4696e-08,-2.8494e-08,-3.7365e-10,1.8047e-08,4.4481e-08,-2.7122e-08,1.1334e-09,-1.8457e-08,-2.6484e-08,-1.5135e-08
0,0,-0.04,0.05236,0.10472,-9.598e-09,-4.925e-08,-4.2116e-08,-2.8042e-08,1.0892e-09,2.305e-08,3.9177e-08,-2.9839e-08,1.0766e-09,-2.0386e-08,-3.0754e-08,-1.1434e-08
0.04,0,-0.04,0.05236,0.10472,-1.4121e-08,-4.7776e-08,-3.3296e-08,-2.4639e-08,1.6904e-09,3.5095e-08,3.4215e-08,-3.0931e-08,2.3814e-09,-2.3314e-08,-3.7633e-08,-9.9255e-09
-0.04,0.04,-0.04,0.05236,0.10472,-6.1901e-09,-5.2353e-08,-5.9699e-08,-3.548e-08,-1.7836e-09,1.2425e-08,4.1639e-08,-2.3072e-08,3.8274e-09,-2.2302e-08,-2.5147e-08,-1.0607e-08
0,0.04,-0.04,0.05236,0.10472,-9.0772e-09,-4.7331e-08,-4.5151e-08,-3.3672e-08,1.2933e-09,2.0637e-08,3.4558e-08,-2.5572e-08,5.6588e-09,-2.2677e-08,-3.0036e-08,-8.0003e-09
0.04,0.04,-0.04,0.05236,0.10472,-1.3161e-08,-5.0251e-08,-3.9635e-08,-3.1511e-08,-2.3579e-10,3.2619e-08,3.2091e-08,-2.5114e-08,6.6457e-09,-2.4212e-08,-3.4979e-08,-6.4759e-09
0,-0.08,0,0.05236,0.10472,-7.5688e-09,-5.4377e-08,-2.6743e-08,-1.5404e-08,8.4315e-09,2.9476e-08,3.7829e-08,-3.7175e-08,-7.2785e-09,-1.2998e-08,-3.536e-08,-1.5514e-08
-0.04,-0.04,0,0.05236,0.10472,-3.9646e-09,-5.4391e-08,-4.3128e-08,-2.0264e-08,8.5982e-09,1.964e-08,3.865e-08,-2.9575e-08,-3.6804e-09,-1.2909e-08,-2.8831e-08,-1.7049e-08
0,-0.04,0,0.05236,0.10472,-8.9239e-09,-5.3761e-08,-3.2487e-08,-1.9646e-08,5.8871e-09,2.5767e-08,3.8816e-08,-3.3822e-08,-5.1343e-09,-1.4739e-08,-3.2138e-08,-1.0126e-08
0.04,-0.04,0,0.05236,0.10472,-1.5528e-08,-4.7902e-08,-2.9808e-08,-1.8344e-08,4.4882e-09,3.4155e-08,3.1021e-08,-3.3615e-08,-3.6187e-09,-1.8582e-08,-3.984e-08,-8.8903e-09
-0.08,0,0,0.05236,0.10472,-9.3463e-10,-6.5072e-08,-4.9337e-08,-2.589e-08,7.1813e-09,1.3411e-08,4.0091e-08,-2.4137e-08,-1.8476e-09,-1.605e-08,-2.0827e-08,-1.4235e-08
-0.04,0,0,0.05236,0.10472,-3.325e-09,-6.0242e-08,-4.3582e-08,-2.426e-08,6.09e-09,2.0298e-08,3.7166e-08,-2.6097e-08,-1.9265e-09,-1.4861e-08,-2.6296e-08,-1.2304e-08
0,0,0,0.05236,0.10472,-1.1075e-08,-5.8002e-08,-3.8666e-08,-2.469e-08,6.971e-09,2.4901e-08,3.4692e-08,-2.8229e-08,-1.5045e-09,-1.5458e-08,-2.9967e-08,-7.499e-09
0.04,0,0,0.05236,0.10472,-1.4923e-08,-5.4931e-08,-3.1118e-08,-2.1654e-08,5.531e-09,3.3134e-08,3.001e-08,-2.7543e-08,-2.682e-09,-1.4012e-08,-4.0916e-08,-5.3641e-09
0.08,0,0,0.05236,0.10472,-2.2433e-08,-4.989e-08,-2.3844e-08,-2.182e-08,4.2391e-09,4.0107e-08,2.7229e-08,-2.6873e-08,-2.7534e-09,-1.6581e-08,-4.4712e-08,-5.0301e-09
-0.04,0.04,0,0.05236,0.10472,-4.8291e-09,-6.462e-08,-5.096e-08,-3.1075e-08,4.6223e-09,1.3724e-08,3.726e-08,-2.3236e-08,2.5705e-09,-1.4456e-08,-2.6373e-08,-8.6117e-09
0,0.04,0,0.05236,0.10472,-8.7894e-09,-6.1656e-08,-4.1757e-08,-2.9492e-08,7.0779e-09,2.0231e-08,3.3165e-08,-2.4565e-08,2.353e-09,-1.873e-08,-2.9818e-08,-5.3467e-09
0.04,0.04,0,0.05236,0.10472,-1.5785e-08,-5.5648e-08,-3.4728e-08,-2.7181e-08,6.5797e-09,2.7121e-08,2.8063e-08,-2.3192e-08,3.2486e-09,-1.6458e-08,-3.2745e-08,-3.1256e-09
0,0.08,0,0.05236,0.10472,-8.3718e-09,-5.9121e-08,-4.6739e-08,-3.7599e-08,8.4077e-09,1.6899e-08,3.0185e-08,-1.8447e-08,6.8842e-09,-1.7285e-08,-2.8916e-08,-3.3244e-09
-0.04,-0.04,0.04,0.05236,0.10472,-1.9977e-09,-6.921e-08,-3.4288e-08,-1.7349e-08,1.7037e-08,2.1393e-08,3.5303e-08,-2.6906e-08,-6.9465e-09,-1.022e-08,-2.5858e-08,-8.3014e-09
0,-0.04,0.04,0.05236,0.10472,-1.1289e-08,-6.3793e-08,-3.0281e-08,-1.6997e-08,1.2594e-08,2.4919e-08,2.852e-08,-2.5904e-08,-5.9733e-09,-9.5802e-09,-3.1982e-08,-7.2048e-09
0.04,-0.04,0.04,0.05236,0.10472,-1.6139e-08,-6.2753e-08,-2.5127e-08,-1.595e-08,9.663e-09,3.0458e-08,2.5582e-08,-2.5597e-08,-9.8612e-09,-9.9473e-09,-4.1257e-08,-3.9957e-09
-0.04,0,0.04,0.05236,0.10472,-3.1666e-09,-7.578e-08,-4.0436e-08,-2.0696e-08,1.52e-08,1.9141e-08,3.0176e-08,-2.2385e-08,-3.1513e-09,-1.1491e-08,-2.7789e-08,-5.7491e-09
0,0,0.04,0.05236,0.10472,-8.787e-09,-6.9383e-08,-3.2052e-08,-1.9079e-08,1.31e-08,2.1444e-08,2.7158e-08,-2.3877e-08,-3.8612e-09,-1.0813e-08,-3.2101e-08,-4.4733e-09
0.04,0,0.04,0.05236,0.10472,-1.5045e-08,-6.3237e-08,-2.9081e-08,-1.9584e-08,1.3125e-08,3.0801e-08,2.6193e-08,-2.4593e-08,-6.1333e-09,-1.0623e-08,-3.8789e-08,-8.2261e-10
-0.04,0.04,0.04,0.05236,0.10472,-4.7891e-09,-7.5754e-08,-4.4077e-08,-2.7688e-08,1.4724e-08,1.5084e-08,3.1866e-08,-1.9559e-08,1.2243e-10,-1.141e-08,-2.4294e-08,-1.744e-09
0,0.04,0.04,0.05236,0.10472,-6.7313e-09,-7.1081e-08,-4.1899e-08,-2.1886e-08,1.0143e-08,1.9822e-08,2.7497e-08,-2.1158e-08,-2.9352e-09,-1.2063e-08,-2.8488e-08,1.4071e-10
0.04,0.04,0.04,0.05236,0.10472,-1.4166e-08,-6.0804e-08,-3.3425e-08,-2.193e-08,1.0974e-08,2.2653e-08,2.5215e-08,-1.9969e-08,-2.1236e-09,-8.1468e-09,-3.3769e-08,-5.6425e-10
0,0,0.08,0.05236,0.10472,-3.5018e-09,-7.7233e-08,-3.0488e-08,-1.6385e-08,1.7021e-08,1.9184e-08,2.4141e-08,-1.8458e-08,-8.5218e-09,-6.6035e-09,-2.875e-08,3.3108e-09
0,0,-0.08,0.10472,0.10472,-9.42e-09,-3.7925e-08,-4.3801e-08,-2.5678e-08,-1.2889e-09,2.5236e-08,4.6047e-08,-3.4778e-08,1.7789e-09,-2.6113e-08,-2.8202e-08,-1.5629e-08
-0.04,-0.04,-0.04,0.10472,0.10472,-5.9619e-09,-4.692e-08,-4.2734e-08,-2.0449e-08,3.092e-09,2.0135e-08,4.9447e-08,-3.6367e-08,-2.5439e-09,-1.8374e-08,-2.5283e-08,-2.1197e-08
0,-0.04,-0.04,0.10472,0.10472,-9.3176e-09,-4.4971e-08,-4.1017e-08,-2.0684e-08,3.3866e-09,2.9046e-08,4.6124e-08,-3.7042e-08,-3.3463e-09,-1.8706e-08,-3.0349e-08,-1.7561e-08
0.04,-0.04,-0.04,0.10472,0.10472,-1.6026e-08,-4.3024e-08,-3.1098e-08,-1.8708e-08,3.2267e-09,3.5121e-08,3.828e-08,-3.7337e-08,-4.2955e-09,-2.0211e-08,-4.1044e-08,-1.4472e-08
-0.04,0,-0.04,0.10472,0.10472,-6.4824e-09,-5.1522e-08,-4.5922e-08,-2.6071e-08,1.5586e-09,1.6476e-08,4.2376e-08,-2.7971e-08,-1.2827e-09,-1.7896e-08,-2.5598e-08,-1.5812e-08
0,0,-0.04,0.10472,0.10472,-1.0292e-08,-4.6958e-08,-4.3905e-08,-2.6199e-08,1.5645e-09,2.6683e-08,4.0386e-08,-3.1723e-08,1.0545e-10,-2.1452e-08,-2.9496e-08,-1.3807e-08
0.04,0,-0.04,0.10472,0.10472,-1.5181e-08,-4.372e-08,-3.5964e-08,-2.1787e-08,2.7445e-09,3.1706e-08,3.3094e-08,-3.3064e-08,2.6957e-10,-2.1134e-08,-3.528e-08,-1.1489e-08
-0.04,0.04,-0.04,0.10472,0.10472,-4.7939e-09,-5.0762e-08,-5.1149e-08,-3.3009e-08,-1.6638e-09,1.1432e-08,4.0993e-08,-2.6014e-08,3.067e-09,-2.1854e-08,-2.3698e-08,-1.1641e-08
0,0.04,-0.04,0.10472,0.10472,-9.892e-09,-5.0123e-08,-4.8477e-08,-3.0041e-08,1.4051e-09,2.0575e-08,3.4236e-08,-2.4207e-08,2.796e-09,-2.0867e-08,-2.7631e-08,-9.7327e-09
0.04,0.04,-0.04,0.10472,0.10472,-1.5477e-08,-4.5921e-08,-3.9373e-08,-2.8001e-08,1.895e-09,2.8124e-08,3.2387e-08,-2.5534e-08,4.5057e-09,-2.0016e-08,-3.6374e-08,-9.2554e-09
0,-0.08,0,0.10472,0.10472,-8.3877e-09,-4.908e-08,-2.9216e-08,-1.5098e-08,6.827e-09,3.0366e-08,3.5716e-08,-3.8207e-08,-8.7862e-09,-1.2449e-08,-3.2048e-08,-1.6861e-08
-0.04,-0.04,0,0.10472,0.10472,-4.7955e-09,-5.4301e-08,-4.0973e-08,-1.96e-08,6.6876e-09,2.2002e-08,3.8908e-08,-3.4122e-08,-5.3336e-09,-1.3072e-08,-2.8181e-08,-1.5802e-08
0,-0.04,0,0.10472,0.10472,-1.0884e-08,-4.8948e-08,-3.511e-08,-1.7472e-08,9.5248e-09,2.583e-08,3.6053e-08,-3.4112e-08,-5.5405e-09,-1.4065e-08,-3.1679e-08,-1.2602e-08
0.04,-0.04,0,0.10472,0.10472,-1.8358e-08,-4.8754e-08,-3.0943e-08,-1.8113e-08,6.9304e-09,3.4451e-08,3.1313e-08,-3.4593e-08,-5.5409e-09,-1.4604e-08,-3.9829e-08,-8.8594e-09
-0.08,0,0,0.10472,0.10472,-1.0107e-09,-6.2051e-08,-5.2309e-08,-2.4337e-08,6.4616e-09,9.148e-09,3.9299e-08,-2.5195e-08,-2.7615e-09,-1.491e-08,-2.099e-08,-1.6101e-08
-0.04,0,0,0.10472,0.10472,-5.193e-09,-6.1626e-08,-4.3057e-08,-2.0384e-08,7.1109e-09,1.5988e-08,3.9478e-08,-2.6625e-08,-2.6857e-09,-1.4935e-08,-2.6998e-08,-1.4674e-08
0,0,0,0.10472,0.10472,-1.0352e-08,-6.0195e-08,-3.9153e-08,-2.0394e-08,7.702e-09,2.2809e-08,3.4149e-08,-2.7552e-08,-2.5328e-09,-1.6357e-08,-3.2396e-08,-1.1139e-08
0.04,0,0,0.10472,0.10472,-1.6503e-08,-5.1015e-08,-3.2587e-08,-2.021e-08,6.2561e-09,2.8191e-08,3.2294e-08,-2.931e-08,-4.9588e-09,-1.5207e-08,-3.7794e-08,-7.9361e-09
0.08,0,0,0.10472,0.10472,-2.1316e-08,-4.7956e-08,-2.4928e-08,-1.9833e-08,7.0803e-09,3.4456e-08,2.5587e-08,-2.9728e-08,-3.9728e-09,-1.2401e-08,-4.8951e-08,-4.4823e-09
-0.04,0.04,0,0.10472,0.10472,-5.3436e-09,-6.1783e-08,-5.2267e-08,-3.0341e-08,8.1946e-09,1.3617e-08,3.5278e-08,-2.2238e-08,-5.3386e-10,-1.468e-08,-2.488e-08,-8.7722e-09
0,0.04,0,0.10472,0.10472,-8.1115e-09,-6.204e-08,-4.2513e-08,-2.7851e-08,7.9136e-09,2.0613e-08,3.1636e-08,-2.3472e-08,1.385e-09,-1.7341e-08,-2.9504e-08,-8.8689e-09
0.04,0.04,0,0.10472,0.10472,-1.4879e-08,-5.7679e-08,-3.4006e-08,-2.6418e-08,5.2635e-09,2.3694e-08,2.7147e-08,-2.6151e-08,1.2909e-09,-1.1272e-08,-3.5256e-08,-5.0636e-09
0,0.08,0,0.10472,0.10472,-9.107e-09,-5.9262e-08,-4.6951e-08,-3.2351e-08,7.2287e-09,1.4827e-08,2.7983e-08,-1.9977e-08,5.9244e-09,-1.4987e-08,-2.6814e-08,-4.6293e-09
-0.04,-0.04,0.04,0.10472,0.10472,-4.4131e-09,-6.5336e-08,-3.418e-08,-1.4955e-08,1.618e-08,1.8145e-08,3.2151e-08,-2.9146e-08,-9.2188e-09,-1.01e-08,-2.772e-08,-1.0467e-08
0,-0.04,0.04,0.10472,0.10472,-6.6879e-09,-6.0802e-08,-3.1982e-08,-1.3732e-08,1.3827e-08,2.5851e-08,2.9962e-08,-2.6775e-08,-9.9776e-09,-1.0876e-08,-3.3278e-08,-6.5552e-09
0.04,-0.04,0.04,0.10472,0.10472,-1.4854e-08,-5.8354e-08,-2.6437e-08,-1.4033e-08,1.0886e-08,2.7375e-08,2.7271e-08,-2.767e-08,-1.3287e-08,-9.5213e-09,-3.7604e-08,-8.844e-09
-0.04,0,0.04,0.10472,0.10472,-4.636e-09,-7.4356e-08,-4.1919e-08,-1.7253e-08,1.5287e-08,1.6373e-08,3.2135e-08,-2.3221e-08,-6.9709e-09,-1.0534e-08,-2.6528e-08,-5.8121e-09
0,0,0.04,0.10472,0.10472,-8.7285e-09,-7.1373e-08,-3.4297e-08,-1.6908e-08,1.4454e-08,2.2283e-08,3.1005e-08,-2.3643e-08,-6.7015e-09,-9.0178e-09,-3.2648e-08,-5.7193e-09
0.04,0,0.04,0.10472,0.10472,-1.4806e-08,-6.2645e-08,-2.959e-08,-1.6276e-08,1.162e-08,2.5809e-08,2.6747e-08,-2.3209e-08,-6.831e-09,-1.0086e-08,-3.556e-08,-3.3679e-09
-0.04,0.04,0.04,0.10472,0.10472,-3.5535e-09,-7.6995e-08,-4.4287e-08,-1.9756e-08,1.5536e-08,1.4224e-08,2.9748e-08,-2.0831e-08,-3.2419e-09,-1.1122e-08,-2.4566e-08,-5.4812e-09
0,0.04,0.04,0.10472,0.10472,-8.3096e-09,-6.9307e-08,-3.8394e-08,-1.866e-08,1.0858e-08,1.9086e-08,2.76e-08,-1.9789e-08,-3.2686e-09,-1.0343e-08,-2.7557e-08,-3.1136e-09
0.04,0.04,0.04,0.10472,0.10472,-1.5035e-08,-6.3887e-08,-3.3537e-08,-2.294e-08,9.9371e-09,2.1575e-08,2.5042e-08,-2.2134e-08,-1.9285e-09,-9.4894e-09,-3.3613e-08,-1.0082e-09
0,0,0.08,0.10472,0.10472,-3.0038e-09,-8.4677e-08,-3.0076e-08,-1.2837e-08,1.6897e-08,1.8263e-08,2.2096e-08,-2.178e-08,-1.0755e-08,-6.4841e-09,-2.9304e-08,-1.0022e-10
0,0,-0.08,0.15708,0.10472,-1.0661e-08,-4.0631e-08,-4.5102e-08,-2.5135e-08,-1.6817e-09,2.1918e-08,4.6445e-08,-3.2872e-08,-5.0536e-10,-2.5253e-08,-2.6772e-08,-1.9614e-08
-0.04,-0.04,-0.04,0.15708,0.10472,-4.6321e-09,-4.8509e-08,-4.4648e-08,-1.8753e-08,3.5465e-09,2.1119e-08,5.1028e-08,-3.673e-08,-4.642e-09,-1.6293e-08,-2.6208e-08,-2.6614e-08
0,-0.04,-0.04,0.15708,0.10472,-1.0096e-08,-4.7457e-08,-4.0194e-08,-1.6972e-08,4.6846e-09,2.65e-08,4.3335e-08,-3.8469e-08,-4.0735e-09,-1.7172e-08,-3.1744e-08,-2.0708e-08
0.04,-0.04,-0.04,0.15708,0.10472,-1.7927e-08,-4.1251e-08,-3.0405e-08,-1.691e-08,2.7414e-09,3.3614e-08,3.5975e-08,-4.0809e-08,-3.8614e-09,-1.6733e-08,-3.9387e-08,-1.6304e-08
-0.04,0,-0.04,0.15708,0.10472,-4.5502e-09,-5.0087e-08,-5.2911e-08,-2.1294e-08,1.9256e-09,1.5628e-08,4.6581e-08,-3.0378e-08,-5.9198e-10,-2.0299e-08,-2.4629e-08,-2.1393e-08
0,0,-0.04,0.15708,0.10472,-9.8563e-09,-4.8681e-08,-4.054e-08,-2.1175e-08,3.3225e-09,2.1216e-08,4.0397e-08,-3.1565e-08,-2.3224e-09,-2.042e-08,-3.1694e-08,-1.267e-08
0.04,0,-0.04,0.15708,0.10472,-1.6336e-08,-4.1882e-08,-3.6956e-08,-2.0712e-08,3.7957e-09,3.1944e-08,3.4482e-08,-3.3661e-08,-5.2845e-10,-2.0216e-08,-3.7046e-08,-1.3149e-08
-0.04,0.04,-0.04,0.15708,0.10472,-5.6391e-09,-5.4294e-08,-5.5096e-08,-2.9896e-08,4.3166e-09,1.2036e-08,3.8981e-08,-2.4274e-08,1.3182e-09,-2.1152e-08,-2.391e-08,-1.5702e-08
0,0.04,-0.04,0.15708,0.10472,-1.0253e-08,-4.821e-08,-5.0109e-08,-2.9882e-08,3.4787e-09,2.1277e-08,3.8612e-08,-2.6713e-08,1.9491e-09,-2.1898e-08,-3.0014e-08,-1.3163e-08
0.04,0.04,-0.04,0.15708,0.10472,-1.4483e-08,-4.8252e-08,-3.7515e-08,-2.5903e-08,1.5457e-09,2.3862e-08,3.3151e-08,-2.7771e-08,2.0028e-09,-2.1213e-08,-3.4093e-08,-1.0926e-08
0,-0.08,0,0.15708,0.10472,-7.7592e-09,-5.0239e-08,-3.3164e-08,-1.1966e-08,1.0252e-08,2.8394e-08,3.8116e-08,-4.1149e-08,-1.0086e-08,-1.2823e-08,-3.4588e-08,-2.0223e-08
-0.04,-0.04,0,0.15708,0.10472,-5.4132e-09,-5.509e-08,-4.1488e-08,-1.4775e-08,1.2014e-08,1.9009e-08,4.0614e-08,-3.179e-08,-7.2586e-09,-1.1681e-08,-2.6782e-08,-1.8995e-08
0,-0.04,0,0.15708,0.10472,-8.7485e-09,-5.6669e-08,-3.773e-08,-1.2139e-08,9.2298e-09,2.6829e-08,3.3894e-08,-3.5269e-08,-8.0588e-09,-1.2183e-08,-3.0076e-08,-1.6941e-08
0.04,-0.04,0,0.15708,0.10472,-1.6071e-08,-5.0951e-08,-2.8734e-08,-1.4322e-08,7.0511e-09,3.1033e-08,3.1652e-08,-3.548e-08,-9.9401e-09,-1.1557e-08,-4.1872e-08,-1.3956e-08
-0.08,0,0,0.15708,0.10472,2.6235e-11,-5.8166e-08,-6.036e-08,-1.987e-08,1.4451e-08,1.1013e-08,4.3315e-08,-2.7642e-08,-4.1476e-09,-1.2776e-08,-2.1054e-08,-1.9312e-08
-0.04,0,0,0.15708,0.10472,-5.3499e-09,-5.9222e-08,-5.0762e-08,-1.9894e-08,1.0168e-08,1.6559e-08,3.8174e-08,-2.9394e-08,-4.1011e-09,-1.4382e-08,-2.4009e-08,-1.5159e-08
0,0,0,0.15708,0.10472,-1.0628e-08,-5.8752e-08,-3.8771e-08,-1.9498e-08,7.908e-09,2.2508e-08,3.198e-08,-2.9405e-08,-2.1561e-09,-1.6984e-08,-2.942e-08,-1.2798e-08
0.04,0,0,0.15708,0.10472,-1.625e-08,-5.3349e-08,-3.5033e-08,-1.605e-08,7.2542e-09,2.7872e-08,3.1178e-08,-2.9255e-08,-5.4592e-09,-1.339e-08,-3.7977e-08,-9.4509e-09
0.08,0,0,0.15708,0.10472,-2.3002e-08,-4.7828e-08,-2.7161e-08,-1.6287e-08,6.154e-09,3.5814e-08,2.8544e-08,-3.0234e-08,-6.1843e-09,-1.3112e-08,-4.9407e-08,-6.9404e-09
-0.04,0.04,0,0.15708,0.10472,-3.95e-09,-6.623e-08,-5.3667e-08,-2.5639e-08,1.0269e-08,1.2574e-08,3.499e-08,-2.2672e-08,-3.1728e-09,-1.5836e-08,-2.3832e-08,-1.0049e-08
0,0.04,0,0.15708,0.10472,-8.5337e-09,-5.7279e-08,-4.2905e-08,-2.5199e-08,9.0177e-09,1.5516e-08,3.168e-08,-2.4402e-08,-2.172e-09,-1.1155e-08,-2.8074e-08,-7.0369e-09
0.04,0.04,0,0.15708,0.10472,-1.4603e-08,-6.0228e-08,-3.3966e-08,-2.2733e-08,5.0731e-09,2.368e-08,3.0091e-08,-2.453e-08,1.5081e-09,-1.4732e-08,-3.5299e-08,-7.675e-09
0,0.08,0,0.15708,0.10472,-9.9036e-09,-6.0795e-08,-4.8272e-08,-3.402e-08,7.8331e-09,1.1989e-08,3.1331e-08,-2.0215e-08,2.6582e-09,-1.4496e-08,-2.7446e-08,-4.583e-09
-0.04,-0.04,0.04,0.15708,0.10472,1.0789e-09,-6.3103e-08,-3.7942e-08,-1.2128e-08,1.4801e-08,1.7135e-08,3.3692e-08,-2.7347e-08,-1.1783e-08,-1.0163e-08,-2.7151e-08,-1.3855e-08
0,-0.04,0.04,0.15708,0.10472,-9.6049e-09,-6.1916e-08,-3.2853e-08,-1.1027e-08,1.3487e-08,2.2544e-08,3.1702e-08,-2.9466e-08,-1.1909e-08,-8.2954e-09,-3.1032e-08,-1.0982e-08
0.04,-0.04,0.04,0.15708,0.10472,-1.7463e-08,-5.6851e-08,-2.8581e-08,-1.1213e-08,1.1396e-08,2.6775e-08,2.848e-08,-3.1159e-08,-1.3732e-08,-8.9971e-09,-3.7121e-08,-7.382e-09
-0.04,0,0.04,0.15708,0.10472,-8.1242e-10,-6.8909e-08,-4.2575e-08,-1.4969e-08,1.86e-08,1.561e-08,3.1817e-08,-2.5603e-08,-7.2168e-09,-9.2728e-09,-2.6956e-08,-9.8041e-09
0,0,0.04,0.15708,0.10472,-7.5905e-09,-6.5406e-08,-3.78e-08,-1.5223e-08,1.6718e-08,1.8558e-08,2.8786e-08,-2.3735e-08,-8.1358e-09,-8.7939e-09,-3.047e-08,-7.0074e-09
0.04,0,0.04,0.15708,0.10472,-1.5869e-08,-6.0731e-08,-3.0947e-08,-1.3347e-08,1.3356e-08,2.686e-08,2.6478e-08,-2.7131e-08,-9.2219e-09,-6.9081e-09,-3.7779e-08,-6.2729e-09
-0.04,0.04,0.04,0.15708,0.10472,-3.4204e-09,-7.8224e-08,-4.6442e-08,-2.0121e-08,2.0175e-08,1.2689e-08,3.0944e-08,-2.1808e-08,-3.9096e-09,-1.1191e-08,-2.52e-08,-4.7253e-09
0,0.04,0.04,0.15708,0.10472,-9.3348e-09,-6.7865e-08,-3.8698e-08,-1.6513e-08,1.4573e-08,1.5351e-08,2.7455e-08,-2.2555e-08,-6.3616e-09,-7.7653e-09,-2.7561e-08,-5.7886e-09
0.04,0.04,0.04,0.15708,0.10472,-1.3237e-08,-6.7274e-08,-3.6745e-08,-1.9376e-08,1.3567e-08,2.0941e-08,2.5373e-08,-2.264e-08,-6.7206e-09,-8.1534e-09,-3.6505e-08,-4.2271e-09
0,0,0.08,0.15708,0.10472,-4.1762e-09,-8.0252e-08,-3.4271e-08,-9.0128e-09,2.0979e-08,1.8296e-08,2.4928e-08,-2.0286e-08,-1.3842e-08,-3.9198e-09,-3.0892e-08,-3.086e-09
0,0,-0.08,0.05236,0.15708,-9.8471e-09,-4.1987e-08,-4.1035e-08,-2.7074e-08,-5.488e-09,2.5236e-08,4.6475e-08,-3.3757e-08,3.6434e-09,-2.6588e-08,-2.7718e-08,-1.4163e-08
-0.04,-0.04,-0.04,0.05236,0.15708,-5.2625e-09,-4.9484e-08,-4.1386e-08,-2.2715e-08,2.1593e-09,2.3527e-08,4.5752e-08,-3.4104e-08,-1.95e-09,-1.7205e-08,-2.6551e-08,-2.0028e-08
0,-0.04,-0.04,0.05236,0.15708,-1.0995e-08,-4.5701e-08,-3.6105e-08,-2.2122e-08,2.1237e-09,2.9127e-08,4.3582e-08,-3.3446e-08,-2.0795e-09,-1.8365e-08,-3.2062e-08,-1.4979e-08
0.04,-0.04,-0.04,0.05236,0.15708,-1.6785e-08,-4.5192e-08,-2.9222e-08,-2.2208e-08,1.0088e-09,4.0344e-08,3.6696e-08,-3.7229e-08,-1.8231e-09,-2.1961e-08,-3.9595e-08,-1.2503e-08
-0.04,0,-0.04,0.05236,0.15708,-6.3211e-09,-4.8247e-08,-4.7611e-08,-2.8738e-08,5.4738e-10,1.883e-08,4.2589e-08,-2.8187e-08,1.347e-09,-2.0028e-08,-2.5901e-08,-1.5025e-08
0,0,-0.04,0.05236,0.15708,-1.1085e-08,-4.8876e-08,-3.859e-08,-2.6607e-08,2.7687e-09,2.6659e-08,3.8923e-08,-3.1239e-08,2.3965e-09,-2.0746e-08,-3.0586e-08,-1.144e-08
0.04,0,-0.04,0.05236,0.15708,-1.4228e-08,-4.4005e-08,-3.4061e-08,-2.5876e-08,1.6114e-10,3.747e-08,3.615e-08,-3.0873e-08,3.0963e-09,-2.1715e-08,-3.5484e-08,-1.0426e-08
-0.04,0.04,-0.04,0.05236,0.15708,-6.0479e-09,-5.4361e-08,-5.5675e-08,-3.4689e-08,-1.9178e-09,1.499e-08,3.9572e-08,-2.4259e-08,5.2925e-09,-2.214e-08,-2.5212e-08,-1.079e-08
0,0.04,-0.04,0.05236,0.15708,-9.7227e-09,-4.9213e-08,-4.7188e-08,-3.4489e-08,1.4343e-09,2.1698e-08,3.6266e-08,-2.4927e-08,5.468e-09,-2.1401e-08,-2.9686e-08,-1.0339e-08
0.04,0.04,-0.04,0.05236,0.15708,-1.3864e-08,-4.4297e-08,-3.8926e-08,-3.2382e-08,2.4508e-10,2.8292e-08,3.2769e-08,-2.7394e-08,6.3191e-09,-2.1935e-08,-3.0642e-08,-7.0719e-09
0,-0.08,0,0.05236,0.15708,-9.7101e-09,-4.83e-08,-2.8059e-08,-1.5591e-08,7.1459e-09,2.9193e-08,3.8806e-08,-3.8967e-08,-6.0092e-09,-1.3743e-08,-3.3471e-08,-1.4362e-08
-0.04,-0.04,0,0.05236,0.15708,-2.939e-09,-5.459e-08,-3.8414e-08,-1.7967e-08,6.0645e-09,1.9505e-08,3.9632e-08,-3.1652e-08,-2.9618e-09,-1.3439e-08,-2.6755e-08,-1.3628e-08
0,-0.04,0,0.05236,0.15708,-1.0129e-08,-5.4504e-08,-3.426e-08,-1.9256e-08,6.9613e-09,2.7344e-08,3.3956e-08,-3.0476e-08,-4.6438e-09,-1.3879e-08,-3.2229e-08,-9.578e-09
0.04,-0.04,0,0.05236,0.15708,-1.5107e-08,-5.0678e-08,-2.8849e-08,-1.8474e-08,6.4712e-09,3.1331e-08,3.1823e-08,-3.1114e-08,-6.084e-09,-1.2687e-08,-3.9812e-08,-9.0009e-09
-0.08,0,0,0.05236,0.15708,-1.1263e-09,-6.197e-08,-5.1461e-08,-2.5706e-08,7.6487e-09,1.3275e-08,3.9745e-08,-2.4632e-08,-1.2755e-09,-1.5315e-08,-2.0111e-08,-1.1848e-08
-0.04,0,0,0.05236,0.15708,-3.711e-09,-5.9989e-08,-4.5256e-08,-2.5309e-08,8.1044e-09,1.7001e-08,3.7505e-08,-2.5803e-08,-1.3078e-09,-1.3664e-08,-2.7242e-08,-8.7867e-09
0,0,0,0.05236,0.15708,-9.8588e-09,-5.9041e-08,-3.6105e-08,-2.4317e-08,4.8208e-09,2.4452e-08,3.2094e-08,-2.5929e-08,-5.1723e-10,-1.5288e-08,-3.2853e-08,-6.2153e-09
0.04,0,0,0.05236,0.15708,-1.6119e-08,-5.1327e-08,-3.1314e-08,-2.283e-08,5.8027e-09,2.8974e-08,2.8689e-08,-2.6882e-08,-1.4246e-09,-1.6449e-08,-3.8647e-08,-5.501e-09
0.08,0,0,0.05236,0.15708,-1.988e-08,-4.9502e-08,-2.4843e-08,-2.0421e-08,5.9746e-09,3.958e-08,2.7526e-08,-2.7324e-08,-2.3323e-09,-1.4358e-08,-4.4215e-08,-4.548e-09
-0.04,0.04,0,0.05236,0.15708,-3.6607e-09,-6.3876e-08,-5.3041e-08,-3.2669e-08,9.923e-09,1.3761e-08,3.4845e-08,-2.2869e-08,1.7481e-09,-1.8346e-08,-2.4838e-08,-5.4067e-09
0,0.04,0,0.05236,0.15708,-8.9523e-09,-5.9603e-08,-4.1637e-08,-2.9495e-08,8.6553e-09,2.0322e-08,3.0433e-08,-2.2565e-08,2.2729e-09,-1.644e-08,-3.2823e-08,-6.4411e-09
0.04,0.04,0,0.05236,0.15708,-1.3816e-08,-5.6035e-08,-3.6017e-08,-2.8261e-08,4.3225e-09,2.6054e-08,2.9759e-08,-2.325e-08,3.8868e-09,-1.7179e-08,-3.6319e-08,-3.4953e-09
0,0.08,0,0.05236,0.15708,-7.9825e-09,-6.1341e-08,-4.9924e-08,-3.9055e-08,5.2411e-09,1.6733e-08,2.8353e-08,-1.7983e-08,6.3284e-09,-1.5094e-08,-2.671e-08,-2.8673e-09
-0.04,-0.04,0.04,0.05236,0.15708,-3.3038e-09,-7.1974e-08,-3.8387e-08,-1.6971e-08,1.4096e-08,1.9595e-08,3.2448e-08,-2.3253e-08,-5.8779e-09,-1.0646e-08,-2.6232e-08,-1.0708e-08
0,-0.04,0.04,0.05236,0.15708,-7.2871e-09,-6.5546e-08,-3.0623e-08,-1.6252e-08,1.2181e-08,2.5286e-08,2.9533e-08,-2.4534e-08,-7.3318e-09,-1.1077e-08,-3.2913e-08,-6.936e-09
0.04,-0.04,0.04,0.05236,0.15708,-1.5341e-08,-6.0397e-08,-2.6553e-08,-1.4742e-08,9.5607e-09,2.9944e-08,2.7423e-08,-2.5831e-08,-1.0064e-08,-1.0159e-08,-3.8117e-08,-3.5675e-09
-0.04,0,0.04,0.05236,0.15708,-4.2263e-09,-7.714e-08,-4.2107e-08,-2.1684e-08,1.7446e-08,1.8353e-08,3.2687e-08,-2.254e-08,-5.4768e-09,-1.2188e-08,-2.5854e-08,-4.7711e-09
0,0,0.04,0.05236,0.15708,-8.5352e-09,-6.753e-08,-3.575e-08,-2.0907e-08,1.4454e-08,2.3833e-08,2.7925e-08,-2.1801e-08,-4.8764e-09,-1.1159e-08,-3.0139e-08,-2.4883e-09
0.04,0,0.04,0.05236,0.15708,-1.4019e-08,-6.3151e-08,-3.1648e-08,-2.0099e-08,1.0633e-08,2.8188e-08,2.4933e-08,-2.6585e-08,-3.9851e-09,-1.1902e-08,-3.9743e-08,-1.2375e-09
-0.04,0.04,0.04,0.05236,0.15708,-2.0981e-09,-7.3668e-08,-4.3409e-08,-2.6616e-08,1.6567e-08,1.4613e-08,2.9507e-08,-2.0359e-08,-1.7736e-09,-1.041e-08,-2.467e-08,-2.359e-09
0,0.04,0.04,0.05236,0.15708,-5.3211e-09,-7.013e-08,-3.9847e-08,-2.4337e-08,1.2527e-08,1.9761e-08,2.6337e-08,-1.8744e-08,-2.6883e-09,-1.351e-08,-3.0126e-08,-2.0029e-09
0.04,0.04,0.04,0.05236,0.15708,-1.3721e-08,-6.6025e-08,-3.2711e-08,-2.4187e-08,9.815e-09,2.2885e-08,2.5766e-08,-2.0639e-08,-5.0058e-10,-8.7516e-09,-3.4777e-08,-6.7282e-12
0,0,0.08,0.05236,0.15708,-7.9836e-09,-8.7849e-08,-3.3345e-08,-1.5097e-08,1.9536e-08,1.9786e-08,2.5221e-08,-1.86e-08,-7.6621e-09,-6.8255e-09,-3.0708e-08,2.5778e-09
0,0,-0.08,0.10472,0.15708,-1.0495e-08,-4.1361e-08,-4.4737e-08,-2.6862e-08,-2.75e-09,2.6598e-08,4.3868e-08,-3.1591e-08,1.6218e-09,-2.5416e-08,-2.9217e-08,-1.6014e-08
-0.04,-0.04,-0.04,0.10472,0.15708,-5.3689e-09,-4.7422e-08,-4.5378e-08,-2.2136e-08,4.6516e-09,2.1115e-08,5.0502e-08,-3.6045e-08,-3.0744e-09,-1.8546e-08,-2.6565e-08,-2.0604e-08
0,-0.04,-0.04,0.10472,0.15708,-1.0957e-08,-4.3258e-08,-3.8915e-08,-2.0823e-08,1.6566e-09,3.1855e-08,4.2817e-08,-3.82e-08,-4.2086e-09,-1.6611e-08,-3.2571e-08,-1.8372e-08
0.04,-0.04,-0.04,0.10472,0.15708,-1.5513e-08,-4.2585e-08,-3.0174e-08,-1.8584e-08,1.9195e-09,4.0136e-08,3.7042e-08,-4.1052e-08,-3.4089e-09,-2.05e-08,-3.939e-08,-1.5052e-08
-0.04,0,-0.04,0.10472,0.15708,-5.3947e-09,-4.8838e-08,-5.1051e-08,-2.3488e-08,2.8599e-09,1.8302e-08,4.4589e-08,-2.8894e-08,7.4325e-11,-2.1022e-08,-2.5883e-08,-1.5947e-08
0,0,-0.04,0.10472,0.15708,-9.7833e-09,-4.8853e-08,-3.9187e-08,-2.2974e-08,3.0196e-09,2.3816e-08,3.5926e-08,-3.0476e-08,7.5885e-11,-2.1859e-08,-3.0648e-08,-1.4373e-08
0.04,0,-0.04,0.10472,0.15708,-1.6019e-08,-4.7304e-08,-3.6024e-08,-2.5816e-08,2.454e-09,3.5744e-08,3.708e-08,-3.081e-08,-1.0175e-09,-2.2456e-08,-3.7942e-08,-1.083e-08
-0.04,0.04,-0.04,0.10472,0.15708,-5.6067e-09,-5.0545e-08,-6.0628e-08,-3.2378e-08,8.3223e-10,1.2486e-08,4.0363e-08,-2.5141e-08,2.2657e-09,-2.0972e-08,-2.6047e-08,-1.1355e-08
0,0.04,-0.04,0.10472,0.15708,-1.1256e-08,-5.3031e-08,-4.812e-08,-3.0397e-08,3.1696e-09,2.1018e-08,3.6454e-08,-2.5609e-08,3.4306e-09,-2.1715e-08,-2.7614e-08,-9.9891e-09
0.04,0.04,-0.04,0.10472,0.15708,-1.4153e-08,-4.7212e-08,-3.9242e-08,-2.8544e-08,1.878e-09,2.998e-08,3.2936e-08,-2.7553e-08,3.9736e-09,-2.3307e-08,-3.6018e-08,-8.0143e-09
0,-0.08,0,0.10472,0.15708,-8.4701e-09,-4.9076e-08,-3.2861e-08,-1.617e-08,6.9937e-09,3.0625e-08,3.7702e-08,-3.9587e-08,-7.8142e-09,-1.2044e-08,-3.2488e-08,-1.9848e-08
-0.04,-0.04,0,0.10472,0.15708,-2.4939e-09,-5.4496e-08,-4.1719e-08,-1.9077e-08,9.2787e-09,1.6147e-08,3.95e-08,-3.1116e-08,-4.8418e-09,-1.3911e-08,-2.7445e-08,-1.8232e-08
0,-0.04,0,0.10472,0.15708,-9.4272e-09,-5.6023e-08,-3.5692e-08,-1.5907e-08,7.6138e-09,2.3907e-08,3.4625e-08,-3.3978e-08,-6.8195e-09,-1.4136e-08,-3.2918e-08,-1.4775e-08
0.04,-0.04,0,0.10472,0.15708,-1.6348e-08,-5.0176e-08,-2.905e-08,-1.6197e-08,8.0419e-09,3.2356e-08,3.3201e-08,-3.35e-08,-9.3272e-09,-1.5754e-08,-3.8385e-08,-1.0177e-08
-0.08,0,0,0.10472,0.15708,6.5851e-11,-6.3856e-08,-5.1924e-08,-2.5073e-08,1.1535e-08,1.1376e-08,4.0187e-08,-2.5309e-08,-3.7614e-09,-1.4498e-08,-2.1303e-08,-1.4451e-08
-0.04,0,0,0.10472,0.15708,-3.7586e-09,-5.7145e-08,-5.1599e-08,-1.9816e-08,8.8533e-09,1.8425e-08,3.7253e-08,-2.5428e-08,-3.6409e-09,-1.5695e-08,-2.5695e-08,-1.1261e-08
0,0,0,0.10472,0.15708,-9.2532e-09,-5.6897e-08,-4.2679e-08,-2.0249e-08,5.9175e-09,2.2834e-08,3.3845e-08,-2.8741e-08,-2.8343e-09,-1.3892e-08,-3.2778e-08,-9.1144e-09
0.04,0,0,0.10472,0.15708,-1.6429e-08,-5.0372e-08,-3.1883e-08,-2.1481e-08,7.86e-09,2.8036e-08,3.16e-08,-2.629e-08,-2.1041e-09,-1.3872e-08,-3.5978e-08,-8.751e-09
0.08,0,0,0.10472,0.15708,-2.4254e-08,-4.8155e-08,-2.7221e-08,-2.028e-08,5.1988e-09,3.5833e-08,2.9301e-08,-2.882e-08,-6.625e-09,-1.4374e-08,-4.4974e-08,-5.5263e-09
-0.04,0.04,0,0.10472,0.15708,-5.3383e-09,-6.5516e-08,-5.2938e-08,-2.9683e-08,7.1936e-09,1.2439e-08,3.4924e-08,-2.2335e-08,-2.6734e-09,-1.551e-08,-2.4215e-08,-9.0864e-09
0,0.04,0,0.10472,0.15708,-7.0751e-09,-5.8981e-08,-4.4916e-08,-2.8393e-08,7.85e-09,2.0929e-08,3.2451e-08,-2.3404e-08,3.549e-10,-1.5094e-08,-2.892e-08,-5.0021e-09
0.04,0.04,0,0.10472,0.15708,-1.3271e-08,-5.4712e-08,-3.9225e-08,-2.4251e-08,7.903e-09,2.3879e-08,2.951e-08,-2.4287e-08,8.5552e-10,-1.438e-08,-3.7968e-08,-4.8856e-09
0,0.08,0,0.10472,0.15708,-8.0741e-09,-6.0753e-08,-5.0829e-08,-3.627e-08,8.2289e-09,1.5449e-08,2.8723e-08,-2.0241e-08,3.4678e-09,-1.7423e-08,-2.7089e-08,-3.326e-09
-0.04,-0.04,0.04,0.10472,0.15708,-1.6785e-09,-6.7406e-08,-4.0181e-08,-1.5894e-08,1.4319e-08,1.8541e-08,3.3558e-08,-2.7486e-08,-8.1696e-09,-1.0748e-08,-2.6138e-08,-1.1832e-08
0,-0.04,0.04,0.10472,0.15708,-8.7784e-09,-6.4874e-08,-3.1045e-08,-1.4249e-08,1.2459e-08,2.101e-08,3.1676e-08,-2.7836e-08,-8.779e-09,-1.0155e-08,-3.0632e-08,-7.4019e-09
0.04,-0.04,0.04,0.10472,0.15708,-1.5013e-08,-5.7622e-08,-2.752e-08,-1.307e-08,1.1366e-08,2.9457e-08,2.7694e-08,-2.9126e-08,-1.128e-08,-9.3931e-09,-3.7675e-08,-5.9418e-09
-0.04,0,0.04,0.10472,0.15708,-4.3891e-09,-7.2364e-08,-4.3676e-08,-1.7842e-08,1.8206e-08,1.6825e-08,3.2146e-08,-2.5265e-08,-7.8071e-09,-9.4087e-09,-2.582e-08,-1.0953e-08
0,0,0.04,0.10472,0.15708,-1.1507e-08,-6.7321e-08,-3.5006e-08,-1.694e-08,1.2377e-08,2.1417e-08,2.8515e-08,-2.4435e-08,-5.9797e-09,-1.1444e-08,-3.0553e-08,-2.6168e-09
0.04,0,0.04,0.10472,0.15708,-1.5321e-08,-6.9599e-08,-2.9887e-08,-1.765e-08,1.1921e-08,2.5394e-08,2.6013e-08,-2.4815e-08,-7.9383e-09,-8.3374e-09,-3.6812e-08,-3.6277e-09
-0.04,0.04,0.04,0.10472,0.15708,-1.5003e-09,-7.7119e-08,-4.7741e-08,-2.2428e-08,1.6165e-08,1.4372e-08,2.9152e-08,-2.0444e-08,-3.1407e-09,-1.0169e-08,-2.3413e-08,-3.1522e-09
0,0.04,0.04,0.10472,0.15708,-6.1689e-09,-7.0723e-08,-3.9854e-08,-2.1228e-08,1.3035e-08,1.9977e-08,2.6065e-08,-2.2017e-08,-2.9817e-09,-1.0367e-08,-2.701e-08,-2.537e-09
0.04,0.04,0.04,0.10472,0.15708,-1.3128e-08,-6.1494e-08,-3.2318e-08,-1.8359e-08,1.0224e-08,2.2645e-08,2.4363e-08,-2.1865e-08,-3.7462e-09,-1.0119e-08,-3.5656e-08,-1.7046e-09
0,0,0.08,0.10472,0.15708,-6.9795e-09,-8.0551e-08,-3.3558e-08,-1.2541e-08,1.8887e-08,1.7738e-08,2.3569e-08,-2.0528e-08,-1.2264e-08,-5.6247e-09,-2.9713e-08,6.7673e-10
0,0,-0.08,0.15708,0.15708,-1.0331e-08,-4.2717e-08,-4.3135e-08,-2.6222e-08,-1.5648e-09,2.1607e-08,4.3998e-08,-3.1591e-08,1.6474e-09,-2.5831e-08,-2.6896e-08,-1.7152e-08
-0.04,-0.04,-0.04,0.15708,0.15708,-5.1987e-09,-4.6267e-08,-4.9511e-08,-1.8253e-08,3.6693e-09,1.7611e-08,5.009e-08,-3.7787e-08,-3.5601e-09,-1.6632e-08,-2.6046e-08,-2.5575e-08
0,-0.04,-0.04,0.15708,0.15708,-9.2742e-09,-4.4043e-08,-4.0378e-08,-1.8181e-08,4.079e-09,2.7093e-08,4.4104e-08,-4.0798e-08,-4.7139e-09,-1.7696e-08,-3.1487e-08,-1.788e-08
0.04,-0.04,-0.04,0.15708,0.15708,-1.3658e-08,-4.3541e-08,-3.0475e-08,-1.6471e-08,3.949e-09,3.5984e-08,3.8346e-08,-4.0191e-08,-4.6763e-09,-1.7122e-08,-3.591e-08,-1.6816e-08
-0.04,0,-0.04,0.15708,0.15708,-4.0293e-09,-4.9361e-08,-5.4313e-08,-2.4352e-08,4.1284e-09,1.4482e-08,4.8784e-08,-2.9011e-08,-1.6461e-09,-1.7988e-08,-2.5181e-08,-1.7235e-08
0,0,-0.04,0.15708,0.15708,-1.2986e-08,-4.5937e-08,-4.6441e-08,-2.2008e-08,4.2808e-09,2.4746e-08,3.8615e-08,-3.156e-08,-1.9864e-09,-2.0431e-08,-3.1088e-08,-1.6489e-08
0.04,0,-0.04,0.15708,0.15708,-1.4555e-08,-4.4514e-08,-3.5752e-08,-2.0211e-08,3.0356e-09,3.2235e-08,3.6561e-08,-3.3074e-08,-1.6544e-09,-2.0623e-08,-3.6851e-08,-1.3154e-08
-0.04,0.04,-0.04,0.15708,0.15708,-7.4969e-09,-4.8991e-08,-6.4285e-08,-2.7142e-08,4.8324e-09,1.2403e-08,4.2048e-08,-2.6955e-08,1.4283e-09,-2.0965e-08,-2.3485e-08,-1.3422e-08
0,0.04,-0.04,0.15708,0.15708,-1.146e-08,-4.645e-08,-4.769e-08,-2.6769e-08,1.4771e-09,1.8006e-08,3.6729e-08,-2.5893e-08,1.1364e-09,-2.1528e-08,-2.6642e-08,-1.3538e-08
0.04,0.04,-0.04,0.15708,0.15708,-1.372e-08,-4.5243e-08,-4.0274e-08,-2.5487e-08,2.987e-09,2.4544e-08,3.2518e-08,-2.7472e-08,2.2437e-09,-2.0524e-08,-3.3281e-08,-1.0331e-08
0,-0.08,0,0.15708,0.15708,-8.6811e-09,-4.8808e-08,-3.0773e-08,-1.1479e-08,9.4304e-09,2.8798e-08,3.8008e-08,-4.0501e-08,-7.7736e-09,-1.1497e-08,-3.1563e-08,-2.0642e-08
-0.04,-0.04,0,0.15708,0.15708,-4.4615e-09,-5.7738e-08,-4.1016e-08,-1.6209e-08,1.0281e-08,1.7975e-08,3.9556e-08,-3.3715e-08,-5.9446e-09,-1.3186e-08,-2.509e-08,-2.2116e-08
0,-0.04,0,0.15708,0.15708,-9.0328e-09,-5.4181e-08,-3.7069e-08,-1.5972e-08,9.0202e-09,2.3683e-08,3.5887e-08,-3.4536e-08,-7.5359e-09,-1.3915e-08,-3.2689e-08,-1.4844e-08
0.04,-0.04,0,0.15708,0.15708,-1.7144e-08,-4.6789e-08,-3.0459e-08,-1.49e-08,8.4242e-09,3.0998e-08,3.3551e-08,-3.7242e-08,-8.5092e-09,-1.2069e-08,-3.8179e-08,-1.0813e-08
-0.08,0,0,0.15708,0.15708,5.8001e-10,-6.2277e-08,-5.3361e-08,-1.7934e-08,1.3742e-08,9.461e-09,4.1846e-08,-2.6076e-08,-4.2924e-09,-1.4567e-08,-2.1034e-08,-1.6528e-08
-0.04,0,0,0.15708,0.15708,-6.5564e-09,-6.1146e-08,-4.5825e-08,-1.8077e-08,1.2521e-08,1.3309e-08,3.8808e-08,-2.7292e-08,-3.9451e-09,-1.5075e-08,-2.5622e-08,-1.3357e-08
0,0,0,0.15708,0.15708,-1.0572e-08,-5.7771e-08,-4.1663e-08,-1.9234e-08,9.0902e-09,1.9692e-08,3.3942e-08,-2.9974e-08,-6.4521e-09,-1.4576e-08,-3.0789e-08,-1.0519e-08
0.04,0,0,0.15708,0.15708,-1.606e-08,-5.0215e-08,-3.2511e-08,-1.7268e-08,7.2972e-09,2.7114e-08,3.1379e-08,-2.9492e-08,-6.5549e-09,-1.5663e-08,-3.7501e-08,-1.2058e-08
0.08,0,0,0.15708,0.15708,-2.4969e-08,-5.0594e-08,-2.7136e-08,-1.6655e-08,6.7597e-09,3.474e-08,2.7311e-08,-3.0897e-08,-5.2554e-09,-1.534e-08,-4.5376e-08,-6.7564e-09
-0.04,0.04,0,0.15708,0.15708,-5.7449e-09,-6.101e-08,-5.2949e-08,-2.5994e-08,1.1546e-08,1.2152e-08,3.2018e-08,-2.3648e-08,-1.0565e-09,-1.4803e-08,-2.3485e-08,-1.0556e-08
0,0.04,0,0.15708,0.15708,-9.4056e-09,-5.7923e-08,-4.1334e-08,-2.6497e-08,9.076e-09,1.7361e-08,3.2393e-08,-2.3875e-08,-1.4955e-09,-1.6403e-08,-3.0664e-08,-7.7295e-09
0.04,0.04,0,0.15708,0.15708,-1.5311e-08,-5.606e-08,-3.8787e-08,-2.0926e-08,8.5523e-09,2.3483e-08,2.7684e-08,-2.4872e-08,-8.4737e-10,-1.0993e-08,-3.4728e-08,-7.5921e-09
0,0.08,0,0.15708,0.15708,-9.7125e-09,-6.2997e-08,-4.8306e-08,-3.1071e-08,1.056e-08,1.5484e-08,2.8369e-08,-2.177e-08,3.4614e-09,-1.4931e-08,-2.9142e-08,-6.1809e-09
-0.04,-0.04,0.04,0.15708,0.15708,-2.7628e-09,-6.6279e-08,-3.7353e-08,-1.1577e-08,1.9524e-08,1.8242e-08,3.6079e-08,-2.7744e-08,-9.6333e-09,-9.7204e-09,-2.8546e-08,-1.0545e-08
0,-0.04,0.04,0.15708,0.15708,-8.7921e-09,-6.1667e-08,-3.252e-08,-1.1724e-08,1.319e-08,2.3959e-08,3.0568e-08,-3.1753e-08,-1.148e-08,-8.7996e-09,-3.0614e-08,-1.0143e-08
0.04,-0.04,0.04,0.15708,0.15708,-1.5994e-08,-5.837e-08,-2.7345e-08,-1.1448e-08,1.2925e-08,2.6208e-08,2.7937e-08,-2.9942e-08,-1.388e-08,-9.9987e-09,-3.9197e-08,-8.7256e-09
-0.04,0,0.04,0.15708,0.15708,-3.9777e-09,-7.3211e-08,-4.6385e-08,-1.5131e-08,1.8087e-08,1.6008e-08,3.253e-08,-2.476e-08,-9.0828e-09,-8.8492e-09,-2.5499e-08,-9.1004e-09
0,0,0.04,0.15708,0.15708,-9.0267e-09,-7.1563e-08,-3.7807e-08,-1.2938e-08,1.4071e-08,1.9764e-08,2.9794e-08,-2.4673e-08,-9.7268e-09,-7.8821e-09,-3.0454e-08,-5.087e-09
0.04,0,0.04,0.15708,0.15708,-1.6074e-08,-5.9997e-08,-3.2864e-08,-1.4648e-08,1.2756e-08,2.4952e-08,2.7586e-08,-2.5782e-08,-1.1468e-08,-8.3517e-09,-3.7479e-08,-4.4173e-09
-0.04,0.04,0.04,0.15708,0.15708,-3.3099e-09,-7.408e-08,-4.8309e-08,-1.5408e-08,1.8697e-08,1.2764e-08,2.8413e-08,-2.1621e-08,-4.6558e-09,-8.6375e-09,-2.3432e-08,-7.9738e-09
0,0.04,0.04,0.15708,0.15708,-8.77e-09,-6.8381e-08,-4.0456e-08,-1.6555e-08,1.4498e-08,1.8112e-08,2.9195e-08,-2.1031e-08,-4.6974e-09,-8.7129e-09,-2.8794e-08,-4.253e-09
0.04,0.04,0.04,0.15708,0.15708,-1.3504e-08,-6.4958e-08,-3.4989e-08,-1.9117e-08,1.1778e-08,2.1757e-08,2.4799e-08,-2.261e-08,-5.1716e-09,-6.9912e-09,-3.3318e-08,-2.6499e-09
0,0,0.08,0.15708,0.15708,-8.3262e-09,-7.8564e-08,-3.3574e-08,-7.8512e-09,2.0411e-08,1.7945e-08,2.4124e-08,-2.1886e-08,-1.2494e-08,-4.2987e-09,-2.6701e-08,-1.3486e-09
