0,0,-0.08,0.05236,0.05236,-9.3328e-09,-4.1005e-08,-4.304e-08,-2.9706e-08,-4.2563e-09,2.7157e-08,4.4926e-08,-3.1986e-08,1.8427e-09,-2.6425e-08,-2.8361e-08,-1.3505e-08
-0.04,-0.04,-0.04,0.05236,0.05236,-6.838e-09,-4.7956e-08,-4.3496e-08,-2.1591e-08,5.6633e-10,2.2753e-08,4.8941e-08,-3.2347e-08,-1.1889e-09,-1.7973e-08,-2.6291e-08,-1.8626e-08
0,-0.04,-0.04,0.05236,0.05236,-8.4638e-09,-4.9097e-08,-3.3422e-08,-2.1024e-08,1.8867e-09,3.0012e-08,4.2131e-08,-3.8368e-08,-2.401e-09,-1.907e-08,-3.1113e-08,-1.6723e-08
0.04,-0.04,-0.04,0.05236,0.05236,-1.6612e-08,-4.2798e-08,-2.8041e-08,-1.96e-08,1.9925e-09,4.1916e-08,3.5422e-08,-3.6527e-08,-5.4662e-10,-2.1398e-08,-4.1241e-08,-1.1934e-08
-0.04,0,-0.04,0.05236,0.05236,-4.2968e-09,-5.0887e-08,-5.1156e-08,-2.7463e-08,5.1211e-10,1.7635e-08,4.2974e-08,-2.78e-08,1.9853e-10,-2.0437e-08,-2.5552e-08,-1.2866e-08
0,0,-0.04,0.05236,0.05236,-1.0651e-08,-5.0001e-08,-4.1233e-08,-2.6805e-08,1.4774e-09,2.6006e-08,3.9041e-08,-2.9683e-08,2.3618e-09,-2.2172e-08,-3.1075e-08,-1.1545e-08
0.04,0,-0.04,0.05236,0.05236,-1.4151e-08,-4.6092e-08,-3.1139e-08,-2.406e-08,5.3852e-10,3.2997e-08,3.4192e-08,-2.9378e-08,1.4527e-09,-2.2243e-08,-3.7414e-08,-9.341e-09
-0.04,0.04,-0.04,0.05236,0.05236,-6.3002e-09,-5.4034e-08,-5.5811e-08,-3.4421e-08,6.4077e-10,1.6233e-08,4.1423e-08,-2.4785e-08,3.9497e-09,-2.1354e-08,-2.3081e-08,-1.1849e-08
0,0.04,-0.04,0.05236,0.05236,-9.3673e-09,-5.0032e-08,-4.6194e-08,-3.4682e-08,-2.7043e-09,2.1479e-08,3.5679e-08,-2.3911e-08,4.5973e-09,-2.2812e-08,-3.0665e-08,-7.9849e-09
0.04,0.04,-0.04,0.05236,0.05236,-1.2693e-08,-4.7363e-08,-3.7055e-08,-2.8683e-08,2.1543e-09,2.8555e-08,3.1951e-08,-2.6421e-08,3.2185e-09,-2.5677e-08,-3.4581e-08,-7.8118e-09
0,-0.08,0,0.05236,0.05236,-8.8829e-09,-5.6175e-08,-2.833e-08,-1.5841e-08,6.0491e-09,3.2704e-08,3.7539e-08,-3.8168e-08,-5.8774e-09,-1.4035e-08,-3.4124e-08,-1.695e-08
-0.04,-0.04,0,0.05236,0.05236,-2.7983e-09,-6.0426e-08,-4.0379e-08,-2.1103e-08,8.7557e-09,2.0524e-08,4.0878e-08,-2.7638e-08,-3.4058e-09,-1.3505e-08,-2.6169e-08,-1.3977e-08
0,-0.04,0,0.05236,0.05236,-8.0141e-09,-5.7448e-08,-3.3184e-08,-1.9608e-08,6.1967e-09,2.6971e-08,3.4284e-08,-3.3736e-08,-4.585e-09,-1.669e-08,-3.3688e-08,-1.2574e-08
0.04,-0.04,0,0.05236,0.05236,-1.8278e-08,-5.2281e-08,-2.7147e-08,-1.7114e-08,6.6776e-09,3.7708e-08,3.1662e-08,-3.1941e-08,-5.2786e-09,-1.5091e-08,-3.9624e-08,-7.8222e-09
-0.08,0,0,0.05236,0.05236,-1.3266e-09,-6.245e-08,-4.9738e-08,-2.6764e-08,1.1118e-08,1.3052e-08,3.8139e-08,-2.423e-08,-1.6924e-09,-1.5423e-08,-2.1424e-08,-1.3217e-08
-0.04,0,0,0.05236,0.05236,-4.5753e-09,-6.2983e-08,-4.6143e-08,-2.4607e-08,6.5838e-09,1.9608e-08,3.8006e-08,-2.5875e-08,-4.1861e-10,-1.6642e-08,-2.5766e-08,-1.1157e-08
0,0,0,0.05236,0.05236,-7.2907e-09,-5.9416e-08,-3.8868e-08,-2.3324e-08,5.6763e-09,2.6887e-08,3.1943e-08,-2.63e-08,-1.6787e-09,-1.6348e-08,-2.9836e-08,-7.6144e-09
0.04,0,0,0.05236,0.05236,-1.5514e-08,-5.3018e-08,-3.3355e-08,-2.3377e-08,5.1057e-09,2.7615e-08,3.064e-08,-2.8097e-08,-1.1179e-09,-1.5409e-08,-3.9997e-08,-5.5484e-09
0.08,0,0,0.05236,0.05236,-2.126e-08,-4.8771e-08,-2.5533e-08,-2.1817e-08,4.9267e-09,3.6526e-08,2.688e-08,-2.7463e-08,-2.1603e-09,-1.6091e-08,-4.8282e-08,-3.3923e-09
-0.04,0.04,0,0.05236,0.05236,-5.0759e-09,-6.2612e-08,-5.0455e-08,-3.0343e-08,8.0435e-09,1.5595e-08,3.5009e-08,-2.0865e-08,1.7963e-09,-1.7608e-08,-2.4066e-08,-6.8186e-09
0,0.04,0,0.05236,0.05236,-7.5862e-09,-6.2427e-08,-4.2234e-08,-3.1081e-08,7.4813e-09,2.1587e-08,3.1019e-08,-2.3168e-08,3.1843e-09,-1.694e-08,-3.1427e-08,-6.6457e-09
0.04,0.04,0,0.05236,0.05236,-1.4465e-08,-5.4202e-08,-3.634e-08,-2.8704e-08,6.2609e-09,2.6411e-08,2.8474e-08,-2.2588e-08,4.9745e-09,-1.5709e-08,-3.6156e-08,-3.6979e-09
0,0.08,0,0.05236,0.05236,-8.2268e-09,-5.9461e-08,-4.7334e-08,-3.9216e-08,8.2713e-09,1.7919e-08,3.014e-08,-1.9349e-08,6.4059e-09,-1.8435e-08,-2.7704e-08,-3.2595e-09
-0.04,-0.04,0.04,0.05236,0.05236,-9.5096e-11,-6.9303e-08,-3.5941e-08,-1.7046e-08,1.4526e-08,1.9032e-08,3.0835e-08,-2.5258e-08,-7.058e-09,-1.0688e-08,-2.6867e-08,-8.2256e-09
0,-0.04,0.04,0.05236,0.05236,-8.6764e-09,-6.824e-08,-3.1962e-08,-1.5346e-08,1.1833e-08,2.7223e-08,2.9768e-08,-2.922e-08,-9.3583e-09,-1.0451e-08,-3.3832e-08,-5.4352e-09
0.04,-0.04,0.04,0.05236,0.05236,-1.3628e-08,-6.0371e-08,-2.6686e-08,-1.5189e-08,9.4413e-09,3.0108e-08,2.7333e-08,-2.6906e-08,-1.0478e-08,-9.9717e-09,-3.7507e-08,-3.599e-09
-0.04,0,0.04,0.05236,0.05236,-1.2622e-09,-7.061e-08,-4.1605e-08,-2.2317e-08,1.399e-08,1.6838e-08,3.2596e-08,-2.2497e-08,-3.2447e-09,-1.1104e-08,-2.7677e-08,-3.7995e-09
0,0,0.04,0.05236,0.05236,-7.0873e-09,-6.3922e-08,-3.3047e-08,-1.9393e-08,1.3235e-08,2.3699e-08,2.8167e-08,-2.3155e-08,-4.9976e-09,-1.1527e-08,-3.0574e-08,-2.5813e-09
0.04,0,0.04,0.05236,0.05236,-1.6134e-08,-6.2998e-08,-2.8992e-08,-1.7977e-08,1.0166e-08,2.8479e-08,2.6361e-08,-2.1749e-08,-4.5746e-09,-1.0508e-08,-3.7918e-08,-1.4588e-09
-0.04,0.04,0.04,0.05236,0.05236,-2.5991e-09,-7.7822e-08,-4.4248e-08,-2.4487e-08,1.3189e-08,1.5425e-08,3.0953e-08,-1.9119e-08,-1.0662e-09,-1.0485e-08,-2.4746e-08,-1.4313e-09
0,0.04,0.04,0.05236,0.05236,-7.2838e-09,-7.4644e-08,-3.9076e-08,-2.5243e-08,1.2244e-08,1.8729e-08,2.7467e-08,-1.9702e-08,8.7435e-10,-1.1547e-08,-2.8809e-08,2.4009e-11
0.04,0.04,0.04,0.05236,0.05236,-1.2803e-08,-6.9266e-08,-3.233e-08,-2.4038e-08,1.0307e-08,2.3521e-08,2.4797e-08,-2.0499e-08,-5.1553e-10,-9.6802e-09,-3.4848e-08,3.2183e-10
0,0,0.08,0.05236,0.05236,-4.6999e-09,-8.1493e-08,-3.2493e-08,-1.5202e-08,1.7943e-08,1.9935e-08,2.3437e-08,-1.9109e-08,-9.0318e-09,-6.1456e-09,-2.9219e-08,1.4877e-09
0,0,-0.08,0.10472,0.05236,-1.0711e-08,-3.9837e-08,-4.3401e-08,-2.5777e-08,-1.7183e-09,2.5102e-08,4.6405e-08,-3.3014e-08,1.6844e-09,-2.5677e-08,-2.7927e-08,-1.9062e-08
-0.04,-0.04,-0.04,0.10472,0.05236,-4.8893e-09,-4.7153e-08,-4.1928e-08,-2.0975e-08,2.5553e-09,1.9613e-08,4.8276e-08,-3.5893e-08,-2.8093e-09,-1.6981e-08,-2.4908e-08,-2.2993e-08
0,-0.04,-0.04,0.10472,0.05236,-1.0341e-08,-4.3687e-08,-3.6175e-08,-2.1287e-08,3.2116e-09,3.1469e-08,4.1524e-08,-3.7825e-08,-2.8743e-09,-1.9053e-08,-3.0723e-08,-1.769e-08
0.04,-0.04,-0.04,0.10472,0.05236,-1.5e-08,-4.4375e-08,-3.0542e-08,-2.009e-08,3.2769e-09,4.129e-08,3.705e-08,-3.6787e-08,-4.6405e-09,-1.9392e-08,-3.7805e-08,-1.5583e-08
-0.04,0,-0.04,0.10472,0.05236,-4.672e-09,-5.0845e-08,-4.8404e-08,-2.6225e-08,4.26e-09,1.5917e-08,4.5007e-08,-3.0727e-08,-4.4826e-10,-2.0084e-08,-2.5536e-08,-1.745e-08
0,0,-0.04,0.10472,0.05236,-1.0312e-08,-4.8707e-08,-4.4736e-08,-2.533e-08,1.022e-09,2.5134e-08,3.9378e-08,-3.0339e-08,-1.8683e-09,-1.9909e-08,-3.1876e-08,-1.4495e-08
0.04,0,-0.04,0.10472,0.05236,-1.4354e-08,-4.3126e-08,-3.4673e-08,-2.1919e-08,2.3305e-09,3.184e-08,3.7218e-08,-3.268e-08,1.1981e-09,-2.1504e-08,-3.8029e-08,-9.8132e-09
-0.04,0.04,-0.04,0.10472,0.05236,-5.7972e-09,-5.2582e-08,-5.7457e-08,-3.1432e-08,6.213e-10,1.2237e-08,4.2868e-08,-2.4924e-08,2.0693e-09,-2.2311e-08,-2.3741e-08,-1.2275e-08
0,0.04,-0.04,0.10472,0.05236,-8.2304e-09,-5.0247e-08,-4.492e-08,-3.194e-08,9.3782e-10,1.8687e-08,3.9256e-08,-2.5552e-08,2.7319e-09,-2.2062e-08,-2.8566e-08,-1.1638e-08
0.04,0.04,-0.04,0.10472,0.05236,-1.2546e-08,-4.5902e-08,-3.6859e-08,-2.7558e-08,1.7511e-09,2.7012e-08,3.3601e-08,-2.5074e-08,5.5389e-09,-2.5152e-08,-3.3371e-08,-8.7645e-09
0,-0.08,0,0.10472,0.05236,-9.939e-09,-4.8336e-08,-3.1444e-08,-1.4485e-08,9.685e-09,2.9747e-08,3.7381e-08,-4.1087e-08,-7.4442e-09,-1.1977e-08,-3.4686e-08,-1.8514e-08
-0.04,-0.04,0,0.10472,0.05236,-4.3383e-09,-5.6241e-08,-3.9103e-08,-1.8097e-08,8.6947e-09,1.9291e-08,4.1147e-08,-3.1182e-08,-5.2121e-09,-1.3564e-08,-2.6436e-08,-1.9489e-08
0,-0.04,0,0.10472,0.05236,-9.2522e-09,-5.357e-08,-3.4665e-08,-1.5941e-08,7.3513e-09,2.5789e-08,3.7194e-08,-3.0734e-08,-6.2263e-09,-1.4107e-08,-3.4518e-08,-1.5762e-08
0.04,-0.04,0,0.10472,0.05236,-1.7174e-08,-4.8511e-08,-3.0603e-08,-1.8675e-08,7.1173e-09,3.5281e-08,3.2356e-08,-3.4981e-08,-7.4434e-09,-1.4807e-08,-3.7188e-08,-1.275e-08
-0.08,0,0,0.10472,0.05236,1.4433e-10,-6.4512e-08,-5.4458e-08,-2.2012e-08,1.0434e-08,1.2591e-08,3.9458e-08,-2.7426e-08,-3.371e-09,-1.3298e-08,-2.2387e-08,-1.5177e-08
-0.04,0,0,0.10472,0.05236,-4.3314e-09,-6.6974e-08,-4.4744e-08,-2.2682e-08,8.3499e-09,1.7892e-08,3.6965e-08,-2.7583e-08,-2.3462e-09,-1.4323e-08,-2.5364e-08,-1.1595e-08
0,0,0,0.10472,0.05236,-7.7384e-09,-5.7499e-08,-3.7275e-08,-2.0707e-08,6.672e-09,2.5249e-08,3.5313e-08,-2.7575e-08,-2.364e-09,-1.5826e-08,-3.1189e-08,-1.0082e-08
0.04,0,0,0.10472,0.05236,-1.5937e-08,-5.4131e-08,-3.2593e-08,-2.0135e-08,5.5797e-09,3.1819e-08,3.1534e-08,-2.7396e-08,-4.1219e-09,-1.6727e-08,-3.6891e-08,-7.0702e-09
0.08,0,0,0.10472,0.05236,-2.0394e-08,-4.673e-08,-2.6054e-08,-1.773e-08,7.2384e-09,3.4116e-08,2.8843e-08,-2.9714e-08,-4.0542e-09,-1.4497e-08,-4.7155e-08,-5.0062e-09
-0.04,0.04,0,0.10472,0.05236,-4.2194e-09,-6.4366e-08,-5.0133e-08,-2.9127e-08,7.3457e-09,1.4268e-08,3.4807e-08,-2.3119e-08,-6.7073e-10,-1.4262e-08,-2.3986e-08,-8.0983e-09
0,0.04,0,0.10472,0.05236,-9.2281e-09,-5.8525e-08,-4.0329e-08,-2.752e-08,6.4877e-09,1.9056e-08,3.2705e-08,-2.2345e-08,6.2798e-10,-1.7422e-08,-3.0605e-08,-7.0588e-09
0.04,0.04,0,0.10472,0.05236,-1.3455e-08,-5.2862e-08,-3.5948e-08,-2.5075e-08,5.9986e-09,2.4336e-08,2.9508e-08,-2.3576e-08,1.6431e-09,-1.573e-08,-3.5617e-08,-6.8765e-09
0,0.08,0,0.10472,0.05236,-8.1481e-09,-5.9671e-08,-4.625e-08,-3.3397e-08,8.1311e-09,1.5429e-08,2.9436e-08,-1.9846e-08,5.9423e-09,-1.4658e-08,-2.5952e-08,-5.1438e-09
-0.04,-0.04,0.04,0.10472,0.05236,-1.2088e-09,-6.4415e-08,-3.4408e-08,-1.5365e-08,1.8316e-08,1.8464e-08,3.324e-08,-2.5826e-08,-8.0324e-09,-1.0034e-08,-2.8259e-08,-1.1084e-08
0,-0.04,0.04,0.10472,0.05236,-9.106e-09,-6.2111e-08,-3.2079e-08,-1.3998e-08,1.2348e-08,2.4257e-08,3.0013e-08,-2.8625e-08,-9.1674e-09,-8.5809e-09,-3.033e-08,-6.7289e-09
0.04,-0.04,0.04,0.10472,0.05236,-1.7183e-08,-5.3523e-08,-2.687e-08,-1.4105e-08,1.0138e-08,2.8574e-08,2.7903e-08,-2.751e-08,-1.0462e-08,-8.8707e-09,-3.7576e-08,-4.9077e-09
-0.04,0,0.04,0.10472,0.05236,-3.1969e-09,-7.6114e-08,-4.3137e-08,-1.6326e-08,1.7562e-08,1.677e-08,3.0887e-08,-2.3961e-08,-6.3128e-09,-1.0784e-08,-2.6186e-08,-6.7764e-09
0,0,0.04,0.10472,0.05236,-7.366e-09,-6.9422e-08,-3.6974e-08,-1.6777e-08,1.1894e-08,2.2373e-08,2.9823e-08,-2.5397e-08,-6.3105e-09,-1.0348e-08,-3.1624e-08,-3.5269e-09
0.04,0,0.04,0.10472,0.05236,-1.4657e-08,-6.3357e-08,-2.9241e-08,-1.7227e-08,1.0556e-08,2.6795e-08,2.5968e-08,-2.4795e-08,-6.9144e-09,-9.7012e-09,-3.9309e-08,-2.2968e-09
-0.04,0.04,0.04,0.10472,0.05236,-3.3908e-09,-7.3184e-08,-4.7243e-08,-2.3614e-08,1.3798e-08,1.5143e-08,2.773e-08,-2.0486e-08,-3.0189e-09,-1.131e-08,-2.4523e-08,-4.9376e-09
0,0.04,0.04,0.10472,0.05236,-7.7488e-09,-7.3471e-08,-4.0175e-08,-2.2085e-08,1.4789e-08,1.7838e-08,2.9031e-08,-2.1219e-08,-3.8131e-09,-1.0253e-08,-2.8537e-08,-3.9563e-09
0.04,0.04,0.04,0.10472,0.05236,-1.3258e-08,-6.7228e-08,-3.172e-08,-1.9946e-08,1.0338e-08,2.3324e-08,2.6109e-08,-2.1208e-08,-3.1357e-09,-8.5831e-09,-3.6021e-08,-4.9592e-10
0,0,0.08,0.10472,0.05236,-7.992e-09,-8.5452e-08,-3.1924e-08,-1.251e-08,1.8319e-08,1.9081e-08,2.425e-08,-2.0499e-08,-1.147e-08,-3.9349e-09,-3.0444e-08,-2.2158e-10
0,0,-0.08,0.15708,0.05236,-1.04e-08,-4.2144e-08,-4.796e-08,-2.5467e-08,-2.3711e-09,1.9817e-08,4.3042e-08,-3.1764e-08,-2.1067e-10,-2.4288e-08,-2.9479e-08,-1.7672e-08
-0.04,-0.04,-0.04,0.15708,0.05236,-6.5311e-09,-4.5972e-08,-4.3389e-08,-1.8695e-08,4.6469e-09,1.8838e-08,4.7896e-08,-3.9351e-08,-4.2858e-09,-1.6318e-08,-2.6802e-08,-2.499e-08
0,-0.04,-0.04,0.15708,0.05236,-1.0372e-08,-4.4363e-08,-3.7706e-08,-1.8001e-08,4.5193e-09,2.3236e-08,4.1431e-08,-3.9603e-08,-5.7479e-09,-1.8688e-08,-3.2399e-08,-2.0081e-08
0.04,-0.04,-0.04,0.15708,0.05236,-1.6245e-08,-4.3234e-08,-3.0889e-08,-1.7151e-08,3.831e-09,3.6829e-08,3.9365e-08,-4.1329e-08,-4.8093e-09,-1.8828e-08,-3.9853e-08,-1.6699e-08
-0.04,0,-0.04,0.15708,0.05236,-5.7504e-09,-4.9426e-08,-5.3502e-08,-2.1961e-08,3.8147e-09,1.7282e-08,4.5426e-08,-3.077e-08,-1.855e-09,-1.9584e-08,-2.5609e-08,-2.0051e-08
0,0,-0.04,0.15708,0.05236,-1.0323e-08,-4.7607e-08,-4.3905e-08,-2.2778e-08,2.0157e-09,2.1998e-08,4.089e-08,-3.0435e-08,-1.6788e-09,-1.8769e-08,-3.0003e-08,-1.6047e-08
0.04,0,-0.04,0.15708,0.05236,-1.526e-08,-4.5776e-08,-3.4314e-08,-2.2317e-08,2.1708e-09,3.2002e-08,3.683e-08,-3.0486e-08,-2.139e-09,-2.1493e-08,-3.564e-08,-1.1682e-08
-0.04,0.04,-0.04,0.15708,0.05236,-6.1977e-09,-5.2189e-08,-5.4814e-08,-3.1152e-08,9.5839e-10,1.2626e-08,4.2846e-08,-2.6057e-08,1.283e-09,-1.9457e-08,-2.2562e-08,-1.4989e-08
0,0.04,-0.04,0.15708,0.05236,-9.0784e-09,-5.1576e-08,-5.3251e-08,-2.9758e-08,1.076e-09,1.7751e-08,3.5682e-08,-2.6464e-08,2.3696e-10,-2.1843e-08,-2.7091e-08,-1.3648e-08
0.04,0.04,-0.04,0.15708,0.05236,-1.3876e-08,-4.5139e-08,-3.9091e-08,-2.5261e-08,2.2049e-09,2.5004e-08,3.1329e-08,-2.7411e-08,1.8183e-09,-1.9869e-08,-3.3183e-08,-9.9094e-09
0,-0.08,0,0.15708,0.05236,-8.0316e-09,-4.9204e-08,-3.1145e-08,-1.1752e-08,8.8581e-09,2.9794e-08,3.4893e-08,-4.215e-08,-8.7227e-09,-1.1824e-08,-3.2355e-08,-2.2322e-08
-0.04,-0.04,0,0.15708,0.05236,-5.3311e-09,-5.1763e-08,-4.1759e-08,-1.6625e-08,9.0594e-09,1.9116e-08,4.006e-08,-3.3497e-08,-6.6739e-09,-1.2295e-08,-2.6935e-08,-2.0096e-08
0,-0.04,0,0.15708,0.05236,-8.8086e-09,-5.0909e-08,-3.5122e-08,-1.558e-08,9.2194e-09,2.4659e-08,3.4829e-08,-3.4084e-08,-7.9687e-09,-1.2049e-08,-3.212e-08,-1.5833e-08
0.04,-0.04,0,0.15708,0.05236,-1.758e-08,-4.8169e-08,-2.9303e-08,-1.4131e-08,7.7921e-09,3.1808e-08,3.3368e-08,-3.6673e-08,-8.3711e-09,-1.197e-08,-4.0627e-08,-1.3031e-08
-0.08,0,0,0.15708,0.05236,-4.5841e-10,-6.4462e-08,-5.6636e-08,-2.0169e-08,1.2593e-08,1.1366e-08,4.0347e-08,-2.6686e-08,-3.5725e-09,-1.4044e-08,-2.1585e-08,-1.9311e-08
-0.04,0,0,0.15708,0.05236,-4.5755e-09,-5.6994e-08,-4.9722e-08,-1.9883e-08,9.9189e-09,1.5253e-08,3.8138e-08,-2.656e-08,-4.0906e-09,-1.4326e-08,-2.5224e-08,-1.3632e-08
0,0,0,0.15708,0.05236,-8.8374e-09,-5.9594e-08,-3.9071e-08,-1.8832e-08,9.9119e-09,2.2368e-08,3.472e-08,-3.0351e-08,-6.6363e-09,-1.3489e-08,-3.0743e-08,-1.2798e-08
0.04,0,0,0.15708,0.05236,-1.5619e-08,-5.2672e-08,-3.4929e-08,-1.6511e-08,6.977e-09,2.8129e-08,3.0725e-08,-2.925e-08,-7.0498e-09,-1.2163e-08,-3.9618e-08,-1.1021e-08
0.08,0,0,0.15708,0.05236,-2.3969e-08,-4.8765e-08,-2.5351e-08,-1.6523e-08,6.4413e-09,3.4188e-08,2.73e-08,-2.9715e-08,-5.8659e-09,-1.0017e-08,-4.8523e-08,-7.1055e-09
-0.04,0.04,0,0.15708,0.05236,-6.1698e-09,-6.1666e-08,-5.5291e-08,-2.5424e-08,9.7594e-09,1.3167e-08,3.6492e-08,-2.3609e-08,-2.0314e-09,-1.3866e-08,-2.5777e-08,-1.0088e-08
0,0.04,0,0.15708,0.05236,-8.8861e-09,-6.0955e-08,-4.641e-08,-2.5625e-08,9.0137e-09,1.6494e-08,3.1557e-08,-2.3817e-08,-1.5652e-09,-1.4121e-08,-2.8863e-08,-8.4141e-09
0.04,0.04,0,0.15708,0.05236,-1.4991e-08,-5.4021e-08,-3.7774e-08,-2.3167e-08,7.5385e-09,2.5261e-08,2.7225e-08,-2.5465e-08,-2.4217e-09,-1.4996e-08,-3.2909e-08,-8.7162e-09
0,0.08,0,0.15708,0.05236,-7.9035e-09,-6.2473e-08,-4.8762e-08,-2.92e-08,7.2153e-09,1.4793e-08,2.9298e-08,-2.0727e-08,1.9031e-09,-1.3515e-08,-2.7122e-08,-7.4959e-09
-0.04,-0.04,0.04,0.15708,0.05236,-2.4202e-09,-6.4603e-08,-3.7823e-08,-1.2913e-08,1.8268e-08,1.874e-08,3.2755e-08,-2.7021e-08,-8.0249e-09,-9.3603e-09,-2.7406e-08,-1.449e-08
0,-0.04,0.04,0.15708,0.05236,-6.8614e-09,-6.2648e-08,-3.3334e-08,-1.1305e-08,1.3762e-08,2.226e-08,2.989e-08,-2.9951e-08,-1.1091e-08,-7.2347e-09,-3.2259e-08,-1.2075e-08
0.04,-0.04,0.04,0.15708,0.05236,-1.6499e-08,-5.8289e-08,-2.8721e-08,-1.0109e-08,1.2191e-08,3.0294e-08,2.8262e-08,-3.1334e-08,-1.3893e-08,-7.4476e-09,-3.7971e-08,-6.626e-09
-0.04,0,0.04,0.15708,0.05236,-3.0687e-09,-7.717e-08,-4.4421e-08,-1.66e-08,1.6204e-08,1.4603e-08,3.1787e-08,-2.4823e-08,-7.3629e-09,-9.6377e-09,-2.5277e-08,-6.684e-09
0,0,0.04,0.15708,0.05236,-5.7725e-09,-6.7891e-08,-3.4655e-08,-1.5626e-08,1.3671e-08,2.0272e-08,2.7835e-08,-2.6078e-08,-8.1677e-09,-7.6974e-09,-3.0632e-08,-7.7605e-09
0.04,0,0.04,0.15708,0.05236,-1.6765e-08,-6.3464e-08,-2.9271e-08,-1.5009e-08,1.25e-08,2.4984e-08,2.7306e-08,-2.488e-08,-1.0048e-08,-6.6834e-09,-3.8421e-08,-5.5607e-09
-0.04,0.04,0.04,0.15708,0.05236,-3.2659e-09,-8.0611e-08,-4.5945e-08,-2.0332e-08,1.6492e-08,1.2883e-08,2.9665e-08,-2.0766e-08,-6.4406e-09,-8.6326e-09,-2.3979e-08,-6.2661e-09
0,0.04,0.04,0.15708,0.05236,-7.7634e-09,-7.0164e-08,-4.101e-08,-1.8294e-08,1.3561e-08,1.608e-08,2.7829e-08,-2.2203e-08,-6.6303e-09,-7.9061e-09,-3.037e-08,-6.2602e-09
0.04,0.04,0.04,0.15708,0.05236,-1.2221e-08,-6.5286e-08,-3.3233e-08,-1.6525e-08,1.1446e-08,1.9744e-08,2.4617e-08,-2.1849e-08,-5.0412e-09,-7.8517e-09,-3.5182e-08,-3.443e-09
0,0,0.08,0.15708,0.05236,-7.2414e-09,-7.9965e-08,-3.257e-08,-8.5041e-09,1.7947e-08,1.9675e-08,2.3273e-08,-2.1478e-08,-1.5057e-08,-4.4746e-09,-3.0008e-08,-3.6415e-09
0,0,-0.08,0.05236,0.10472,-9.4306e-09,-4.1905e-08,-4.5848e-08,-2.93e-08,-5.7095e-09,2.7481e-08,4.706e-08,-3.156e-08,3.7271e-09,-2.492e-08,-3.0051e-08,-1.3574e-08
-0.04,-0.04,-0.04,0.05236,0.10472,-6.6064e-09,-5.0579e-08,-4.315e-08,-2.337e-08,-9.5355e-10,2.088e-08,4.6882e-08,-3.3775e-08,-1.7588e-09,-1.8517e-08,-2.5967e-08,-1.9403e-08
0,-0.04,-0.04,0.05236,0.10472,-1.1179e-08,-4.9346e-08,-3.6437e-08,-2.1739e-08,2.3625e-09,3.1084e-08,4.0388e-08,-3.3788e-08,-9.5129e-10,-2.1187e-08,-3.263e-08,-1.5718e-08
0.04,-0.04,-0.04,0.05236,0.10472,-1.5635e-08,-4.3124e-08,-2.8491e-08,-2.1848e-08,1.1168e-09,3.821e-08,3.796e-08,-3.9093e-08,-1.6824e-09,-2.0273e-08,-3.7296e-08,-1.2075e-08
-0.04,0,-0.04,0.05236,0.10472,-6.5975e-09,-4.9884e-08,-4.7406e-08,-2.873e-08,2.3809e-09,1.8379e-08,4.613e-08,-3.0138e-08,1.8172e-09,-2.1615e-08,-2.579e-08,-1.4157e-08
0,0,-0.04,0.05236,0.10472,-8.9495e-09,-5.0056e-08,-3.9174e-08,-2.7753e-08,1.4867e-09,2.7943e-08,3.9106e-08,-3.0184e-08,3.9871e-10,-2.0752e-08,-3.1443e-08,-1.2003e-08
0.04,0,-0.04,0.05236,0.10472,-1.4287e-08,-4.7012e-08,-3.2763e-08,-2.5992e-08,1.7851e-09,3.3885e-08,3.6659e-08,-3.193e-08,2.5542e-09,-2.4342e-08,-3.7708e-08,-8.0489e-09
-0.04,0.04,-0.04,0.05236,0.10472,-5.1934e-09,-4.8895e-08,-5.5923e-08,-3.4196e-08,-2.3568e-09,1.3751e-08,3.8866e-08,-2.4271e-08,3.2822e-09,-2.1812e-08,-2.3262e-08,-1.0181e-08
0,0.04,-0.04,0.05236,0.10472,-9.0581e-09,-5.409e-08,-4.5548e-08,-3.4095e-08,-9.3012e-10,2.4438e-08,3.5479e-08,-2.4624e-08,4.3877e-09,-2.4119e-08,-2.9199e-08,-8.3608e-09
0.04,0.04,-0.04,0.05236,0.10472,-1.3309e-08,-4.8653e-08,-3.8115e-08,-3.1701e-08,1.7696e-09,3.1254e-08,3.2792e-08,-2.5155e-08,4.3855e-09,-2.6575e-08,-3.111e-08,-7.736e-09
0,-0.08,0,0.05236,0.10472,-8.8215e-09,-5.247e-08,-2.8871e-08,-1.6571e-08,6.9236e-09,2.89e-08,3.5472e-08,-3.645e-08,-7.2001e-09,-1.4439e-08,-3.1967e-08,-1.8051e-08
-0.04,-0.04,0,0.05236,0.10472,-4.6423e-09,-5.5446e-08,-3.7358e-08,-2.0295e-08,6.3191e-09,2.3131e-08,3.8375e-08,-3.0032e-08,-2.8273e-09,-1.3749e-08,-2.7402e-08,-1.4029e-08
0,-0.04,0,0.05236,0.10472,-1.0588e-08,-5.6173e-08,-3.3267e-08,-1.8631e-08,6.7591e-09,2.9358e-08,3.8007e-08,-3.0503e-08,-4.3524e-09,-1.5269e-08,-3.412e-08,-1.3225e-08
0.04,-0.04,0,0.05236,0.10472,-1.7132e-08,-5.2948e-08,-2.8121e-08,-1.8788e-08,5.9285e-09,3.3316e-08,3.1728e-08,-3.1091e-08,-5.8488e-09,-1.4752e-08,-3.9499e-08,-9.5851e-09
-0.08,0,0,0.05236,0.10472,-4.0501e-10,-6.4449e-08,-5.12e-08,-2.6359e-08,8.4647e-09,1.1329e-08,3.9369e-08,-2.3979e-08,-3.5896e-10,-1.4754e-08,-2.2044e-08,-1.2301e-08
-0.04,0,0,0.05236,0.10472,-3.5047e-09,-6.2804e-08,-4.5171e-08,-2.3133e-08,8.5255e-09,1.7734e-08,3.7313e-08,-2.4317e-08,-7.4652e-10,-1.5034e-08,-2.4594e-08,-1.0897e-08
0,0,0,0.05236,0.10472,-8.5546e-09,-6.0503e-08,-3.8772e-08,-2.4223e-08,7.0814e-09,2.4596e-08,3.1711e-08,-2.6468e-08,-9.5144e-10,-1.4354e-08,-3.0915e-08,-8.4466e-09
0.04,0,0,0.05236,0.10472,-1.6037e-08,-5.5715e-08,-3.2431e-08,-2.1429e-08,5.449e-09,3.1728e-08,2.8799e-08,-2.9151e-08,-1.7482e-09,-1.461e-08,-3.9857e-08,-5.9658e-09
0.08,0,0,0.05236,0.10472,-2.186e-08,-4.6496e-08,-2.6512e-08,-2.0107e-08,5.3605e-09,3.8105e-08,2.7086e-08,-2.8062e-08,3.8255e-10,-1.4523e-08,-4.8034e-08,-4.0337e-09
-0.04,0.04,0,0.05236,0.10472,-3.8516e-09,-6.061e-08,-5.0846e-08,-3.4134e-08,8.4427e-09,1.5147e-08,3.4778e-08,-2.1355e-08,1.7999e-09,-1.7174e-08,-2.6233e-08,-6.5075e-09
0,0.04,0,0.05236,0.10472,-8.8325e-09,-6.1349e-08,-4.3493e-08,-3.1216e-08,7.6784e-09,2.0678e-08,3.1769e-08,-2.1341e-08,1.6662e-09,-1.642e-08,-2.6282e-08,-3.1234e-09
0.04,0.04,0,0.05236,0.10472,-1.4642e-08,-5.5853e-08,-3.4225e-08,-2.6216e-08,6.7768e-09,2.5133e-08,2.9491e-08,-2.3496e-08,3.4931e-09,-1.7649e-08,-3.529e-08,-3.0863e-09
0,0.08,0,0.05236,0.10472,-8.047e-09,-6.0031e-08,-4.7061e-08,-3.8963e-08,6.2153e-09,1.849e-08,2.9883e-08,-1.96e-08,7.7064e-09,-1.58e-08,-2.7119e-08,-2.6976e-09
-0.04,-0.04,0.04,0.05236,0.10472,-8.7113e-10,-6.7873e-08,-3.6753e-08,-1.4784e-08,1.206e-08,1.9275e-08,3.3668e-08,-2.4806e-08,-6.2492e-09,-1.0974e-08,-2.7874e-08,-6.11e-09
0,-0.04,0.04,0.05236,0.10472,-7.32e-09,-6.3873e-08,-3.0701e-08,-1.7235e-08,1.2051e-08,2.372e-08,3.0064e-08,-2.6771e-08,-6.6944e-09,-1.1732e-08,-3.3388e-08,-6.4239e-09
0.04,-0.04,0.04,0.05236,0.10472,-1.408e-08,-6.3427e-08,-2.6016e-08,-1.5191e-08,1.0287e-08,3.0884e-08,2.6141e-08,-2.6571e-08,-9.8592e-09,-1.0246e-08,-3.9182e-08,-3.9949e-09
-0.04,0,0.04,0.05236,0.10472,-1.9197e-09,-7.1178e-08,-4.0248e-08,-2.3077e-08,1.524e-08,1.8347e-08,3.0301e-08,-2.1772e-08,-5.2452e-09,-1.1783e-08,-2.5933e-08,-4.131e-09
0,0,0.04,0.05236,0.10472,-5.4653e-09,-7.2184e-08,-3.3527e-08,-1.9381e-08,1.3416e-08,2.1003e-08,2.7039e-08,-2.3071e-08,-5.5631e-09,-1.0389e-08,-3.3081e-08,-2.943e-09
0.04,0,0.04,0.05236,0.10472,-1.577e-08,-6.4616e-08,-2.8552e-08,-1.8481e-08,9.5978e-09,2.7393e-08,2.5411e-08,-2.287e-08,-5.651e-09,-9.8507e-09,-3.5803e-08,-2.3444e-09
-0.04,0.04,0.04,0.05236,0.10472,-2.3898e-09,-7.3424e-08,-4.5999e-08,-2.6132e-08,1.7762e-08,1.4223e-08,2.7761e-08,-1.9782e-08,2.3724e-11,-1.1439e-08,-2.4581e-08,-1.6098e-09
0,0.04,0.04,0.05236,0.10472,-7.7356e-09,-7.1894e-08,-3.8372e-08,-2.4103e-08,1.143e-08,2.0537e-08,2.8458e-08,-1.9663e-08,4.1231e-10,-1.0313e-08,-2.8926e-08,1.493e-09
0.04,0.04,0.04,0.05236,0.10472,-1.284e-08,-6.8379e-08,-3.2507e-08,-2.2709e-08,1.1735e-08,2.2723e-08,2.4937e-08,-2.0457e-08,-5.5271e-10,-7.1237e-09,-3.5951e-08,3.4809e-11
0,0,0.08,0.05236,0.10472,-5.8266e-09,-8.1151e-08,-3.2727e-08,-1.423e-08,1.818e-08,2.0366e-08,2.4126e-08,-2.0242e-08,-9.3264e-09,-5.8824e-09,-3.0164e-08,2.7508e-09
0,0,-0.08,0.10472,0.10472,-1.1127e-08,-4.0017e-08,-4.3479e-08,-2.6148e-08,-3.4693e-09,2.4845e-08,4.4021e-08,-3.2419e-08,1.4809e-09,-2.7287e-08,-2.9296e-08,-1.6614e-08
-0.04,-0.04,-0.04,0.10472,0.10472,-4.8089e-09,-4.7588e-08,-4.3519e-08,-2.0965e-08,2.4417e-09,1.936e-08,4.7152e-08,-3.6787e-08,-1.7651e-09,-1.8494e-08,-2.541e-08,-1.9624e-08
0,-0.04,-0.04,0.10472,0.10472,-1.1109e-08,-4.4911e-08,-3.721e-08,-1.8896e-08,3.016e-09,2.7668e-08,4.2263e-08,-3.8023e-08,-2.6995e-09,-1.7729e-08,-3.4072e-08,-1.8723e-08
0.04,-0.04,-0.04,0.10472,0.10472,-1.6602e-08,-4.5731e-08,-3.3333e-08,-1.9027e-08,2.8168e-09,3.8114e-08,4.0203e-08,-3.8027e-08,-2.6637e-09,-2.0644e-08,-4.051e-08,-1.5309e-08
-0.04,0,-0.04,0.10472,0.10472,-5.29e-09,-5.0134e-08,-5.0312e-08,-2.6216e-08,9.0976e-10,1.5827e-08,4.3664e-08,-2.8657e-08,-1.0842e-09,-2.1241e-08,-2.5621e-08,-1.7571e-08
0,0,-0.04,0.10472,0.10472,-1.0525e-08,-4.9715e-08,-4.3319e-08,-2.7486e-08,1.5257e-09,2.5081e-08,3.7934e-08,-3.11e-08,-4.5135e-10,-2.1464e-08,-2.9134e-08,-1.4645e-08
0.04,0,-0.04,0.10472,0.10472,-1.4794e-08,-4.7377e-08,-3.3605e-08,-2.1937e-08,1.128e-09,3.4762e-08,3.6051e-08,-3.0625e-08,1.9976e-11,-1.8829e-08,-3.7443e-08,-9.9192e-09
-0.04,0.04,-0.04,0.10472,0.10472,-7.3613e-09,-5.4442e-08,-5.5338e-08,-3.2521e-08,5.923e-10,1.3201e-08,3.9841e-08,-2.5304e-08,1.3569e-09,-2.168e-08,-2.4775e-08,-1.2209e-08
0,0.04,-0.04,0.10472,0.10472,-8.7706e-09,-5.0143e-08,-4.8684e-08,-2.9823e-08,2.0911e-09,2.2651e-08,3.8289e-08,-2.6438e-08,3.5375e-09,-2.175e-08,-2.9224e-08,-1.1163e-08
0.04,0.04,-0.04,0.10472,0.10472,-1.3775e-08,-4.5923e-08,-3.7327e-08,-2.9399e-08,1.2072e-09,2.7556e-08,3.3079e-08,-2.6562e-08,3.9185e-09,-2.3688e-08,-3.4627e-08,-8.694e-09
0,-0.08,0,0.10472,0.10472,-1.1252e-08,-5.0127e-08,-3.1132e-08,-1.53e-08,7.905e-09,2.8598e-08,3.9842e-08,-4.0058e-08,-8.5031e-09,-1.304e-08,-3.1367e-08,-1.6758e-08
-0.04,-0.04,0,0.10472,0.10472,-4.7681e-09,-5.7017e-08,-3.8966e-08,-1.745e-08,6.9209e-09,2.0182e-08,3.8201e-08,-3.1773e-08,-6.4524e-09,-1.4574e-08,-2.7828e-08,-1.7649e-08
0,-0.04,0,0.10472,0.10472,-1.1686e-08,-5.4173e-08,-3.2232e-08,-1.7533e-08,9.4924e-09,2.66e-08,3.7712e-08,-3.2739e-08,-4.3569e-09,-1.3119e-08,-3.2598e-08,-1.2871e-08
0.04,-0.04,0,0.10472,0.10472,-1.6803e-08,-4.8535e-08,-3.1147e-08,-1.5824e-08,8.5627e-09,3.5449e-08,3.1736e-08,-3.2389e-08,-7.4784e-09,-1.3724e-08,-4.0345e-08,-1.2187e-08
-0.08,0,0,0.10472,0.10472,-1.1458e-09,-6.1919e-08,-5.453e-08,-2.165e-08,1.1031e-08,1.1284e-08,4.2822e-08,-2.6974e-08,-2.6043e-09,-1.3356e-08,-2.1502e-08,-1.6746e-08
-0.04,0,0,0.10472,0.10472,-3.8942e-09,-6.0825e-08,-4.7106e-08,-2.4739e-08,9.6535e-09,1.7712e-08,3.8475e-08,-2.7166e-08,-2.8884e-09,-1.49e-08,-2.4328e-08,-1.17e-08
0,0,0,0.10472,0.10472,-1.1314e-08,-5.7398e-08,-3.8476e-08,-1.9851e-08,7.6549e-09,2.5367e-08,3.4388e-08,-2.8481e-08,-3.6822e-09,-1.5599e-08,-3.2372e-08,-9.4259e-09
0.04,0,0,0.10472,0.10472,-1.6466e-08,-5.3291e-08,-3.2408e-08,-1.9252e-08,7.5556e-09,2.9604e-08,3.049e-08,-2.8314e-08,-3.4759e-09,-1.4426e-08,-3.9908e-08,-8.1724e-09
0.08,0,0,0.10472,0.10472,-2.3382e-08,-4.7164e-08,-2.6638e-08,-1.9972e-08,6.2063e-09,3.6672e-08,2.7481e-08,-2.7457e-08,-3.9199e-09,-1.4e-08,-4.7428e-08,-6.237e-09
-0.04,0.04,0,0.10472,0.10472,-5.5582e-09,-6.45e-08,-5.3343e-08,-2.7915e-08,7.4788e-09,1.5128e-08,3.6514e-08,-2.2224e-08,1.9018e-09,-1.5417e-08,-2.4401e-08,-9.4807e-09
0,0.04,0,0.10472,0.10472,-9.3792e-09,-6.3626e-08,-4.3278e-08,-2.5502e-08,6.473e-09,2.063e-08,3.3008e-08,-2.4011e-08,1.4841e-10,-1.3861e-08,-2.9086e-08,-5.3952e-09
0.04,0.04,0,0.10472,0.10472,-1.3398e-08,-5.5001e-08,-3.4855e-08,-2.3036e-08,6.9946e-09,2.3704e-08,2.7972e-08,-2.4382e-08,-4.7939e-10,-1.4717e-08,-3.4596e-08,-6.0529e-09
0,0.08,0,0.10472,0.10472,-8.0508e-09,-5.7086e-08,-4.4686e-08,-3.355e-08,7.5623e-09,1.5493e-08,3.0727e-08,-1.9842e-08,4.1474e-09,-1.744e-08,-2.9115e-08,-4.0487e-09
-0.04,-0.04,0.04,0.10472,0.10472,-1.0015e-09,-6.6643e-08,-3.7035e-08,-1.3718e-08,1.6514e-08,1.7095e-08,3.1946e-08,-2.7687e-08,-7.6792e-09,-8.8574e-09,-2.5166e-08,-1.2216e-08
0,-0.04,0.04,0.10472,0.10472,-8.9776e-09,-6.1907e-08,-3.1586e-08,-1.3663e-08,1.2896e-08,2.2983e-08,2.9323e-08,-2.6855e-08,-1.0474e-08,-1.0775e-08,-3.1175e-08,-7.6173e-09
0.04,-0.04,0.04,0.10472,0.10472,-1.752e-08,-5.9511e-08,-2.8331e-08,-1.358e-08,1.2007e-08,3.0466e-08,2.8738e-08,-2.9657e-08,-1.007e-08,-8.7263e-09,-4.272e-08,-5.0451e-09
-0.04,0,0.04,0.10472,0.10472,-2.4246e-09,-7.3863e-08,-4.0478e-08,-1.8411e-08,1.7054e-08,1.729e-08,3.0874e-08,-2.5383e-08,-6.5773e-09,-9.7018e-09,-2.5149e-08,-8.3663e-09
0,0,0.04,0.10472,0.10472,-9.0987e-09,-7.2751e-08,-3.3857e-08,-1.6658e-08,1.1408e-08,1.9933e-08,2.9004e-08,-2.3403e-08,-7.7514e-09,-9.6218e-09,-3.1436e-08,-6.2856e-09
0.04,0,0.04,0.10472,0.10472,-1.5313e-08,-6.464e-08,-2.7098e-08,-1.6415e-08,1.0801e-08,2.5694e-08,2.6958e-08,-2.4674e-08,-6.9973e-09,-8.9027e-09,-3.5268e-08,-2.7696e-09
-0.04,0.04,0.04,0.10472,0.10472,-3.9017e-09,-7.8606e-08,-4.627e-08,-2.3862e-08,1.6709e-08,1.3594e-08,2.8661e-08,-2.0644e-08,-4.2484e-09,-1.0025e-08,-2.5604e-08,-3.0348e-09
0,0.04,0.04,0.10472,0.10472,-6.8438e-09,-7.1785e-08,-3.6777e-08,-2.1433e-08,1.488e-08,1.7619e-08,2.7937e-08,-2.1749e-08,-4.527e-09,-1.0067e-08,-2.9495e-08,-1.5683e-09
0.04,0.04,0.04,0.10472,0.10472,-1.6146e-08,-6.6178e-08,-3.2727e-08,-2.176e-08,1.0718e-08,2.2501e-08,2.6527e-08,-2.1056e-08,-3.5759e-09,-9.1435e-09,-3.3999e-08,-8.1439e-10
0,0,0.08,0.10472,0.10472,-6.9906e-09,-8.0456e-08,-3.4634e-08,-1.1925e-08,1.9498e-08,1.8986e-08,2.4516e-08,-2.0885e-08,-1.0471e-08,-4.3184e-09,-3.0301e-08,5.4982e-10
0,0,-0.08,0.15708,0.10472,-1.0408e-08,-4.1989e-08,-4.7087e-08,-2.5057e-08,-3.255e-09,2.2759e-08,4.426e-08,-3.2028e-08,5.472e-10,-2.6074e-08,-2.8646e-08,-1.7922e-08
-0.04,-0.04,-0.04,0.15708,0.10472,-5.3932e-09,-4.7375e-08,-4.3489e-08,-1.8288e-08,1.4385e-09,1.5889e-08,4.7565e-08,-3.4529e-08,-3.7565e-09,-1.659e-08,-2.6618e-08,-2.4743e-08
0,-0.04,-0.04,0.15708,0.10472,-1.1984e-08,-4.5299e-08,-3.6612e-08,-1.8487e-08,4.3106e-09,2.7682e-08,4.1054e-08,-3.6152e-08,-4.3807e-09,-1.6443e-08,-3.1203e-08,-2.0116e-08
0.04,-0.04,-0.04,0.15708,0.10472,-1.5418e-08,-4.2223e-08,-3.0163e-08,-1.7224e-08,4.1718e-09,3.6285e-08,3.7856e-08,-3.918e-08,-5.9904e-09,-1.9884e-08,-3.8371e-08,-1.6356e-08
-0.04,0,-0.04,0.15708,0.10472,-5.7904e-09,-5.1517e-08,-5.337e-08,-2.1982e-08,3.6741e-09,1.5884e-08,4.6618e-08,-2.8853e-08,-2.1511e-09,-1.7179e-08,-2.5154e-08,-1.9619e-08
0,0,-0.04,0.15708,0.10472,-1.0255e-08,-4.7943e-08,-4.3395e-08,-2.1862e-08,2.0296e-09,2.3653e-08,4.0938e-08,-3.2411e-08,-2.308e-09,-2.0519e-08,-2.7756e-08,-1.5884e-08
0.04,0,-0.04,0.15708,0.10472,-1.501e-08,-4.4759e-08,-3.5259e-08,-2.1723e-08,4.0419e-09,3.2784e-08,3.3782e-08,-3.2084e-08,-3.1314e-10,-1.9902e-08,-3.6749e-08,-1.3291e-08
-0.04,0.04,-0.04,0.15708,0.10472,-6.552e-09,-5.2506e-08,-6.4378e-08,-2.8349e-08,1.9862e-09,1.2302e-08,3.6775e-08,-2.5437e-08,8.1008e-10,-1.9665e-08,-2.312e-08,-1.3475e-08
0,0.04,-0.04,0.15708,0.10472,-1.1267e-08,-5.0252e-08,-4.6607e-08,-2.8119e-08,2.0606e-09,1.8458e-08,3.7509e-08,-2.6267e-08,9.9606e-10,-2.1921e-08,-2.8675e-08,-1.1387e-08
0.04,0.04,-0.04,0.15708,0.10472,-1.2675e-08,-4.6711e-08,-4.02e-08,-2.6191e-08,2.2975e-09,2.3083e-08,3.3027e-08,-2.746e-08,-2.3241e-10,-2.0436e-08,-3.4162e-08,-1.1454e-08
0,-0.08,0,0.15708,0.10472,-9.511e-09,-4.9249e-08,-2.9677e-08,-1.1163e-08,1.0019e-08,2.8721e-08,3.8232e-08,-4.1264e-08,-9.2383e-09,-1.2475e-08,-3.4993e-08,-1.9026e-08
-0.04,-0.04,0,0.15708,0.10472,-4.2371e-09,-5.6489e-08,-4.3733e-08,-1.5689e-08,8.7814e-09,1.8309e-08,4.1185e-08,-3.0796e-08,-7.0484e-09,-1.3362e-08,-2.7453e-08,-1.9893e-08
0,-0.04,0,0.15708,0.10472,-9.7193e-09,-5.5294e-08,-3.5495e-08,-1.4196e-08,1.0032e-08,2.2442e-08,3.5601e-08,-3.3204e-08,-7.4508e-09,-1.3646e-08,-3.2018e-08,-1.8208e-08
0.04,-0.04,0,0.15708,0.10472,-1.7306e-08,-5.067e-08,-3.2247e-08,-1.3021e-08,7.0344e-09,3.3828e-08,3.1555e-08,-3.6959e-08,-1.0263e-08,-1.3418e-08,-3.7934e-08,-1.099e-08
-0.08,0,0,0.15708,0.10472,-8.1246e-10,-6.3093e-08,-5.5637e-08,-2.113e-08,1.3769e-08,1.25e-08,4.2364e-08,-2.6167e-08,-4.1088e-09,-1.3898e-08,-2.2005e-08,-2.1618e-08
-0.04,0,0,0.15708,0.10472,-5.4357e-09,-5.7598e-08,-4.6173e-08,-1.8276e-08,9.2712e-09,1.6333e-08,3.662e-08,-2.8613e-08,-5.0564e-09,-1.2341e-08,-2.4932e-08,-1.3887e-08
0,0,0,0.15708,0.10472,-9.3005e-09,-5.7225e-08,-4.0083e-08,-2.018e-08,8.9514e-09,2.208e-08,3.505e-08,-2.9925e-08,-5.1694e-09,-1.3395e-08,-2.9408e-08,-1.1757e-08
0.04,0,0,0.15708,0.10472,-1.6761e-08,-5.3688e-08,-3.4833e-08,-1.7862e-08,8.0631e-09,2.6789e-08,3.3163e-08,-2.9006e-08,-5.6843e-09,-1.2822e-08,-3.4927e-08,-1.0596e-08
0.08,0,0,0.15708,0.10472,-2.35e-08,-4.8878e-08,-2.6692e-08,-1.7261e-08,7.2787e-09,3.5528e-08,2.7571e-08,-2.9844e-08,-7.7399e-09,-1.0434e-08,-4.4894e-08,-7.0487e-09
-0.04,0.04,0,0.15708,0.10472,-5.0428e-09,-6.2697e-08,-5.5137e-08,-2.4591e-08,9.9146e-09,1.3506e-08,3.4301e-08,-2.2273e-08,-3.1444e-09,-1.4715e-08,-2.6457e-08,-1.2448e-08
0,0.04,0,0.15708,0.10472,-8.8693e-09,-5.7906e-08,-4.5411e-08,-2.1765e-08,6.282e-09,1.5759e-08,3.1037e-08,-2.5928e-08,-1.3143e-09,-1.4296e-08,-2.9915e-08,-9.2964e-09
0.04,0.04,0,0.15708,0.10472,-1.5066e-08,-5.3662e-08,-3.4714e-08,-2.2361e-08,8.1216e-09,2.3923e-08,2.8867e-08,-2.4541e-08,-6.4499e-10,-1.4622e-08,-3.5452e-08,-5.7632e-09
0,0.08,0,0.15708,0.10472,-6.8078e-09,-5.5871e-08,-5.2786e-08,-2.7815e-08,5.7936e-09,1.4271e-08,2.7317e-08,-2.1576e-08,4.0904e-09,-1.5524e-08,-2.5958e-08,-7.1041e-09
-0.04,-0.04,0.04,0.15708,0.10472,1.3323e-09,-7.0831e-08,-4.0841e-08,-1.1838e-08,1.5759e-08,1.7221e-08,3.1597e-08,-2.7757e-08,-9.83e-09,-8.5224e-09,-2.5568e-08,-1.1288e-08
0,-0.04,0.04,0.15708,0.10472,-7.3577e-09,-6.2496e-08,-3.3374e-08,-1.1733e-08,1.4598e-08,2.2307e-08,3.1758e-08,-3.0153e-08,-1.0792e-08,-9.5722e-09,-3.2002e-08,-1.0006e-08
0.04,-0.04,0.04,0.15708,0.10472,-1.3037e-08,-5.8803e-08,-2.8337e-08,-1.1454e-08,1.2162e-08,2.7091e-08,2.8335e-08,-2.9894e-08,-1.4543e-08,-7.6252e-09,-4.3018e-08,-7.3045e-09
-0.04,0,0.04,0.15708,0.10472,-4.7942e-09,-7.345e-08,-4.5251e-08,-1.5594e-08,1.7086e-08,1.416e-08,3.113e-08,-2.5207e-08,-7.6859e-09,-9.8445e-09,-2.5576e-08,-9.6539e-09
0,0,0.04,0.15708,0.10472,-9.8066e-09,-6.5447e-08,-3.8612e-08,-1.5605e-08,1.3232e-08,1.8476e-08,2.8585e-08,-2.4319e-08,-7.5483e-09,-9.951e-09,-2.753e-08,-5.8451e-09
0.04,0,0.04,0.15708,0.10472,-1.6159e-08,-6.5094e-08,-3.0654e-08,-1.1232e-08,1.1497e-08,2.6131e-08,2.6698e-08,-2.6068e-08,-1.0644e-08,-5.8384e-09,-3.5944e-08,-4.8618e-09
-0.04,0.04,0.04,0.15708,0.10472,-3.1354e-09,-7.7171e-08,-4.8065e-08,-1.7036e-08,1.7739e-08,1.2485e-08,2.9713e-08,-2.1173e-08,-5.0896e-09,-8.4373e-09,-2.4605e-08,-9.3073e-09
0,0.04,0.04,0.15708,0.10472,-8.9014e-09,-6.9619e-08,-3.9577e-08,-1.8503e-08,1.3286e-08,1.6687e-08,2.8266e-08,-2.0798e-08,-4.0331e-09,-7.8782e-09,-2.9691e-08,-4.5061e-09
0.04,0.04,0.04,0.15708,0.10472,-1.1466e-08,-6.4377e-08,-3.2082e-08,-1.6842e-08,1.2061e-08,2.2369e-08,2.5493e-08,-2.2746e-08,-5.3736e-09,-8.5802e-09,-3.4053e-08,-4.1212e-09
0,0,0.08,0.15708,0.10472,-5.5594e-09,-8.3675e-08,-3.4097e-08,-9.1761e-09,1.9074e-08,1.7401e-08,2.4686e-08,-2.1081e-08,-1.3415e-08,-4.655e-09,-3.0302e-08,-5.2272e-10
0,0,-0.08,0.05236,0.15708,-9.4892e-09,-4.0101e-08,-4.1935e-08,-2.8465e-08,-3.5805e-09,2.8264e-08,4.4065e-08,-3.4429e-08,3.3251e-09,-2.6897e-08,-3.1366e-08,-1.5716e-08
-0.04,-0.04,-0.04,0.05236,0.15708,-6.1768e-09,-4.9741e-08,-4.3716e-08,-2.2821e-08,3.3467e-09,2.0311e-08,4.9142e-08,-3.4605e-08,-1.2561e-09,-1.9708e-08,-2.703e-08,-2.0773e-08
0,-0.04,-0.04,0.05236,0.15708,-9.987e-09,-4.6983e-08,-3.5716e-08,-2.3512e-08,8.7875e-10,2.879e-08,4.0347e-08,-3.6562e-08,-1.1488e-09,-2.0426e-08,-3.3101e-08,-1.563e-08
0.04,-0.04,-0.04,0.05236,0.15708,-1.5181e-08,-4.3947e-08,-2.9434e-08,-2.1e-08,1.488e-09,4.0175e-08,3.7495e-08,-3.5237e-08,-1.1208e-09,-2.1095e-08,-4.0036e-08,-1.3007e-08
-0.04,0,-0.04,0.05236,0.15708,-5.4329e-09,-5.18e-08,-4.9268e-08,-2.8551e-08,-1.9419e-09,1.8209e-08,4.3884e-08,-2.7659e-08,2.2381e-10,-2.0823e-08,-2.7595e-08,-1.2367e-08
0,0,-0.04,0.05236,0.15708,-1.013e-08,-4.9656e-08,-3.9246e-08,-2.6585e-08,3.231e-09,2.9612e-08,4.1261e-08,-2.9005e-08,9.134e-10,-2.2634e-08,-2.7886e-08,-1.081e-08
0.04,0,-0.04,0.05236,0.15708,-1.5971e-08,-4.3925e-08,-3.5898e-08,-2.4626e-08,2.5604e-09,3.1956e-08,3.5671e-08,-3.0378e-08,3.3067e-09,-2.2883e-08,-3.6488e-08,-8.2824e-09
-0.04,0.04,-0.04,0.05236,0.15708,-4.6401e-09,-5.2333e-08,-5.7291e-08,-3.8018e-08,6.4246e-10,1.5305e-08,4.1076e-08,-2.4485e-08,3.5507e-09,-2.1273e-08,-2.4178e-08,-9.2089e-09
0,0.04,-0.04,0.05236,0.15708,-9.403e-09,-5.4326e-08,-4.6513e-08,-3.4492e-08,-8.0116e-10,2.2312e-08,3.6369e-08,-2.369e-08,4.7841e-09,-2.4701e-08,-2.815e-08,-8.4222e-09
0.04,0.04,-0.04,0.05236,0.15708,-1.2975e-08,-4.6079e-08,-3.4588e-08,-3.1726e-08,2.8591e-09,2.7713e-08,3.1718e-08,-2.6268e-08,6.0326e-09,-2.4767e-08,-3.5302e-08,-6.7547e-09
0,-0.08,0,0.05236,0.15708,-1.0533e-08,-4.99e-08,-2.9918e-08,-1.6386e-08,6.4625e-09,3.0459e-08,3.6196e-08,-3.9634e-08,-6.8205e-09,-1.3641e-08,-3.3163e-08,-1.6022e-08
-0.04,-0.04,0,0.05236,0.15708,-3.3393e-09,-5.8136e-08,-4.0191e-08,-2.024e-08,7.6891e-09,1.9249e-08,4.0498e-08,-3.0676e-08,-4.2048e-09,-1.5301e-08,-2.8159e-08,-1.5761e-08
0,-0.04,0,0.05236,0.15708,-1.023e-08,-5.8482e-08,-3.3186e-08,-2.0469e-08,6.8751e-09,2.8538e-08,3.6155e-08,-3.111e-08,-3.7965e-09,-1.4674e-08,-3.2183e-08,-1.0254e-08
0.04,-0.04,0,0.05236,0.15708,-1.826e-08,-5.0074e-08,-2.9047e-08,-1.9215e-08,5.9445e-09,3.494e-08,3.0576e-08,-3.2174e-08,-5.8568e-09,-1.7216e-08,-3.7376e-08,-9.0552e-09
-0.08,0,0,0.05236,0.15708,-4.1095e-10,-6.2924e-08,-5.075e-08,-2.6297e-08,8.5695e-09,1.2609e-08,4.0725e-08,-2.4697e-08,-2.4356e-09,-1.5289e-08,-2.1279e-08,-1.5158e-08
-0.04,0,0,0.05236,0.15708,-4.9257e-09,-5.9927e-08,-4.9944e-08,-2.5928e-08,7.1146e-09,1.5601e-08,3.5967e-08,-2.6197e-08,-8.2456e-10,-1.3857e-08,-2.5593e-08,-9.5425e-09
0,0,0,0.05236,0.15708,-8.3074e-09,-5.3586e-08,-3.7726e-08,-2.3662e-08,8.356e-09,2.2651e-08,3.2733e-08,-2.715e-08,-1.1327e-09,-1.7862e-08,-3.0878e-08,-8.2831e-09
0.04,0,0,0.05236,0.15708,-1.4843e-08,-5.1867e-08,-3.1091e-08,-2.5841e-08,4.6474e-09,3.028e-08,3.0346e-08,-2.6674e-08,-1.0007e-09,-1.5945e-08,-3.6065e-08,-6.766e-09
0.08,0,0,0.05236,0.15708,-2.6305e-08,-4.6365e-08,-2.3565e-08,-1.9858e-08,5.1474e-09,3.7698e-08,2.7371e-08,-2.7796e-08,-3.0117e-09,-1.7224e-08,-4.5593e-08,-5.5069e-09
-0.04,0.04,0,0.05236,0.15708,-4.2347e-09,-6.2851e-08,-4.8161e-08,-3.0413e-08,6.9929e-09,1.5796e-08,3.4045e-08,-2.1807e-08,2.4799e-09,-1.5054e-08,-2.4989e-08,-4.5123e-09
0,0.04,0,0.05236,0.15708,-9.1503e-09,-5.8667e-08,-4.4338e-08,-2.9393e-08,7.2844e-09,2.2532e-08,3.105e-08,-2.1606e-08,3.4662e-09,-1.6752e-08,-2.8745e-08,-3.8185e-09
0.04,0.04,0,0.05236,0.15708,-1.4011e-08,-5.5723e-08,-3.4864e-08,-2.8835e-08,4.6955e-09,2.756e-08,2.8713e-08,-2.2855e-08,1.5644e-09,-1.64e-08,-3.7696e-08,-3.0906e-09
0,0.08,0,0.05236,0.15708,-7.3932e-09,-6.039e-08,-4.8446e-08,-3.913e-08,6.7823e-09,1.9452e-08,3.0752e-08,-1.8871e-08,5.8614e-09,-1.5464e-08,-2.781e-08,-3.0149e-09
-0.04,-0.04,0.04,0.05236,0.15708,-2.3761e-09,-6.6898e-08,-3.6243e-08,-1.7503e-08,1.4519e-08,1.9442e-08,3.2931e-08,-2.4841e-08,-5.1794e-09,-1.158e-08,-2.7319e-08,-8.5723e-09
0,-0.04,0.04,0.05236,0.15708,-8.1722e-09,-6.4011e-08,-3.0083e-08,-1.4966e-08,1.1787e-08,2.4618e-08,2.8164e-08,-2.5016e-08,-8.7065e-09,-1.0227e-08,-3.138e-08,-8.0718e-09
0.04,-0.04,0.04,0.05236,0.15708,-1.7157e-08,-5.9998e-08,-2.6802e-08,-1.5584e-08,9.6073e-09,3.0854e-08,2.5108e-08,-2.8708e-08,-8.9505e-09,-1.0466e-08,-3.8806e-08,-4.2446e-09
-0.04,0,0.04,0.05236,0.15708,-3.0203e-09,-7.4256e-08,-3.9356e-08,-2.0207e-08,1.277e-08,1.8395e-08,3.1464e-08,-2.1702e-08,-3.6427e-09,-1.1107e-08,-2.592e-08,-5.741e-09
0,0,0.04,0.05236,0.15708,-7.2554e-09,-6.7094e-08,-3.4761e-08,-1.8079e-08,1.1406e-08,2.1644e-08,2.8493e-08,-2.2846e-08,-4.993e-09,-1.0116e-08,-3.1931e-08,-1.1581e-09
0.04,0,0.04,0.05236,0.15708,-1.5288e-08,-6.2118e-08,-3.0442e-08,-1.8623e-08,1.0161e-08,2.9169e-08,2.5675e-08,-2.3857e-08,-5.0669e-09,-1.0811e-08,-3.7173e-08,-1.7106e-09
-0.04,0.04,0.04,0.05236,0.15708,-3.9801e-09,-7.8949e-08,-4.4338e-08,-2.6548e-08,1.6738e-08,1.6039e-08,3.0535e-08,-1.8447e-08,-9.4263e-10,-1.3113e-08,-2.5419e-08,-7.7848e-10
0,0.04,0.04,0.05236,0.15708,-1.0098e-08,-6.9979e-08,-3.9904e-08,-2.6892e-08,1.2358e-08,1.8841e-08,2.7594e-08,-1.9511e-08,1.2441e-09,-1.0218e-08,-2.9262e-08,-7.6289e-10
0.04,0.04,0.04,0.05236,0.15708,-1.3237e-08,-6.3769e-08,-3.3766e-08,-2.6804e-08,1.1937e-08,2.3938e-08,2.496e-08,-1.971e-08,-7.1977e-10,-1.001e-08,-3.4322e-08,1.0505e-09
0,0,0.08,0.05236,0.15708,-6.317e-09,-8.3748e-08,-3.0977e-08,-1.4388e-08,1.9183e-08,1.9807e-08,2.4511e-08,-2.0355e-08,-8.6839e-09,-5.5866e-09,-3.015e-08,2.4367e-09
0,0,-0.08,0.10472,0.15708,-9.9465e-09,-3.9859e-08,-4.2619e-08,-2.6794e-08,-4.2653e-09,2.4427e-08,4.6599e-08,-3.1531e-08,6.4061e-10,-2.6687e-08,-2.9956e-08,-1.5964e-08
-0.04,-0.04,-0.04,0.10472,0.15708,-5.3644e-09,-4.7481e-08,-4.2529e-08,-2.023e-08,2.9884e-09,2.2447e-08,4.7441e-08,-3.3637e-08,-2.9264e-09,-1.764e-08,-2.6749e-08,-2.254e-08
0,-0.04,-0.04,0.10472,0.15708,-9.6785e-09,-4.493e-08,-3.9003e-08,-1.9033e-08,3.2787e-09,2.6668e-08,4.1238e-08,-3.5871e-08,-3.6702e-09,-1.871e-08,-3.2799e-08,-1.6123e-08
0.04,-0.04,-0.04,0.10472,0.15708,-1.5832e-08,-4.1886e-08,-3.2855e-08,-1.8292e-08,2.5806e-09,3.5519e-08,3.6738e-08,-3.7509e-08,-4.8039e-09,-1.9919e-08,-3.726e-08,-1.3101e-08
-0.04,0,-0.04,0.10472,0.15708,-5.8874e-09,-4.9297e-08,-4.9251e-08,-2.505e-08,1.0028e-09,1.8723e-08,4.4582e-08,-2.8433e-08,-2.5855e-10,-1.855e-08,-2.475e-08,-1.5955e-08
0,0,-0.04,0.10472,0.15708,-1.0531e-08,-4.8028e-08,-4.2482e-08,-2.5417e-08,1.7222e-09,2.2489e-08,4.0689e-08,-3.0025e-08,-2.0372e-10,-1.9168e-08,-2.8728e-08,-1.3677e-08
0.04,0,-0.04,0.10472,0.15708,-1.5618e-08,-4.5436e-08,-3.3343e-08,-2.2237e-08,2.6877e-09,3.2335e-08,3.4592e-08,-3.1155e-08,-9.241e-11,-2.0617e-08,-3.5686e-08,-1.0996e-08
-0.04,0.04,-0.04,0.10472,0.15708,-6.362e-09,-5.2024e-08,-5.3694e-08,-3.4289e-08,-1.6318e-10,1.1124e-08,4.3742e-08,-2.3485e-08,2.933e-09,-2.1787e-08,-2.4851e-08,-1.2745e-08
0,0.04,-0.04,0.10472,0.15708,-1.0208e-08,-4.9729e-08,-5.0062e-08,-2.8987e-08,1.9512e-09,1.8775e-08,3.6331e-08,-2.6057e-08,4.1428e-09,-2.2118e-08,-2.7425e-08,-1.0398e-08
0.04,0.04,-0.04,0.10472,0.15708,-1.4205e-08,-4.9239e-08,-3.8429e-08,-2.9116e-08,2.5967e-09,2.8642e-08,3.1251e-08,-2.6704e-08,2.3429e-09,-2.1876e-08,-3.5458e-08,-9.7873e-09
0,-0.08,0,0.10472,0.15708,-8.8321e-09,-4.752e-08,-3.0441e-08,-1.4009e-08,8.7099e-09,2.7337e-08,3.953e-08,-3.9695e-08,-7.8024e-09,-1.4507e-08,-3.6263e-08,-1.7991e-08
-0.04,-0.04,0,0.10472,0.15708,-4.4473e-09,-5.8975e-08,-3.9891e-08,-1.8025e-08,1.2336e-08,2.2016e-08,4.1599e-08,-3.1646e-08,-5.3523e-09,-1.3812e-08,-2.6721e-08,-2.0233e-08
0,-0.04,0,0.10472,0.15708,-8.463e-09,-5.5907e-08,-3.4295e-08,-1.8221e-08,9.1869e-09,2.7882e-08,3.7241e-08,-3.545e-08,-6.0087e-09,-1.3652e-08,-3.0486e-08,-1.4966e-08
0.04,-0.04,0,0.10472,0.15708,-1.4405e-08,-4.9532e-08,-3.1993e-08,-1.5579e-08,7.1684e-09,3.3906e-08,3.1788e-08,-3.463e-08,-8.3673e-09,-1.4998e-08,-3.799e-08,-9.6676e-09
-0.08,0,0,0.10472,0.15708,-2.9155e-11,-5.8712e-08,-5.7511e-08,-2.194e-08,1.0817e-08,1.0352e-08,4.1438e-08,-2.589e-08,-2.4805e-09,-1.4148e-08,-2.2007e-08,-1.272e-08
-0.04,0,0,0.10472,0.15708,-3.8586e-09,-5.793e-08,-4.6133e-08,-2.0782e-08,1.0239e-08,1.5791e-08,3.7169e-08,-2.6702e-08,-4.0173e-09,-1.4364e-08,-2.5812e-08,-1.2215e-08
0,0,0,0.10472,0.15708,-9.3258e-09,-5.8383e-08,-3.7891e-08,-2.1666e-08,7.072e-09,2.3882e-08,3.4526e-08,-2.9993e-08,-3.8909e-09,-1.4344e-08,-2.9695e-08,-9.0106e-09
0.04,0,0,0.10472,0.15708,-1.5085e-08,-5.2934e-08,-3.2265e-08,-1.8996e-08,6.3997e-09,2.8952e-08,3.1424e-08,-2.8665e-08,-4.2621e-09,-1.7235e-08,-3.7979e-08,-7.5851e-09
0.08,0,0,0.10472,0.15708,-2.3288e-08,-4.836e-08,-2.708e-08,-1.9136e-08,6.7134e-09,3.3662e-08,2.7085e-08,-2.9506e-08,-3.4196e-09,-1.3874e-08,-5.0033e-08,-5.0997e-09
-0.04,0.04,0,0.10472,0.15708,-4.7625e-09,-6.4204e-08,-5.0678e-08,-2.9683e-08,1.1614e-08,1.1768e-08,3.5386e-08,-2.2087e-08,-5.169e-10,-1.6123e-08,-2.4501e-08,-9.144e-09
0,0.04,0,0.10472,0.15708,-1.0049e-08,-6.1427e-08,-4.5307e-08,-2.6778e-08,7.3214e-09,1.999e-08,3.2322e-08,-2.4078e-08,1.2051e-09,-1.5557e-08,-2.928e-08,-6.15e-09
0.04,0.04,0,0.10472,0.15708,-1.4165e-08,-5.3803e-08,-3.6411e-08,-2.4451e-08,7.3233e-09,2.4151e-08,2.8567e-08,-2.3851e-08,7.7435e-10,-1.4113e-08,-3.6551e-08,-6.3361e-09
0,0.08,0,0.10472,0.15708,-9.5598e-09,-5.6521e-08,-4.6374e-08,-3.838e-08,8.4786e-09,1.5309e-08,3.0292e-08,-2.0269e-08,4.977e-09,-2.0013e-08,-2.6589e-08,-5.9079e-09
-0.04,-0.04,0.04,0.10472,0.15708,-2.1538e-09,-7.2728e-08,-3.6218e-08,-1.3984e-08,1.5667e-08,2.0053e-08,3.2538e-08,-2.7289e-08,-8.9389e-09,-9.7017e-09,-2.6159e-08,-1.0832e-08
0,-0.04,0.04,0.10472,0.15708,-9.6908e-09,-6.1981e-08,-3.1372e-08,-1.4296e-08,1.2816e-08,2.2915e-08,3.153e-08,-2.8672e-08,-8.3588e-09,-9.9282e-09,-3.3154e-08,-9.7943e-09
0.04,-0.04,0.04,0.10472,0.15708,-1.5505e-08,-6.133e-08,-2.8245e-08,-1.3567e-08,1.1299e-08,3.0249e-08,2.707e-08,-2.7626e-08,-1.1327e-08,-1.0094e-08,-4.1317e-08,-5.0292e-09
-0.04,0,0.04,0.10472,0.15708,-2.5649e-09,-7.0876e-08,-4.0787e-08,-1.7782e-08,1.7197e-08,1.777e-08,2.9685e-08,-2.3307e-08,-4.5196e-09,-9.8013e-09,-2.5286e-08,-6.1596e-09
0,0,0.04,0.10472,0.15708,-1.0202e-08,-7.0572e-08,-3.4225e-08,-1.984e-08,1.3417e-08,2.1545e-08,2.8236e-08,-2.6508e-08,-6.6668e-09,-1.0456e-08,-3.2065e-08,-3.8482e-09
0.04,0,0.04,0.10472,0.15708,-1.4573e-08,-5.8789e-08,-3.2086e-08,-1.6301e-08,1.1121e-08,2.4541e-08,2.4625e-08,-2.5076e-08,-8.8915e-09,-9.4196e-09,-3.7791e-08,-3.2833e-09
-0.04,0.04,0.04,0.10472,0.15708,-3.5722e-09,-8.4458e-08,-4.7097e-08,-2.212e-08,1.7104e-08,1.4056e-08,3.1303e-08,-2.0628e-08,-3.142e-09,-1.048e-08,-2.5461e-08,-3.5178e-09
0,0.04,0.04,0.10472,0.15708,-7.0652e-09,-6.9356e-08,-4.524e-08,-2.352e-08,1.4454e-08,1.8427e-08,2.7312e-08,-2.1725e-08,-1.7592e-09,-8.0186e-09,-2.7717e-08,-2.4295e-09
0.04,0.04,0.04,0.10472,0.15708,-1.3142e-08,-6.5344e-08,-3.2786e-08,-1.9608e-08,1.1961e-08,2.199e-08,2.5164e-08,-2.2503e-08,-5.3532e-09,-7.8854e-09,-3.4022e-08,-1.9539e-09
0,0,0.08,0.10472,0.15708,-6.8795e-09,-8.0839e-08,-3.3301e-08,-1.3194e-08,1.7719e-08,1.9114e-08,2.3861e-08,-1.8941e-08,-9.1465e-09,-5.9238e-09,-2.9549e-08,2.3534e-09
0,0,-0.08,0.15708,0.15708,-1.0792e-08,-4.1776e-08,-4.549e-08,-2.4411e-08,-7.3674e-10,2.5351e-08,4.5377e-08,-3.365e-08,2.7807e-10,-2.7799e-08,-2.9309e-08,-1.9086e-08
-0.04,-0.04,-0.04,0.15708,0.15708,-7.1995e-09,-4.694e-08,-4.2118e-08,-1.8149e-08,4.5646e-09,1.804e-08,4.643e-08,-3.6264e-08,-4.059e-09,-1.7746e-08,-2.6599e-08,-2.6097e-08
0,-0.04,-0.04,0.15708,0.15708,-1.1501e-08,-4.2793e-08,-3.5708e-08,-1.9117e-08,3.6592e-09,2.5875e-08,4.4737e-08,-3.7791e-08,-3.8338e-09,-1.829e-08,-3.1172e-08,-2.084e-08
0.04,-0.04,-0.04,0.15708,0.15708,-1.8909e-08,-4.181e-08,-3.1157e-08,-1.6295e-08,4.9158e-09,3.545e-08,3.6483e-08,-4.0308e-08,-6.0417e-09,-1.9436e-08,-3.5557e-08,-1.6507e-08
-0.04,0,-0.04,0.15708,0.15708,-5.1266e-09,-5.206e-08,-5.1011e-08,-2.5004e-08,4.9134e-09,1.6107e-08,4.1579e-08,-3.043e-08,-2.2311e-09,-1.8903e-08,-2.4778e-08,-1.932e-08
0,0,-0.04,0.15708,0.15708,-1.1292e-08,-4.7673e-08,-4.3984e-08,-2.1377e-08,1.6968e-09,2.4345e-08,3.8866e-08,-3.2657e-08,-1.3749e-09,-2.0309e-08,-3.0783e-08,-1.5684e-08
0.04,0,-0.04,0.15708,0.15708,-1.6557e-08,-4.5288e-08,-3.5678e-08,-2.0045e-08,3.4832e-09,3.0472e-08,3.5052e-08,-3.4067e-08,-8.7053e-10,-2.0528e-08,-3.7619e-08,-1.3142e-08
-0.04,0.04,-0.04,0.15708,0.15708,-5.1886e-09,-5.3452e-08,-5.5675e-08,-2.9706e-08,6.1565e-10,1.2042e-08,4.2602e-08,-2.6685e-08,6.9023e-12,-2.0529e-08,-2.3074e-08,-1.4245e-08
0,0.04,-0.04,0.15708,0.15708,-1.0634e-08,-5.3678e-08,-5.2242e-08,-2.8915e-08,4.023e-09,1.8902e-08,3.6597e-08,-2.652e-08,2.3525e-09,-2.0299e-08,-2.8734e-08,-1.0094e-08
0.04,0.04,-0.04,0.15708,0.15708,-1.5464e-08,-4.2147e-08,-4.1412e-08,-2.5256e-08,3.7795e-09,2.4507e-08,3.2916e-08,-2.6903e-08,1.8533e-09,-2.4048e-08,-3.3927e-08,-1.0366e-08
0,-0.08,0,0.15708,0.15708,-1.0584e-08,-4.8352e-08,-3.2543e-08,-1.1943e-08,1.1166e-08,2.949e-08,3.8386e-08,-4.1401e-08,-8.9731e-09,-1.1888e-08,-3.2194e-08,-1.9502e-08
-0.04,-0.04,0,0.15708,0.15708,-5.7147e-09,-5.3695e-08,-4.1594e-08,-1.4484e-08,9.77e-09,1.8767e-08,4.0127e-08,-3.1555e-08,-5.6232e-09,-1.4778e-08,-2.8316e-08,-1.8349e-08
0,-0.04,0,0.15708,0.15708,-9.0315e-09,-5.2205e-08,-3.7291e-08,-1.5832e-08,1.1e-08,2.4849e-08,3.5333e-08,-3.4076e-08,-8.4018e-09,-1.3159e-08,-3.099e-08,-1.5261e-08
0.04,-0.04,0,0.15708,0.15708,-1.835e-08,-5.1344e-08,-3.0137e-08,-1.4194e-08,6.6089e-09,3.0845e-08,3.2764e-08,-3.4258e-08,-7.7663e-09,-1.259e-08,-3.9146e-08,-1.2711e-08
-0.08,0,0,0.15708,0.15708,-2.7627e-10,-5.9515e-08,-5.8092e-08,-1.9449e-08,1.3371e-08,1.1983e-08,4.0726e-08,-2.683e-08,-4.9929e-09,-1.3502e-08,-2.2067e-08,-1.9537e-08
-0.04,0,0,0.15708,0.15708,-5.6025e-09,-6.1299e-08,-5.0355e-08,-2.1173e-08,7.8747e-09,1.6679e-08,4.0302e-08,-2.7496e-08,-4.137e-09,-1.6054e-08,-2.5102e-08,-1.5728e-08
0,0,0,0.15708,0.15708,-8.601e-09,-6.0416e-08,-4.1199e-08,-1.8607e-08,1.1249e-08,2.1878e-08,3.2944e-08,-2.9621e-08,-4.3984e-09,-1.5915e-08,-3.3433e-08,-1.2922e-08
0.04,0,0,0.15708,0.15708,-1.5855e-08,-4.8271e-08,-3.1816e-08,-1.902e-08,8.0835e-09,2.5986e-08,3.0436e-08,-2.8711e-08,-6.591e-09,-1.4244e-08,-3.7461e-08,-9.006e-09
0.08,0,0,0.15708,0.15708,-2.2546e-08,-4.8758e-08,-2.7045e-08,-1.8347e-08,6.2282e-09,3.3538e-08,2.8914e-08,-2.8678e-08,-7.0098e-09,-1.3023e-08,-4.6684e-08,-6.3427e-09
-0.04,0.04,0,0.15708,0.15708,-6.3518e-09,-5.804e-08,-5.3891e-08,-2.5239e-08,1.1615e-08,1.4464e-08,3.3879e-08,-2.2838e-08,-1.2129e-09,-1.3632e-08,-2.4439e-08,-1.1847e-08
0,0.04,0,0.15708,0.15708,-8.8791e-09,-5.7178e-08,-4.1694e-08,-2.5578e-08,9.6349e-09,1.6891e-08,3.1484e-08,-2.5368e-08,-6.3987e-10,-1.333e-08,-3.0041e-08,-9.6447e-09
0.04,0.04,0,0.15708,0.15708,-1.3733e-08,-5.5584e-08,-3.5025e-08,-2.2863e-08,7.7287e-09,2.1725e-08,2.5792e-08,-2.3835e-08,-2.388e-09,-1.4437e-08,-3.7269e-08,-6.4713e-09
0,0.08,0,0.15708,0.15708,-1.0104e-08,-5.9483e-08,-4.3994e-08,-2.9438e-08,7.4259e-09,1.5312e-08,2.8963e-08,-2.0521e-08,2.6824e-09,-1.4186e-08,-2.7228e-08,-6.881e-09
-0.04,-0.04,0.04,0.15708,0.15708,-1.5628e-09,-6.2437e-08,-3.9362e-08,-1.2681e-08,1.732e-08,1.6432e-08,3.5402e-08,-2.9416e-08,-1.0347e-08,-8.5017e-09,-2.7025e-08,-1.5563e-08
0,-0.04,0.04,0.15708,0.15708,-8.9694e-09,-6.7135e-08,-3.391e-08,-1.0938e-08,1.4193e-08,2.3733e-08,2.9148e-08,-2.8744e-08,-9.6173e-09,-1.025e-08,-3.0852e-08,-1.1908e-08
0.04,-0.04,0.04,0.15708,0.15708,-1.6907e-08,-5.9006e-08,-2.8684e-08,-1.0824e-08,1.1634e-08,2.7177e-08,2.7112e-08,-3.2223e-08,-1.2952e-08,-7.6063e-09,-3.8602e-08,-5.5085e-09
-0.04,0,0.04,0.15708,0.15708,-3.7145e-09,-7.6722e-08,-4.2347e-08,-1.4413e-08,2.0174e-08,1.6441e-08,3.133e-08,-2.6685e-08,-8.2807e-09,-1.0997e-08,-2.4989e-08,-1.1344e-08
0,0,0.04,0.15708,0.15708,-9.8782e-09,-6.9416e-08,-3.6103e-08,-1.3466e-08,1.62e-08,2.0144e-08,2.8649e-08,-2.3457e-08,-1.0188e-08,-8.5555e-09,-3.0635e-08,-3.8642e-09
0.04,0,0.04,0.15708,0.15708,-1.6545e-08,-6.2153e-08,-3.2442e-08,-1.2703e-08,1.1863e-08,2.3888e-08,2.6339e-08,-2.8047e-08,-9.7203e-09,-7.1098e-09,-3.4223e-08,-3.4938e-09
-0.04,0.04,0.04,0.15708,0.15708,-4.2801e-09,-7.6305e-08,-4.8971e-08,-1.9739e-08,1.4738e-08,1.2221e-08,3.0161e-08,-2.2504e-08,-3.9591e-09,-8.8369e-09,-2.3689e-08,-7.125e-09
0,0.04,0.04,0.15708,0.15708,-9.9386e-09,-6.9747e-08,-4.1826e-08,-1.9311e-08,1.5617e-08,1.5552e-08,2.736e-08,-2.0584e-08,-4.7125e-09,-9.3591e-09,-2.842e-08,-4.8173e-09
0.04,0.04,0.04,0.15708,0.15708,-1.5544e-08,-6.0877e-08,-3.4635e-08,-1.7739e-08,1.139e-08,2.1001e-08,2.6337e-08,-2.2858e-08,-6.8425e-09,-6.5315e-09,-3.5186e-08,-2.3154e-09
0,0,0.08,0.15708,0.15708,-5.394e-09,-7.4476e-08,-3.4336e-08,-8.5578e-09,2.1385e-08,1.7663e-08,2.4815e-08,-2.0669e-08,-1.3352e-08,-3.7887e-09,-2.9073e-08,-2.1188e-09
