0,0,-0.08,0.05236,0.05236,-9.9002e-09,-4.1554e-08,-4.2626e-08,-2.895e-08,-4.4299e-09,2.84e-08,4.5173e-08,-3.2257e-08,3.0574e-09,-2.712e-08,-2.8688e-08,-1.4855e-08
-0.04,-0.04,-0.04,0.05236,0.05236,-5.2814e-09,-4.8629e-08,-4.1697e-08,-2.2805e-08,8.829e-10,2.2015e-08,4.8334e-08,-3.4266e-08,-1.5663e-09,-1.8304e-08,-2.6592e-08,-1.9973e-08
0,-0.04,-0.04,0.05236,0.05236,-1.0167e-08,-4.6505e-08,-3.4998e-08,-2.2009e-08,1.3862e-09,3.0371e-08,4.2278e-08,-3.6171e-08,-1.8211e-09,-1.9347e-08,-3.191e-08,-1.6186e-08
0.04,-0.04,-0.04,0.05236,0.05236,-1.5838e-08,-4.3617e-08,-2.8991e-08,-2.0782e-08,1.9093e-09,4.022e-08,3.7228e-08,-3.7351e-08,-2.0822e-09,-2.0525e-08,-3.9308e-08,-1.2746e-08
-0.04,0,-0.04,0.05236,0.05236,-5.5363e-09,-5.1205e-08,-4.8724e-08,-2.8308e-08,2.0073e-10,1.8938e-08,4.485e-08,-2.8963e-08,9.992e-10,-2.004e-08,-2.5628e-08,-1.4784e-08
0,0,-0.04,0.05236,0.05236,-9.5977e-09,-4.8972e-08,-4.0576e-08,-2.7103e-08,7.8345e-10,2.642e-08,3.9471e-08,-3.0479e-08,1.2356e-09,-2.126e-08,-3.0967e-08,-1.2106e-08
0.04,0,-0.04,0.05236,0.05236,-1.4714e-08,-4.5704e-08,-3.2747e-08,-2.569e-08,1.2891e-09,3.468e-08,3.5063e-08,-3.1089e-08,1.4135e-09,-2.2434e-08,-3.6868e-08,-9.6149e-09
-0.04,0.04,-0.04,0.05236,0.05236,-5.6333e-09,-5.2649e-08,-5.6171e-08,-3.54e-08,-6.702e-10,1.5125e-08,4.0387e-08,-2.418e-08,3.8798e-09,-2.2024e-08,-2.4365e-08,-1.0582e-08
0,0.04,-0.04,0.05236,0.05236,-9.1619e-09,-4.9847e-08,-4.6526e-08,-3.3643e-08,2.146e-10,2.1828e-08,3.6395e-08,-2.5327e-08,4.9296e-09,-2.2957e-08,-2.9307e-08,-8.9076e-09
0.04,0.04,-0.04,0.05236,0.05236,-1.3404e-08,-4.6985e-08,-3.6801e-08,-3.1472e-08,9.8206e-10,2.8919e-08,3.2435e-08,-2.58e-08,5.9806e-09,-2.4347e-08,-3.5161e-08,-7.1499e-09
0,-0.08,0,0.05236,0.05236,-8.9846e-09,-5.0428e-08,-2.8919e-08,-1.5783e-08,6.909e-09,3.0468e-08,3.6698e-08,-3.7727e-08,-6.3932e-09,-1.3781e-08,-3.3737e-08,-1.6697e-08
-0.04,-0.04,0,0.05236,0.05236,-3.5908e-09,-5.7752e-08,-3.8845e-08,-2.0198e-08,7.483e-09,2.0848e-08,3.9111e-08,-3.0242e-08,-3.829e-09,-1.4376e-08,-2.6998e-08,-1.5205e-08
0,-0.04,0,0.05236,0.05236,-9.5407e-09,-5.4372e-08,-3.3242e-08,-1.9439e-08,6.8225e-09,2.7636e-08,3.5875e-08,-3.1908e-08,-4.3327e-09,-1.4956e-08,-3.2582e-08,-1.1761e-08
0.04,-0.04,0,0.05236,0.05236,-1.6131e-08,-5.0918e-08,-2.7972e-08,-1.8546e-08,6.1135e-09,3.4716e-08,3.2011e-08,-3.2662e-08,-5.1881e-09,-1.5163e-08,-4.0056e-08,-8.5728e-09
-0.08,0,0,0.05236,0.05236,-4.5561e-10,-6.3613e-08,-5.1461e-08,-2.576e-08,7.853e-09,1.2673e-08,4.1519e-08,-2.4762e-08,-1.714e-09,-1.4755e-08,-2.2005e-08,-1.3003e-08
-0.04,0,0,0.05236,0.05236,-4.2414e-09,-6.0875e-08,-4.447e-08,-2.4982e-08,7.3402e-09,1.7991e-08,3.7433e-08,-2.5716e-08,-1.4813e-09,-1.5307e-08,-2.592e-08,-1.0464e-08
0,0,0,0.05236,0.05236,-9.2373e-09,-5.7794e-08,-3.8021e-08,-2.3979e-08,6.423e-09,2.4185e-08,3.4144e-08,-2.6568e-08,-1.4922e-09,-1.5919e-08,-3.1654e-08,-8.1017e-09
0.04,0,0,0.05236,0.05236,-1.5059e-08,-5.3581e-08,-3.1178e-08,-2.2795e-08,5.8383e-09,3.0597e-08,3.0497e-08,-2.7206e-08,-1.7116e-09,-1.6033e-08,-3.8487e-08,-5.9797e-09
0.08,0,0,0.05236,0.05236,-2.1522e-08,-4.8839e-08,-2.568e-08,-2.1181e-08,5.3044e-09,3.6942e-08,2.7187e-08,-2.7999e-08,-1.8235e-09,-1.5306e-08,-4.6595e-08,-4.1385e-09
-0.04,0.04,0,0.05236,0.05236,-4.2831e-09,-6.4007e-08,-5.0818e-08,-3.1882e-08,7.271e-09,1.5263e-08,3.5017e-08,-2.1969e-08,1.8245e-09,-1.6603e-08,-2.4824e-08,-6.7746e-09
0,0.04,0,0.05236,0.05236,-8.572e-09,-5.9906e-08,-4.2193e-08,-3.0261e-08,6.292e-09,2.0747e-08,3.1752e-08,-2.2919e-08,2.3302e-09,-1.6946e-08,-2.9586e-08,-5.2192e-09
0.04,0.04,0,0.05236,0.05236,-1.3259e-08,-5.5038e-08,-3.5014e-08,-2.7907e-08,5.8675e-09,2.6411e-08,2.8581e-08,-2.3554e-08,3.2648e-09,-1.6234e-08,-3.5383e-08,-3.9175e-09
0,0.08,0,0.05236,0.05236,-7.8818e-09,-6.1043e-08,-4.6301e-08,-3.9016e-08,6.1946e-09,1.7153e-08,2.9213e-08,-1.9662e-08,7.3659e-09,-1.73e-08,-2.7898e-08,-3.1129e-09
-0.04,-0.04,0.04,0.05236,0.05236,-1.6895e-09,-6.9272e-08,-3.5744e-08,-1.6924e-08,1.4191e-08,1.9707e-08,3.2279e-08,-2.5727e-08,-6.5357e-09,-1.0756e-08,-2.6889e-08,-8.4029e-09
0,-0.04,0.04,0.05236,0.05236,-7.936e-09,-6.4546e-08,-3.1321e-08,-1.6347e-08,1.2033e-08,2.4641e-08,2.9475e-08,-2.679e-08,-7.8141e-09,-1.0853e-08,-3.211e-08,-5.7626e-09
0.04,-0.04,0.04,0.05236,0.05236,-1.5641e-08,-5.9295e-08,-2.6766e-08,-1.5465e-08,1.0279e-08,3.0367e-08,2.6977e-08,-2.6923e-08,-9.1809e-09,-1.008e-08,-3.8645e-08,-3.4357e-09
-0.04,0,0.04,0.05236,0.05236,-2.4279e-09,-7.3664e-08,-4.0647e-08,-2.0806e-08,1.4532e-08,1.7198e-08,3.1127e-08,-2.2308e-08,-4.3393e-09,-1.1219e-08,-2.5889e-08,-4.7705e-09
0,0,0.04,0.05236,0.05236,-7.925e-09,-6.9003e-08,-3.5256e-08,-2.0039e-08,1.2287e-08,2.2267e-08,2.8908e-08,-2.2988e-08,-5.0887e-09,-1.0622e-08,-3.0668e-08,-3.0053e-09
0.04,0,0.04,0.05236,0.05236,-1.4397e-08,-6.3283e-08,-2.9682e-08,-1.9057e-08,1.0345e-08,2.7118e-08,2.6098e-08,-2.3376e-08,-5.6651e-09,-1.0397e-08,-3.7266e-08,-1.4645e-09
-0.04,0.04,0.04,0.05236,0.05236,-2.8562e-09,-7.7844e-08,-4.5299e-08,-2.6581e-08,1.4588e-08,1.4889e-08,2.9565e-08,-1.9402e-08,-1.2376e-09,-1.143e-08,-2.4753e-08,-1.9959e-09
0,0.04,0.04,0.05236,0.05236,-7.4711e-09,-7.1881e-08,-3.8755e-08,-2.5542e-08,1.2534e-08,1.9565e-08,2.7116e-08,-2.0028e-08,-1.321e-09,-1.0772e-08,-2.9238e-08,-7.781e-10
0.04,0.04,0.04,0.05236,0.05236,-1.309e-08,-6.6329e-08,-3.2114e-08,-2.3675e-08,1.0568e-08,2.4029e-08,2.4948e-08,-2.0368e-08,-1.1443e-09,-9.4432e-09,-3.5178e-08,-1.6951e-11
0,0,0.08,0.05236,0.05236,-5.661e-09,-8.2997e-08,-3.2038e-08,-1.5186e-08,1.7644e-08,1.9975e-08,2.3878e-08,-1.8785e-08,-9.2261e-09,-6.5225e-09,-2.9433e-08,3.0233e-09
0,0,-0.08,0.10472,0.05236,-1.0116e-08,-4.0865e-08,-4.3287e-08,-2.6754e-08,-3.3983e-09,2.6186e-08,4.5086e-08,-3.2586e-08,1.6544e-09,-2.584e-08,-2.8624e-08,-1.7139e-08
-0.04,-0.04,-0.04,0.10472,0.05236,-5.4862e-09,-4.7979e-08,-4.3378e-08,-2.0551e-08,1.9682e-09,2.0775e-08,4.8296e-08,-3.5371e-08,-2.89e-09,-1.7365e-08,-2.6282e-08,-2.2757e-08
0,-0.04,-0.04,0.10472,0.05236,-1.0021e-08,-4.6139e-08,-3.6796e-08,-1.9842e-08,2.6628e-09,2.9588e-08,4.2845e-08,-3.7181e-08,-3.3182e-09,-1.8481e-08,-3.1524e-08,-1.8233e-08
0.04,-0.04,-0.04,0.10472,0.05236,-1.609e-08,-4.304e-08,-3.029e-08,-1.9041e-08,2.4513e-09,3.8022e-08,3.7527e-08,-3.8291e-08,-3.7619e-09,-1.9325e-08,-3.8799e-08,-1.4496e-08
-0.04,0,-0.04,0.10472,0.05236,-5.5999e-09,-5.0735e-08,-5.0573e-08,-2.5593e-08,1.2151e-09,1.7753e-08,4.4498e-08,-2.9784e-08,-6.404e-10,-1.9266e-08,-2.5372e-08,-1.6822e-08
0,0,-0.04,0.10472,0.05236,-1.0009e-08,-4.826e-08,-4.1556e-08,-2.4777e-08,1.9197e-09,2.5032e-08,3.9411e-08,-3.0765e-08,-2.977e-10,-2.0482e-08,-3.0579e-08,-1.3845e-08
0.04,0,-0.04,0.10472,0.05236,-1.5305e-08,-4.5459e-08,-3.4454e-08,-2.3423e-08,2.2163e-09,3.3109e-08,3.493e-08,-3.1807e-08,-5.7167e-10,-2.1107e-08,-3.6791e-08,-1.1506e-08
-0.04,0.04,-0.04,0.10472,0.05236,-5.48e-09,-5.2367e-08,-5.7081e-08,-3.2075e-08,-2.4273e-12,1.3707e-08,4.1044e-08,-2.4798e-08,2.1558e-09,-2.1093e-08,-2.3973e-08,-1.2713e-08
0,0.04,-0.04,0.10472,0.05236,-9.4044e-09,-4.9884e-08,-4.6909e-08,-3.0807e-08,1.1625e-09,2.0035e-08,3.6496e-08,-2.5872e-08,3.1784e-09,-2.1921e-08,-2.8452e-08,-1.0604e-08
0.04,0.04,-0.04,0.10472,0.05236,-1.3865e-08,-4.6619e-08,-3.8009e-08,-2.8955e-08,1.6836e-09,2.7944e-08,3.2649e-08,-2.6305e-08,4.1959e-09,-2.2971e-08,-3.404e-08,-8.6666e-09
0,-0.08,0,0.10472,0.05236,-8.8989e-09,-4.9769e-08,-3.0414e-08,-1.4178e-08,7.8486e-09,2.9302e-08,3.7538e-08,-3.9474e-08,-8.0756e-09,-1.3048e-08,-3.3574e-08,-1.8725e-08
-0.04,-0.04,0,0.10472,0.05236,-3.618e-09,-5.7495e-08,-4.0484e-08,-1.7984e-08,8.9861e-09,2.0209e-08,3.9688e-08,-3.1633e-08,-5.1855e-09,-1.3647e-08,-2.7051e-08,-1.8105e-08
0,-0.04,0,0.10472,0.05236,-9.5338e-09,-5.3963e-08,-3.4486e-08,-1.7193e-08,7.9313e-09,2.6446e-08,3.6159e-08,-3.2984e-08,-6.0679e-09,-1.3865e-08,-3.2582e-08,-1.401e-08
0.04,-0.04,0,0.10472,0.05236,-1.6518e-08,-4.9977e-08,-2.8776e-08,-1.6399e-08,6.8761e-09,3.3741e-08,3.2292e-08,-3.4199e-08,-6.9177e-09,-1.4004e-08,-3.9239e-08,-1.0736e-08
-0.08,0,0,0.10472,0.05236,-3.4256e-10,-6.2597e-08,-5.3219e-08,-2.3173e-08,9.7791e-09,1.1972e-08,4.148e-08,-2.535e-08,-2.957e-09,-1.4126e-08,-2.1751e-08,-1.572e-08
-0.04,0,0,0.10472,0.05236,-4.3158e-09,-6.0799e-08,-4.6074e-08,-2.2364e-08,8.5903e-09,1.7303e-08,3.7662e-08,-2.6762e-08,-3.0659e-09,-1.4428e-08,-2.5884e-08,-1.3005e-08
0,0,0,0.10472,0.05236,-9.5089e-09,-5.7267e-08,-3.9042e-08,-2.1439e-08,7.5031e-09,2.3359e-08,3.4274e-08,-2.7795e-08,-3.3373e-09,-1.4926e-08,-3.1224e-08,-1.0207e-08
0.04,0,0,0.10472,0.05236,-1.5517e-08,-5.3407e-08,-3.253e-08,-2.0562e-08,6.5797e-09,2.9496e-08,3.0807e-08,-2.8525e-08,-3.8128e-09,-1.4746e-08,-3.7715e-08,-8.0148e-09
0.08,0,0,0.10472,0.05236,-2.2168e-08,-4.8544e-08,-2.6322e-08,-1.9415e-08,5.8774e-09,3.644e-08,2.7452e-08,-2.9265e-08,-4.5308e-09,-1.3756e-08,-4.6643e-08,-5.9865e-09
-0.04,0.04,0,0.10472,0.05236,-4.9311e-09,-6.3368e-08,-5.1591e-08,-2.7977e-08,7.9953e-09,1.4161e-08,3.5254e-08,-2.2863e-08,-4.101e-10,-1.5351e-08,-2.4645e-08,-9.0342e-09
0,0.04,0,0.10472,0.05236,-8.8714e-09,-5.9759e-08,-4.3579e-08,-2.6976e-08,7.1074e-09,1.9434e-08,3.1916e-08,-2.3465e-08,2.6687e-10,-1.5285e-08,-2.9346e-08,-7.3976e-09
0.04,0.04,0,0.10472,0.05236,-1.3847e-08,-5.4475e-08,-3.5242e-08,-2.5462e-08,6.2142e-09,2.4701e-08,2.8727e-08,-2.4186e-08,8.6774e-10,-1.497e-08,-3.5306e-08,-5.5845e-09
0,0.08,0,0.10472,0.05236,-8.2296e-09,-6.0323e-08,-4.7721e-08,-3.4616e-08,6.8133e-09,1.554e-08,2.9531e-08,-2.0049e-08,4.7126e-09,-1.5891e-08,-2.7565e-08,-4.8049e-09
-0.04,-0.04,0.04,0.10472,0.05236,-1.5403e-09,-6.7532e-08,-3.7037e-08,-1.4304e-08,1.5716e-08,1.8795e-08,3.2803e-08,-2.7125e-08,-8.1335e-09,-1.0061e-08,-2.6855e-08,-1.1808e-08
0,-0.04,0.04,0.10472,0.05236,-7.9498e-09,-6.4064e-08,-3.2289e-08,-1.3624e-08,1.3243e-08,2.4086e-08,3.0288e-08,-2.8391e-08,-9.2574e-09,-9.6138e-09,-3.2307e-08,-8.3204e-09
0.04,-0.04,0.04,0.10472,0.05236,-1.6364e-08,-5.8493e-08,-2.7417e-08,-1.3267e-08,1.0874e-08,2.9447e-08,2.7385e-08,-2.915e-08,-1.0958e-08,-9.3119e-09,-3.8814e-08,-5.8231e-09
-0.04,0,0.04,0.10472,0.05236,-2.3183e-09,-7.2976e-08,-4.1462e-08,-1.7885e-08,1.5825e-08,1.6445e-08,3.121e-08,-2.3358e-08,-6.1858e-09,-1.0237e-08,-2.5768e-08,-7.6426e-09
0,0,0.04,0.10472,0.05236,-8.0677e-09,-6.8342e-08,-3.6062e-08,-1.767e-08,1.3007e-08,2.1469e-08,2.9103e-08,-2.4144e-08,-6.7772e-09,-9.5458e-09,-3.0384e-08,-5.0353e-09
0.04,0,0.04,0.10472,0.05236,-1.5018e-08,-6.2315e-08,-3.006e-08,-1.6332e-08,1.0922e-08,2.6122e-08,2.6554e-08,-2.497e-08,-7.9743e-09,-8.7221e-09,-3.6704e-08,-3.5797e-09
-0.04,0.04,0.04,0.10472,0.05236,-3.3156e-09,-7.6761e-08,-4.6117e-08,-2.2785e-08,1.5794e-08,1.4034e-08,2.9802e-08,-2.042e-08,-3.3597e-09,-1.045e-08,-2.4496e-08,-4.281e-09
0,0.04,0.04,0.10472,0.05236,-7.7737e-09,-7.1807e-08,-3.9501e-08,-2.1657e-08,1.2988e-08,1.8422e-08,2.7446e-08,-2.087e-08,-3.2752e-09,-9.395e-09,-2.91e-08,-2.8576e-09
0.04,0.04,0.04,0.10472,0.05236,-1.3747e-08,-6.5342e-08,-3.27e-08,-2.0905e-08,1.1152e-08,2.2575e-08,2.5034e-08,-2.1203e-08,-3.4216e-09,-8.1509e-09,-3.4964e-08,-1.8744e-09
0,0,0.08,0.10472,0.05236,-6.0813e-09,-8.2533e-08,-3.2604e-08,-1.1751e-08,1.7958e-08,1.9496e-08,2.4452e-08,-2.002e-08,-1.1599e-08,-5.368e-09,-2.9411e-08,7.3692e-10
0,0,-0.08,0.15708,0.05236,-1.0036e-08,-4.0425e-08,-4.5504e-08,-2.494e-08,-2.4709e-09,2.4226e-08,4.504e-08,-3.3013e-08,1.2201e-10,-2.5103e-08,-2.777e-08,-1.8519e-08
-0.04,-0.04,-0.04,0.15708,0.05236,-5.0678e-09,-4.7567e-08,-4.5154e-08,-1.8535e-08,3.622e-09,1.9981e-08,4.8529e-08,-3.5929e-08,-4.1177e-09,-1.6691e-08,-2.5937e-08,-2.4786e-08
0,-0.04,-0.04,0.15708,0.05236,-1.0065e-08,-4.5229e-08,-3.7966e-08,-1.7819e-08,3.6e-09,2.7665e-08,4.2729e-08,-3.7597e-08,-4.6874e-09,-1.7388e-08,-3.1469e-08,-2.0404e-08
0.04,-0.04,-0.04,0.15708,0.05236,-1.617e-08,-4.1931e-08,-3.109e-08,-1.7137e-08,3.6765e-09,3.6396e-08,3.7336e-08,-3.9336e-08,-5.2975e-09,-1.8174e-08,-3.8136e-08,-1.6446e-08
-0.04,0,-0.04,0.15708,0.05236,-5.659e-09,-5.0093e-08,-5.2236e-08,-2.3217e-08,2.2216e-09,1.6438e-08,4.479e-08,-2.9978e-08,-2.124e-09,-1.8509e-08,-2.4822e-08,-1.9245e-08
0,0,-0.04,0.15708,0.05236,-1.0035e-08,-4.7612e-08,-4.2671e-08,-2.2412e-08,2.9063e-09,2.3487e-08,3.9771e-08,-3.1438e-08,-2.0855e-09,-1.9457e-08,-3.0029e-08,-1.6082e-08
0.04,0,-0.04,0.15708,0.05236,-1.5557e-08,-4.4607e-08,-3.5165e-08,-2.1542e-08,2.9706e-09,3.1724e-08,3.4742e-08,-3.2625e-08,-2.007e-09,-1.9527e-08,-3.6252e-08,-1.3334e-08
-0.04,0.04,-0.04,0.15708,0.05236,-5.7114e-09,-5.1914e-08,-5.9115e-08,-2.9356e-08,1.3263e-09,1.2546e-08,4.0537e-08,-2.5382e-08,7.2941e-10,-2.0151e-08,-2.3703e-08,-1.4844e-08
0,0.04,-0.04,0.15708,0.05236,-9.6735e-09,-4.9676e-08,-4.8408e-08,-2.8155e-08,2.0451e-09,1.8615e-08,3.6282e-08,-2.6331e-08,1.1755e-09,-2.0743e-08,-2.8247e-08,-1.2534e-08
0.04,0.04,-0.04,0.15708,0.05236,-1.4064e-08,-4.6469e-08,-3.8669e-08,-2.6149e-08,2.2933e-09,2.5392e-08,3.2352e-08,-2.7098e-08,2.0161e-09,-2.0941e-08,-3.3923e-08,-1.0369e-08
0,-0.08,0,0.15708,0.05236,-8.8518e-09,-4.8503e-08,-3.1045e-08,-1.2329e-08,9.0123e-09,2.8564e-08,3.8016e-08,-4.1094e-08,-9.2168e-09,-1.2112e-08,-3.3341e-08,-2.1527e-08
-0.04,-0.04,0,0.15708,0.05236,-3.4806e-09,-5.5526e-08,-4.2064e-08,-1.5534e-08,1.0491e-08,1.8912e-08,4.0405e-08,-3.2389e-08,-6.7249e-09,-1.2767e-08,-2.6794e-08,-2.1121e-08
0,-0.04,0,0.15708,0.05236,-9.6611e-09,-5.2981e-08,-3.524e-08,-1.5324e-08,8.8755e-09,2.5845e-08,3.6079e-08,-3.4304e-08,-7.5707e-09,-1.2784e-08,-3.2029e-08,-1.6352e-08
0.04,-0.04,0,0.15708,0.05236,-1.663e-08,-4.9063e-08,-2.9837e-08,-1.432e-08,7.9143e-09,3.2331e-08,3.2795e-08,-3.5237e-08,-8.8017e-09,-1.271e-08,-3.9002e-08,-1.2871e-08
-0.08,0,0,0.15708,0.05236,-4.5141e-10,-6.17e-08,-5.4659e-08,-2.0454e-08,1.107e-08,1.092e-08,4.1543e-08,-2.6459e-08,-4.351e-09,-1.3279e-08,-2.1349e-08,-1.8426e-08
-0.04,0,0,0.15708,0.05236,-4.4587e-09,-5.9613e-08,-4.6822e-08,-1.9367e-08,9.6341e-09,1.6284e-08,3.7826e-08,-2.7926e-08,-4.5041e-09,-1.3441e-08,-2.5722e-08,-1.571e-08
0,0,0,0.15708,0.05236,-9.5673e-09,-5.6997e-08,-4.003e-08,-1.919e-08,8.2765e-09,2.2085e-08,3.3997e-08,-2.8801e-08,-5.0937e-09,-1.352e-08,-3.0759e-08,-1.2255e-08
0.04,0,0,0.15708,0.05236,-1.601e-08,-5.2637e-08,-3.3064e-08,-1.8111e-08,7.0363e-09,2.787e-08,3.0988e-08,-2.972e-08,-5.8235e-09,-1.3024e-08,-3.7284e-08,-9.8365e-09
0.08,0,0,0.15708,0.05236,-2.2678e-08,-4.7735e-08,-2.6955e-08,-1.7011e-08,6.4615e-09,3.4566e-08,2.7378e-08,-3.0062e-08,-6.5829e-09,-1.2174e-08,-4.561e-08,-7.3543e-09
-0.04,0.04,0,0.15708,0.05236,-4.9419e-09,-6.2997e-08,-5.2829e-08,-2.5298e-08,8.6084e-09,1.3553e-08,3.547e-08,-2.3389e-08,-1.9e-09,-1.4202e-08,-2.4557e-08,-1.1297e-08
0,0.04,0,0.15708,0.05236,-9.3382e-09,-5.9477e-08,-4.4011e-08,-2.3756e-08,7.7037e-09,1.7841e-08,3.1965e-08,-2.4417e-08,-1.6866e-09,-1.4195e-08,-2.9079e-08,-8.9243e-09
0.04,0.04,0,0.15708,0.05236,-1.4453e-08,-5.4898e-08,-3.612e-08,-2.2849e-08,6.7133e-09,2.3808e-08,2.862e-08,-2.5146e-08,-1.6341e-09,-1.3275e-08,-3.5112e-08,-7.3075e-09
0,0.08,0,0.15708,0.05236,-8.6227e-09,-5.9867e-08,-4.7738e-08,-3.1011e-08,6.9707e-09,1.4679e-08,2.9112e-08,-2.0673e-08,2.3278e-09,-1.4338e-08,-2.7215e-08,-6.5103e-09
-0.04,-0.04,0.04,0.15708,0.05236,-1.4297e-09,-6.6701e-08,-3.7626e-08,-1.1647e-08,1.697e-08,1.8017e-08,3.3132e-08,-2.8338e-08,-9.8679e-09,-9.1051e-09,-2.6597e-08,-1.5093e-08
0,-0.04,0.04,0.15708,0.05236,-8.3281e-09,-6.2404e-08,-3.2848e-08,-1.1437e-08,1.3949e-08,2.3238e-08,3.0568e-08,-2.9691e-08,-1.1244e-08,-8.7296e-09,-3.1947e-08,-1.1262e-08
0.04,-0.04,0.04,0.15708,0.05236,-1.639e-08,-5.7469e-08,-2.7953e-08,-1.0729e-08,1.1618e-08,2.8446e-08,2.786e-08,-3.0306e-08,-1.275e-08,-7.7299e-09,-3.8155e-08,-8.006e-09
-0.04,0,0.04,0.15708,0.05236,-2.663e-09,-7.2125e-08,-4.2541e-08,-1.4977e-08,1.7256e-08,1.5652e-08,3.2012e-08,-2.444e-08,-7.8762e-09,-9.1094e-09,-2.5353e-08,-1.0214e-08
0,0,0.04,0.15708,0.05236,-8.6604e-09,-6.7353e-08,-3.6648e-08,-1.4294e-08,1.4104e-08,2.0398e-08,2.9555e-08,-2.546e-08,-8.713e-09,-8.3448e-09,-3.0573e-08,-7.2589e-09
0.04,0,0.04,0.15708,0.05236,-1.5335e-08,-6.152e-08,-3.0964e-08,-1.3974e-08,1.1466e-08,2.5439e-08,2.6624e-08,-2.6045e-08,-1.0123e-08,-7.4467e-09,-3.6661e-08,-5.3212e-09
-0.04,0.04,0.04,0.15708,0.05236,-3.1698e-09,-7.607e-08,-4.6888e-08,-1.911e-08,1.6508e-08,1.3153e-08,3.0029e-08,-2.108e-08,-5.4066e-09,-9.1761e-09,-2.4288e-08,-6.6871e-09
0,0.04,0.04,0.15708,0.05236,-8.0851e-09,-7.1291e-08,-4.023e-08,-1.8157e-08,1.3403e-08,1.7427e-08,2.7549e-08,-2.1645e-08,-5.8673e-09,-8.2261e-09,-2.8812e-08,-4.9937e-09
0.04,0.04,0.04,0.15708,0.05236,-1.4038e-08,-6.4637e-08,-3.3053e-08,-1.728e-08,1.1524e-08,2.1551e-08,2.5262e-08,-2.2438e-08,-6.7376e-09,-6.2489e-09,-3.4611e-08,-3.6291e-09
0,0,0.08,0.15708,0.05236,-6.2825e-09,-8.1626e-08,-3.3292e-08,-8.7957e-09,1.8999e-08,1.8578e-08,2.457e-08,-2.1523e-08,-1.3295e-08,-4.2165e-09,-2.9227e-08,-2.1153e-09
0,0,-0.08,0.05236,0.10472,-9.9604e-09,-4.1508e-08,-4.241e-08,-2.8877e-08,-4.3122e-09,2.8596e-08,4.5516e-08,-3.2147e-08,3.2832e-09,-2.6763e-08,-2.8872e-08,-1.487e-08
-0.04,-0.04,-0.04,0.05236,0.10472,-5.1641e-09,-4.8732e-08,-4.2117e-08,-2.2425e-08,8.8807e-10,2.2181e-08,4.7619e-08,-3.4781e-08,-1.5522e-09,-1.8187e-08,-2.656e-08,-1.9633e-08
0,-0.04,-0.04,0.05236,0.10472,-1.0087e-08,-4.6961e-08,-3.5168e-08,-2.1876e-08,1.6379e-09,2.9984e-08,4.235e-08,-3.6207e-08,-1.5283e-09,-1.9549e-08,-3.2226e-08,-1.6019e-08
0.04,-0.04,-0.04,0.05236,0.10472,-1.5813e-08,-4.3711e-08,-2.8581e-08,-2.0587e-08,1.6498e-09,3.9349e-08,3.6951e-08,-3.7249e-08,-1.944e-09,-2.035e-08,-3.9338e-08,-1.2807e-08
-0.04,0,-0.04,0.05236,0.10472,-5.5814e-09,-5.104e-08,-4.8987e-08,-2.81e-08,-9.9727e-11,1.8792e-08,4.488e-08,-2.8808e-08,1.0312e-09,-1.9987e-08,-2.537e-08,-1.4792e-08
0,0,-0.04,0.05236,0.10472,-9.7947e-09,-4.8908e-08,-4.0555e-08,-2.6804e-08,1.2164e-09,2.6599e-08,3.9856e-08,-3.0006e-08,1.269e-09,-2.1633e-08,-3.0491e-08,-1.1894e-08
0.04,0,-0.04,0.05236,0.10472,-1.4913e-08,-4.5566e-08,-3.3226e-08,-2.5307e-08,1.5757e-09,3.4278e-08,3.4775e-08,-3.0933e-08,1.4833e-09,-2.2775e-08,-3.742e-08,-9.3766e-09
-0.04,0.04,-0.04,0.05236,0.10472,-5.4427e-09,-5.2582e-08,-5.5801e-08,-3.506e-08,-7.3732e-10,1.5316e-08,4.1125e-08,-2.442e-08,3.9442e-09,-2.2114e-08,-2.4438e-08,-1.0448e-08
0,0.04,-0.04,0.05236,0.10472,-9.3617e-09,-4.9704e-08,-4.5861e-08,-3.3624e-08,4.9257e-10,2.1393e-08,3.6694e-08,-2.5154e-08,5.199e-09,-2.3577e-08,-2.9172e-08,-8.616e-09
0.04,0.04,-0.04,0.05236,0.10472,-1.3353e-08,-4.7536e-08,-3.6875e-08,-3.1764e-08,1.4046e-09,2.9222e-08,3.253e-08,-2.6002e-08,6.219e-09,-2.4292e-08,-3.498e-08,-7.105e-09
0,-0.08,0,0.05236,0.10472,-9.3421e-09,-5.0837e-08,-2.9159e-08,-1.5925e-08,6.9175e-09,3.0329e-08,3.679e-08,-3.7726e-08,-6.6483e-09,-1.3909e-08,-3.3573e-08,-1.6398e-08
-0.04,-0.04,0,0.05236,0.10472,-4.0771e-09,-5.7771e-08,-3.8909e-08,-2.0133e-08,7.4792e-09,2.0587e-08,3.9555e-08,-3.0478e-08,-3.8472e-09,-1.4497e-08,-2.6986e-08,-1.5393e-08
0,-0.04,0,0.05236,0.10472,-9.6623e-09,-5.4708e-08,-3.3628e-08,-1.952e-08,6.591e-09,2.7287e-08,3.581e-08,-3.1762e-08,-4.3053e-09,-1.4831e-08,-3.2562e-08,-1.1873e-08
0.04,-0.04,0,0.05236,0.10472,-1.6079e-08,-5.0861e-08,-2.8104e-08,-1.8391e-08,6.1986e-09,3.4689e-08,3.1927e-08,-3.2495e-08,-4.8294e-09,-1.5134e-08,-4.0226e-08,-8.6919e-09
-0.08,0,0,0.05236,0.10472,-4.2264e-10,-6.3469e-08,-5.1917e-08,-2.5494e-08,8.3947e-09,1.2741e-08,4.1067e-08,-2.4671e-08,-1.6413e-09,-1.5011e-08,-2.1704e-08,-1.2587e-08
-0.04,0,0,0.05236,0.10472,-4.5171e-09,-6.1422e-08,-4.5064e-08,-2.478e-08,7.3653e-09,1.8326e-08,3.7765e-08,-2.5846e-08,-1.4776e-09,-1.5692e-08,-2.6198e-08,-1.0233e-08
0,0,0,0.05236,0.10472,-9.0936e-09,-5.7549e-08,-3.8327e-08,-2.4039e-08,6.4789e-09,2.4137e-08,3.4251e-08,-2.684e-08,-1.4159e-09,-1.5933e-08,-3.1538e-08,-7.8241e-09
0.04,0,0,0.05236,0.10472,-1.5015e-08,-5.4072e-08,-3.1493e-08,-2.2786e-08,6.0708e-09,3.0788e-08,3.0519e-08,-2.7373e-08,-1.4678e-09,-1.5915e-08,-3.7936e-08,-5.9686e-09
0.08,0,0,0.05236,0.10472,-2.191e-08,-4.8809e-08,-2.5558e-08,-2.1438e-08,5.3846e-09,3.7345e-08,2.7265e-08,-2.8013e-08,-1.8245e-09,-1.5796e-08,-4.6588e-08,-4.1724e-09
-0.04,0.04,0,0.05236,0.10472,-4.5789e-09,-6.3049e-08,-5.0378e-08,-3.1477e-08,7.0817e-09,1.5049e-08,3.5341e-08,-2.2135e-08,1.6015e-09,-1.644e-08,-2.4905e-08,-6.7143e-09
0,0.04,0,0.05236,0.10472,-8.6247e-09,-6.0179e-08,-4.2356e-08,-2.9861e-08,6.6476e-09,2.0402e-08,3.18e-08,-2.2896e-08,2.5891e-09,-1.7018e-08,-2.9807e-08,-5.0331e-09
0.04,0.04,0,0.05236,0.10472,-1.3583e-08,-5.5517e-08,-3.5118e-08,-2.8183e-08,5.7006e-09,2.6315e-08,2.8701e-08,-2.3493e-08,2.8961e-09,-1.6798e-08,-3.5887e-08,-3.7965e-09
0,0.08,0,0.05236,0.10472,-7.8488e-09,-6.0094e-08,-4.6771e-08,-3.7698e-08,6.4461e-09,1.6763e-08,2.9431e-08,-1.9556e-08,6.7877e-09,-1.7744e-08,-2.781e-08,-2.8992e-09
-0.04,-0.04,0.04,0.05236,0.10472,-1.962e-09,-6.8927e-08,-3.6219e-08,-1.6634e-08,1.4286e-08,1.927e-08,3.1793e-08,-2.5987e-08,-6.5956e-09,-1.0734e-08,-2.6922e-08,-8.4562e-09
0,-0.04,0.04,0.05236,0.10472,-8.1638e-09,-6.4366e-08,-3.1232e-08,-1.6038e-08,1.1942e-08,2.4683e-08,2.9967e-08,-2.676e-08,-7.7254e-09,-1.0824e-08,-3.2073e-08,-5.3202e-09
0.04,-0.04,0.04,0.05236,0.10472,-1.6012e-08,-5.939e-08,-2.6664e-08,-1.5537e-08,1.0075e-08,3.0261e-08,2.7216e-08,-2.7539e-08,-8.7532e-09,-1.0382e-08,-3.8699e-08,-3.3787e-09
-0.04,0,0.04,0.05236,0.10472,-2.6168e-09,-7.4033e-08,-4.0579e-08,-2.0978e-08,1.4499e-08,1.7226e-08,3.1534e-08,-2.2468e-08,-4.5042e-09,-1.1327e-08,-2.5926e-08,-4.5848e-09
0,0,0.04,0.05236,0.10472,-8.1056e-09,-6.9233e-08,-3.5123e-08,-2.0039e-08,1.2238e-08,2.2133e-08,2.8624e-08,-2.2773e-08,-4.8087e-09,-1.0902e-08,-3.099e-08,-2.7481e-09
0.04,0,0.04,0.05236,0.10472,-1.4838e-08,-6.3005e-08,-2.9489e-08,-1.9045e-08,1.0479e-08,2.6994e-08,2.6254e-08,-2.3478e-08,-5.4306e-09,-1.0155e-08,-3.7035e-08,-1.5086e-09
-0.04,0.04,0.04,0.05236,0.10472,-3.0922e-09,-7.7376e-08,-4.5235e-08,-2.6418e-08,1.506e-08,1.4944e-08,2.9726e-08,-1.9409e-08,-1.3167e-09,-1.1595e-08,-2.4522e-08,-1.7045e-09
0,0.04,0.04,0.05236,0.10472,-7.7818e-09,-7.2335e-08,-3.8671e-08,-2.5465e-08,1.2495e-08,1.9389e-08,2.7515e-08,-1.9749e-08,-1.0953e-09,-1.0992e-08,-2.9389e-08,-6.8144e-10
0.04,0.04,0.04,0.05236,0.10472,-1.333e-08,-6.6057e-08,-3.2672e-08,-2.3837e-08,1.0785e-08,2.413e-08,2.4967e-08,-2.0249e-08,-1.0044e-09,-9.7943e-09,-3.5524e-08,2.9446e-10
0,0,0.08,0.05236,0.10472,-5.9003e-09,-8.2743e-08,-3.2007e-08,-1.4851e-08,1.7627e-08,2.0222e-08,2.3911e-08,-1.897e-08,-9.1835e-09,-6.5645e-09,-2.9251e-08,3.236e-09
0,0,-0.08,0.10472,0.10472,-1.022e-08,-4.1014e-08,-4.3943e-08,-2.6765e-08,-3.2658e-09,2.54e-08,4.547e-08,-3.2461e-08,1.8482e-09,-2.6008e-08,-2.8377e-08,-1.6804e-08
-0.04,-0.04,-0.04,0.10472,0.10472,-5.5188e-09,-4.8001e-08,-4.3745e-08,-2.0572e-08,2.384e-09,2.0793e-08,4.8085e-08,-3.5145e-08,-2.9228e-09,-1.7403e-08,-2.6315e-08,-2.2486e-08
0,-0.04,-0.04,0.10472,0.10472,-1.0228e-08,-4.5933e-08,-3.6885e-08,-1.9897e-08,2.4919e-09,2.9012e-08,4.2659e-08,-3.71e-08,-3.049e-09,-1.8356e-08,-3.1666e-08,-1.8214e-08
0.04,-0.04,-0.04,0.10472,0.10472,-1.5931e-08,-4.275e-08,-3.0322e-08,-1.9196e-08,2.8336e-09,3.7532e-08,3.7198e-08,-3.8447e-08,-3.6455e-09,-1.9443e-08,-3.869e-08,-1.4136e-08
-0.04,0,-0.04,0.10472,0.10472,-5.6512e-09,-5.0692e-08,-5.0706e-08,-2.5662e-08,1.5674e-09,1.749e-08,4.467e-08,-2.9481e-08,-6.0921e-10,-1.9427e-08,-2.5342e-08,-1.6872e-08
0,0,-0.04,0.10472,0.10472,-1.0068e-08,-4.8183e-08,-4.2269e-08,-2.465e-08,2.2108e-09,2.4481e-08,3.965e-08,-3.0641e-08,-3.8028e-10,-2.0079e-08,-3.0296e-08,-1.3819e-08
0.04,0,-0.04,0.10472,0.10472,-1.5262e-08,-4.4913e-08,-3.3922e-08,-2.3144e-08,2.3643e-09,3.2919e-08,3.4919e-08,-3.1801e-08,-4.8448e-10,-2.1034e-08,-3.6522e-08,-1.1258e-08
-0.04,0.04,-0.04,0.10472,0.10472,-5.6048e-09,-5.2156e-08,-5.7471e-08,-3.2051e-08,2.0103e-10,1.33e-08,4.1046e-08,-2.4824e-08,2.2787e-09,-2.1389e-08,-2.39e-08,-1.2514e-08
0,0.04,-0.04,0.10472,0.10472,-9.7115e-09,-4.985e-08,-4.78e-08,-3.0866e-08,1.399e-09,2.0375e-08,3.636e-08,-2.5655e-08,3.1926e-09,-2.2546e-08,-2.8476e-08,-1.0692e-08
0.04,0.04,-0.04,0.10472,0.10472,-1.3941e-08,-4.6653e-08,-3.8263e-08,-2.9181e-08,1.6002e-09,2.704e-08,3.2451e-08,-2.655e-08,3.874e-09,-2.2874e-08,-3.4626e-08,-8.4523e-09
0,-0.08,0,0.10472,0.10472,-9.3464e-09,-4.9499e-08,-3.0259e-08,-1.4042e-08,8.2147e-09,2.9533e-08,3.6932e-08,-3.951e-08,-8.1163e-09,-1.3062e-08,-3.3735e-08,-1.8836e-08
-0.04,-0.04,0,0.10472,0.10472,-3.9379e-09,-5.6903e-08,-4.0823e-08,-1.7717e-08,9.3887e-09,1.981e-08,4.0563e-08,-3.1262e-08,-5.3095e-09,-1.3804e-08,-2.6955e-08,-1.7918e-08
0,-0.04,0,0.10472,0.10472,-9.7818e-09,-5.4111e-08,-3.4691e-08,-1.721e-08,8.0918e-09,2.6688e-08,3.6051e-08,-3.3263e-08,-5.9218e-09,-1.4105e-08,-3.2395e-08,-1.3849e-08
0.04,-0.04,0,0.10472,0.10472,-1.6709e-08,-5.0361e-08,-2.8946e-08,-1.6561e-08,7.0554e-09,3.3447e-08,3.2606e-08,-3.407e-08,-6.8569e-09,-1.3974e-08,-3.9625e-08,-1.0802e-08
-0.08,0,0,0.10472,0.10472,-6.6536e-10,-6.2342e-08,-5.3406e-08,-2.2782e-08,1.0238e-08,1.1923e-08,4.1133e-08,-2.5622e-08,-2.944e-09,-1.4246e-08,-2.1808e-08,-1.5818e-08
-0.04,0,0,0.10472,0.10472,-4.7346e-09,-6.1003e-08,-4.6277e-08,-2.244e-08,8.9458e-09,1.6954e-08,3.7856e-08,-2.6896e-08,-2.9595e-09,-1.4687e-08,-2.5681e-08,-1.2563e-08
0,0,0,0.10472,0.10472,-9.9081e-09,-5.7114e-08,-3.9264e-08,-2.1071e-08,7.785e-09,2.3135e-08,3.4106e-08,-2.8001e-08,-3.0746e-09,-1.497e-08,-3.0766e-08,-9.8867e-09
0.04,0,0,0.10472,0.10472,-1.5504e-08,-5.3295e-08,-3.25e-08,-2.0336e-08,6.7384e-09,2.9611e-08,3.0577e-08,-2.8858e-08,-3.5429e-09,-1.4732e-08,-3.7436e-08,-7.8334e-09
0.08,0,0,0.10472,0.10472,-2.2819e-08,-4.8028e-08,-2.6627e-08,-1.901e-08,6.2274e-09,3.5533e-08,2.7208e-08,-2.9274e-08,-4.2088e-09,-1.4063e-08,-4.5923e-08,-5.5579e-09
-0.04,0.04,0,0.10472,0.10472,-4.912e-09,-6.2709e-08,-5.1902e-08,-2.8297e-08,8.2811e-09,1.4099e-08,3.517e-08,-2.2982e-08,-1.6596e-10,-1.5531e-08,-2.471e-08,-8.8497e-09
0,0.04,0,0.10472,0.10472,-8.7946e-09,-5.9292e-08,-4.3569e-08,-2.6983e-08,7.4402e-09,1.9194e-08,3.1862e-08,-2.3641e-08,5.0459e-10,-1.5661e-08,-2.9123e-08,-7.1357e-09
0.04,0.04,0,0.10472,0.10472,-1.4175e-08,-5.4773e-08,-3.5721e-08,-2.5622e-08,6.6476e-09,2.4767e-08,2.8458e-08,-2.4276e-08,1.2576e-09,-1.5028e-08,-3.5384e-08,-5.4967e-09
0,0.08,0,0.10472,0.10472,-8.4491e-09,-6.0001e-08,-4.7273e-08,-3.4442e-08,6.9184e-09,1.5498e-08,2.945e-08,-2.0283e-08,5.2718e-09,-1.5863e-08,-2.7399e-08,-4.7173e-09
-0.04,-0.04,0.04,0.10472,0.10472,-1.6379e-09,-6.8123e-08,-3.6934e-08,-1.418e-08,1.5885e-08,1.8622e-08,3.2701e-08,-2.7376e-08,-8.2113e-09,-1.0034e-08,-2.6621e-08,-1.1277e-08
0,-0.04,0.04,0.10472,0.10472,-8.2483e-09,-6.3956e-08,-3.2667e-08,-1.3805e-08,1.3125e-08,2.3917e-08,2.9938e-08,-2.8158e-08,-9.3693e-09,-9.6881e-09,-3.2333e-08,-8.0107e-09
0.04,-0.04,0.04,0.10472,0.10472,-1.6456e-08,-5.821e-08,-2.7702e-08,-1.3307e-08,1.1258e-08,2.9541e-08,2.7502e-08,-2.9003e-08,-1.0842e-08,-9.2391e-09,-3.8578e-08,-5.5168e-09
-0.04,0,0.04,0.10472,0.10472,-3.0822e-09,-7.296e-08,-4.1642e-08,-1.7976e-08,1.638e-08,1.6409e-08,3.1172e-08,-2.329e-08,-6.3319e-09,-1.0301e-08,-2.6114e-08,-7.6687e-09
0,0,0.04,0.10472,0.10472,-8.6484e-09,-6.8483e-08,-3.5922e-08,-1.7108e-08,1.3336e-08,2.1032e-08,2.8982e-08,-2.432e-08,-6.6788e-09,-9.9023e-09,-3.1036e-08,-5.2986e-09
0.04,0,0.04,0.10472,0.10472,-1.5394e-08,-6.2223e-08,-3.0389e-08,-1.643e-08,1.1359e-08,2.6052e-08,2.6361e-08,-2.4976e-08,-7.73e-09,-9.0104e-09,-3.6944e-08,-3.4502e-09
-0.04,0.04,0.04,0.10472,0.10472,-3.4064e-09,-7.6845e-08,-4.6322e-08,-2.2787e-08,1.6141e-08,1.3749e-08,2.9705e-08,-2.0531e-08,-3.3746e-09,-1.071e-08,-2.4412e-08,-4.0717e-09
0,0.04,0.04,0.10472,0.10472,-8.049e-09,-7.189e-08,-3.9273e-08,-2.2104e-08,1.327e-08,1.8239e-08,2.7376e-08,-2.0933e-08,-3.4597e-09,-9.4228e-09,-2.9224e-08,-2.9653e-09
0.04,0.04,0.04,0.10472,0.10472,-1.3802e-08,-6.5597e-08,-3.2792e-08,-2.0583e-08,1.1333e-08,2.2577e-08,2.5086e-08,-2.1428e-08,-3.7185e-09,-8.4073e-09,-3.4671e-08,-1.7542e-09
0,0,0.08,0.10472,0.10472,-6.4302e-09,-8.1827e-08,-3.2891e-08,-1.1934e-08,1.8547e-08,1.9225e-08,2.4124e-08,-2.0162e-08,-1.1367e-08,-5.2437e-09,-2.9358e-08,7.4361e-10
0,0,-0.08,0.15708,0.10472,-1.0359e-08,-4.0738e-08,-4.5961e-08,-2.4617e-08,-2.1179e-09,2.4245e-08,4.4761e-08,-3.3203e-08,3.3933e-10,-2.5149e-08,-2.7883e-08,-1.8462e-08
-0.04,-0.04,-0.04,0.15708,0.10472,-5.3743e-09,-4.7043e-08,-4.5239e-08,-1.8614e-08,4.2419e-09,1.9478e-08,4.8296e-08,-3.6015e-08,-4.2859e-09,-1.6795e-08,-2.6126e-08,-2.5053e-08
0,-0.04,-0.04,0.15708,0.10472,-1.0435e-08,-4.4913e-08,-3.8293e-08,-1.7729e-08,4.194e-09,2.7148e-08,4.2885e-08,-3.7795e-08,-4.5438e-09,-1.7642e-08,-3.1192e-08,-2.0144e-08
0.04,-0.04,-0.04,0.15708,0.10472,-1.6773e-08,-4.1863e-08,-3.1618e-08,-1.709e-08,3.8246e-09,3.6888e-08,3.7384e-08,-3.9708e-08,-5.3161e-09,-1.8249e-08,-3.8088e-08,-1.6301e-08
-0.04,0,-0.04,0.15708,0.10472,-5.8236e-09,-5.0277e-08,-5.2251e-08,-2.3423e-08,2.7533e-09,1.5971e-08,4.5201e-08,-2.9952e-08,-1.9244e-09,-1.8467e-08,-2.4903e-08,-1.8946e-08
0,0,-0.04,0.15708,0.10472,-1.0405e-08,-4.7866e-08,-4.3914e-08,-2.2277e-08,3.0592e-09,2.3069e-08,3.986e-08,-3.1468e-08,-1.9948e-09,-1.9418e-08,-2.982e-08,-1.5742e-08
0.04,0,-0.04,0.15708,0.10472,-1.564e-08,-4.4669e-08,-3.5691e-08,-2.1119e-08,3.2881e-09,3.1112e-08,3.4919e-08,-3.2405e-08,-2.3479e-09,-1.9734e-08,-3.599e-08,-1.2791e-08
-0.04,0.04,-0.04,0.15708,0.10472,-5.9669e-09,-5.246e-08,-5.9147e-08,-2.9481e-08,1.6362e-09,1.2446e-08,4.0919e-08,-2.5402e-08,4.9624e-10,-2.0346e-08,-2.3348e-08,-1.4578e-08
0,0.04,-0.04,0.15708,0.10472,-1.0078e-08,-4.9418e-08,-4.8952e-08,-2.8183e-08,2.4714e-09,1.8361e-08,3.6437e-08,-2.655e-08,1.4935e-09,-2.0962e-08,-2.7937e-08,-1.2245e-08
0.04,0.04,-0.04,0.15708,0.10472,-1.4588e-08,-4.6044e-08,-3.9082e-08,-2.6503e-08,2.5495e-09,2.5537e-08,3.2327e-08,-2.7149e-08,1.9681e-09,-2.1741e-08,-3.3744e-08,-9.9727e-09
0,-0.08,0,0.15708,0.10472,-9.1594e-09,-4.8777e-08,-3.1836e-08,-1.2069e-08,9.4445e-09,2.8432e-08,3.7242e-08,-4.0931e-08,-9.2594e-09,-1.21e-08,-3.3353e-08,-2.116e-08
-0.04,-0.04,0,0.15708,0.10472,-3.753e-09,-5.5743e-08,-4.2027e-08,-1.5586e-08,1.0316e-08,1.8992e-08,4.0465e-08,-3.2728e-08,-6.7202e-09,-1.2919e-08,-2.6596e-08,-2.0965e-08
0,-0.04,0,0.15708,0.10472,-9.6884e-09,-5.272e-08,-3.5708e-08,-1.4811e-08,9.307e-09,2.5171e-08,3.5982e-08,-3.4108e-08,-7.58e-09,-1.2887e-08,-3.212e-08,-1.5757e-08
0.04,-0.04,0,0.15708,0.10472,-1.7154e-08,-4.9274e-08,-3.0136e-08,-1.4379e-08,8.0033e-09,3.2058e-08,3.2481e-08,-3.5535e-08,-8.6955e-09,-1.2884e-08,-3.9217e-08,-1.2464e-08
-0.08,0,0,0.15708,0.10472,-6.7101e-10,-6.218e-08,-5.4675e-08,-1.9965e-08,1.1528e-08,1.0722e-08,4.1929e-08,-2.6366e-08,-4.3578e-09,-1.3312e-08,-2.1503e-08,-1.8378e-08
-0.04,0,0,0.15708,0.10472,-4.554e-09,-5.9711e-08,-4.7224e-08,-1.9444e-08,1.0199e-08,1.5933e-08,3.7898e-08,-2.7942e-08,-4.6294e-09,-1.3819e-08,-2.5403e-08,-1.5212e-08
0,0,0,0.15708,0.10472,-9.9902e-09,-5.6309e-08,-4.0365e-08,-1.8807e-08,8.9022e-09,2.1804e-08,3.4368e-08,-2.878e-08,-5.0185e-09,-1.3751e-08,-3.0682e-08,-1.2155e-08
0.04,0,0,0.15708,0.10472,-1.5894e-08,-5.2169e-08,-3.3085e-08,-1.7738e-08,7.7627e-09,2.8116e-08,3.0551e-08,-2.9768e-08,-5.4455e-09,-1.3697e-08,-3.7043e-08,-9.3885e-09
0.08,0,0,0.15708,0.10472,-2.29e-08,-4.7816e-08,-2.7226e-08,-1.6841e-08,6.6007e-09,3.4709e-08,2.7345e-08,-3.0245e-08,-6.559e-09,-1.208e-08,-4.5872e-08,-7.2276e-09
-0.04,0.04,0,0.15708,0.10472,-4.9039e-09,-6.3118e-08,-5.3155e-08,-2.4868e-08,9.3365e-09,1.2614e-08,3.4944e-08,-2.3439e-08,-1.8273e-09,-1.4512e-08,-2.4122e-08,-1.0964e-08
0,0.04,0,0.15708,0.10472,-9.3862e-09,-5.9139e-08,-4.4338e-08,-2.405e-08,8.1914e-09,1.7956e-08,3.1771e-08,-2.4365e-08,-1.5598e-09,-1.4334e-08,-2.9123e-08,-9.0364e-09
0.04,0.04,0,0.15708,0.10472,-1.4437e-08,-5.4493e-08,-3.6333e-08,-2.28e-08,7.3331e-09,2.3493e-08,2.8644e-08,-2.5218e-08,-1.1688e-09,-1.3685e-08,-3.4577e-08,-7.1345e-09
0,0.08,0,0.15708,0.10472,-8.7942e-09,-6.0308e-08,-4.7705e-08,-3.1023e-08,7.4101e-09,1.4263e-08,2.9674e-08,-2.0847e-08,2.9947e-09,-1.505e-08,-2.7216e-08,-6.3242e-09
-0.04,-0.04,0.04,0.15708,0.10472,-1.95e-09,-6.6935e-08,-3.8208e-08,-1.149e-08,1.7455e-08,1.7795e-08,3.305e-08,-2.852e-08,-9.6156e-09,-9.3916e-09,-2.642e-08,-1.4695e-08
0,-0.04,0.04,0.15708,0.10472,-8.3263e-09,-6.239e-08,-3.3275e-08,-1.1052e-08,1.4465e-08,2.2838e-08,3.028e-08,-2.9646e-08,-1.0951e-08,-8.7259e-09,-3.1651e-08,-1.0409e-08
0.04,-0.04,0.04,0.15708,0.10472,-1.6957e-08,-5.7042e-08,-2.8146e-08,-1.0901e-08,1.2126e-08,2.8251e-08,2.7478e-08,-3.0663e-08,-1.2857e-08,-8.157e-09,-3.8377e-08,-7.7939e-09
-0.04,0,0.04,0.15708,0.10472,-3.1698e-09,-7.2445e-08,-4.3143e-08,-1.471e-08,1.7508e-08,1.5485e-08,3.1558e-08,-2.4253e-08,-7.8786e-09,-9.3831e-09,-2.5503e-08,-9.9024e-09
0,0,0.04,0.15708,0.10472,-8.6421e-09,-6.7393e-08,-3.6735e-08,-1.4213e-08,1.3978e-08,2.0063e-08,2.9015e-08,-2.5791e-08,-9.0527e-09,-8.6955e-09,-3.0447e-08,-7.3392e-09
0.04,0,0.04,0.15708,0.10472,-1.5719e-08,-6.1529e-08,-3.119e-08,-1.362e-08,1.1844e-08,2.5215e-08,2.6522e-08,-2.6012e-08,-1.022e-08,-7.7363e-09,-3.683e-08,-5.4169e-09
-0.04,0.04,0.04,0.15708,0.10472,-3.5668e-09,-7.623e-08,-4.7034e-08,-1.9152e-08,1.6929e-08,1.2886e-08,2.9903e-08,-2.1165e-08,-5.0305e-09,-9.4085e-09,-2.4215e-08,-6.4087e-09
0,0.04,0.04,0.15708,0.10472,-8.3209e-09,-7.117e-08,-4.0466e-08,-1.8021e-08,1.4153e-08,1.7032e-08,2.7632e-08,-2.1669e-08,-5.1339e-09,-8.1281e-09,-2.903e-08,-4.8508e-09
0.04,0.04,0.04,0.15708,0.10472,-1.4469e-08,-6.4436e-08,-3.3466e-08,-1.7719e-08,1.1831e-08,2.1417e-08,2.5152e-08,-2.2455e-08,-6.3956e-09,-6.9144e-09,-3.4561e-08,-3.4085e-09
0,0,0.08,0.15708,0.10472,-6.9833e-09,-8.0664e-08,-3.3442e-08,-8.6874e-09,1.9547e-08,1.8318e-08,2.4742e-08,-2.1756e-08,-1.3317e-08,-4.3566e-09,-2.9075e-08,-1.6963e-09
0,0,-0.08,0.05236,0.15708,-1.0036e-08,-4.1566e-08,-4.238e-08,-2.8405e-08,-4.09e-09,2.7822e-08,4.5186e-08,-3.208e-08,3.2205e-09,-2.7014e-08,-2.8742e-08,-1.5007e-08
-0.04,-0.04,-0.04,0.05236,0.15708,-5.4531e-09,-4.8689e-08,-4.1577e-08,-2.272e-08,1.1085e-09,2.1846e-08,4.7831e-08,-3.4576e-08,-1.609e-09,-1.8363e-08,-2.6627e-08,-1.9767e-08
0,-0.04,-0.04,0.05236,0.15708,-1.021e-08,-4.6589e-08,-3.5169e-08,-2.1882e-08,1.6047e-09,3.0217e-08,4.2009e-08,-3.5706e-08,-1.5833e-09,-1.9434e-08,-3.173e-08,-1.5879e-08
0.04,-0.04,-0.04,0.05236,0.15708,-1.6035e-08,-4.3816e-08,-2.9062e-08,-2.0902e-08,2.1624e-09,3.9873e-08,3.7274e-08,-3.7244e-08,-2.2281e-09,-2.0285e-08,-3.9069e-08,-1.2216e-08
-0.04,0,-0.04,0.05236,0.15708,-5.7197e-09,-5.0838e-08,-4.9164e-08,-2.8386e-08,2.7479e-10,1.8671e-08,4.4791e-08,-2.8724e-08,9.5239e-10,-2.0215e-08,-2.5456e-08,-1.4585e-08
0,0,-0.04,0.05236,0.15708,-9.9359e-09,-4.8905e-08,-4.1055e-08,-2.7177e-08,1.2116e-09,2.5949e-08,3.9499e-08,-2.9885e-08,1.239e-09,-2.1701e-08,-3.0713e-08,-1.1804e-08
0.04,0,-0.04,0.05236,0.15708,-1.4847e-08,-4.5909e-08,-3.2817e-08,-2.5577e-08,1.5453e-09,3.4253e-08,3.4893e-08,-3.1171e-08,1.7725e-09,-2.2573e-08,-3.7313e-08,-9.2147e-09
-0.04,0.04,-0.04,0.05236,0.15708,-5.5676e-09,-5.2726e-08,-5.651e-08,-3.4943e-08,-5.8974e-10,1.4983e-08,4.0967e-08,-2.4468e-08,3.9918e-09,-2.2085e-08,-2.4294e-08,-1.0462e-08
0,0.04,-0.04,0.05236,0.15708,-9.2835e-09,-5.0085e-08,-4.5962e-08,-3.3541e-08,8.831e-10,2.1752e-08,3.6345e-08,-2.5177e-08,4.8707e-09,-2.369e-08,-2.901e-08,-8.9181e-09
0.04,0.04,-0.04,0.05236,0.15708,-1.3536e-08,-4.6546e-08,-3.7185e-08,-3.1498e-08,1.4011e-09,2.871e-08,3.2541e-08,-2.5868e-08,6.4869e-09,-2.4323e-08,-3.4844e-08,-6.9066e-09
0,-0.08,0,0.05236,0.15708,-9.1923e-09,-5.0902e-08,-2.905e-08,-1.5747e-08,7e-09,3.0163e-08,3.6848e-08,-3.7973e-08,-6.5224e-09,-1.3904e-08,-3.3843e-08,-1.5538e-08
-0.04,-0.04,0,0.05236,0.15708,-4.0387e-09,-5.7999e-08,-3.8779e-08,-2.0176e-08,7.8274e-09,2.0693e-08,3.9793e-08,-3.059e-08,-3.7898e-09,-1.4389e-08,-2.7237e-08,-1.5085e-08
0,-0.04,0,0.05236,0.15708,-9.6345e-09,-5.5016e-08,-3.3723e-08,-1.9447e-08,7.4196e-09,2.7611e-08,3.5612e-08,-3.2105e-08,-4.3992e-09,-1.4917e-08,-3.285e-08,-1.1353e-08
0.04,-0.04,0,0.05236,0.15708,-1.6485e-08,-5.0832e-08,-2.8042e-08,-1.8426e-08,6.0498e-09,3.4659e-08,3.2232e-08,-3.309e-08,-5.274e-09,-1.5279e-08,-4.008e-08,-8.5512e-09
-0.08,0,0,0.05236,0.15708,-6.4339e-10,-6.3578e-08,-5.1754e-08,-2.5852e-08,8.7953e-09,1.2806e-08,4.0764e-08,-2.5012e-08,-1.3946e-09,-1.5071e-08,-2.2021e-08,-1.2747e-08
-0.04,0,0,0.05236,0.15708,-4.58e-09,-6.1366e-08,-4.5315e-08,-2.495e-08,7.8869e-09,1.8111e-08,3.7669e-08,-2.58e-08,-1.3485e-09,-1.5544e-08,-2.621e-08,-9.9724e-09
0,0,0,0.05236,0.15708,-9.3306e-09,-5.8299e-08,-3.8325e-08,-2.3929e-08,6.8898e-09,2.4209e-08,3.4051e-08,-2.6647e-08,-1.617e-09,-1.6191e-08,-3.1376e-08,-8.0529e-09
0.04,0,0,0.05236,0.15708,-1.5005e-08,-5.3134e-08,-3.1593e-08,-2.2694e-08,6.1865e-09,3.0191e-08,3.0557e-08,-2.7739e-08,-1.3539e-09,-1.6228e-08,-3.807e-08,-5.7688e-09
0.08,0,0,0.05236,0.15708,-2.1781e-08,-4.8797e-08,-2.5924e-08,-2.1284e-08,5.3369e-09,3.7585e-08,2.7188e-08,-2.7967e-08,-2.2063e-09,-1.5924e-08,-4.6388e-08,-4.0439e-09
-0.04,0.04,0,0.05236,0.15708,-4.6045e-09,-6.382e-08,-5.0706e-08,-3.1273e-08,7.8297e-09,1.4933e-08,3.5244e-08,-2.2162e-08,1.6106e-09,-1.6949e-08,-2.5039e-08,-6.4577e-09
0,0.04,0,0.05236,0.15708,-8.7634e-09,-5.981e-08,-4.2782e-08,-2.9951e-08,6.6869e-09,2.0527e-08,3.1994e-08,-2.3054e-08,2.1999e-09,-1.7155e-08,-2.9717e-08,-5.085e-09
0.04,0.04,0,0.05236,0.15708,-1.37e-08,-5.556e-08,-3.5022e-08,-2.8498e-08,5.8737e-09,2.6342e-08,2.8705e-08,-2.3589e-08,3.2968e-09,-1.6326e-08,-3.5726e-08,-3.8593e-09
0,0.08,0,0.05236,0.15708,-8.0342e-09,-6.0725e-08,-4.7053e-08,-3.855e-08,6.5262e-09,1.6869e-08,2.9429e-08,-1.9581e-08,7.2608e-09,-1.7532e-08,-2.8003e-08,-2.8606e-09
-0.04,-0.04,0.04,0.05236,0.15708,-1.8569e-09,-6.9097e-08,-3.6283e-08,-1.6811e-08,1.4742e-08,1.949e-08,3.1976e-08,-2.6011e-08,-6.505e-09,-1.0709e-08,-2.6844e-08,-8.0799e-09
0,-0.04,0.04,0.05236,0.15708,-8.2773e-09,-6.4746e-08,-3.1188e-08,-1.6232e-08,1.2073e-08,2.4645e-08,2.9948e-08,-2.6579e-08,-7.5747e-09,-1.0814e-08,-3.2267e-08,-5.4008e-09
0.04,-0.04,0.04,0.05236,0.15708,-1.5802e-08,-5.9143e-08,-2.7005e-08,-1.5409e-08,1.0205e-08,3.0487e-08,2.6973e-08,-2.7361e-08,-8.9246e-09,-1.046e-08,-3.8851e-08,-3.1448e-09
-0.04,0,0.04,0.05236,0.15708,-2.7546e-09,-7.4162e-08,-4.0948e-08,-2.0632e-08,1.4881e-08,1.7042e-08,3.0956e-08,-2.2122e-08,-4.3852e-09,-1.1235e-08,-2.6132e-08,-4.5933e-09
0,0,0.04,0.05236,0.15708,-8.2843e-09,-6.894e-08,-3.5148e-08,-1.9926e-08,1.2327e-08,2.1905e-08,2.8555e-08,-2.3201e-08,-4.8169e-09,-1.0888e-08,-3.0914e-08,-2.789e-09
0.04,0,0.04,0.05236,0.15708,-1.5151e-08,-6.3493e-08,-2.9943e-08,-1.902e-08,1.0701e-08,2.7401e-08,2.6119e-08,-2.3583e-08,-5.519e-09,-1.0404e-08,-3.7357e-08,-1.2836e-09
-0.04,0.04,0.04,0.05236,0.15708,-3.084e-09,-7.7632e-08,-4.5435e-08,-2.63e-08,1.5122e-08,1.4553e-08,2.9356e-08,-1.9507e-08,-1.6535e-09,-1.1516e-08,-2.4599e-08,-1.7652e-09
0,0.04,0.04,0.05236,0.15708,-7.6965e-09,-7.2106e-08,-3.8782e-08,-2.4747e-08,1.2498e-08,1.9014e-08,2.7346e-08,-1.9794e-08,-8.8803e-10,-1.0946e-08,-2.9398e-08,-6.3187e-10
0.04,0.04,0.04,0.05236,0.15708,-1.3192e-08,-6.5532e-08,-3.2113e-08,-2.3702e-08,1.0564e-08,2.3954e-08,2.4947e-08,-2.0276e-08,-8.3496e-10,-9.9161e-09,-3.505e-08,1.2411e-11
0,0,0.08,0.05236,0.15708,-6.1778e-09,-8.3107e-08,-3.2212e-08,-1.4713e-08,1.7994e-08,2.0146e-08,2.3797e-08,-1.8997e-08,-9.5483e-09,-6.6193e-09,-2.9422e-08,3.5753e-09
0,0,-0.08,0.10472,0.15708,-1.0394e-08,-4.1283e-08,-4.4725e-08,-2.6626e-08,-3.1522e-09,2.5897e-08,4.5184e-08,-3.2596e-08,1.837e-09,-2.6349e-08,-2.8182e-08,-1.6592e-08
-0.04,-0.04,-0.04,0.10472,0.15708,-5.5345e-09,-4.754e-08,-4.3539e-08,-2.0722e-08,2.6129e-09,2.0211e-08,4.859e-08,-3.526e-08,-2.9314e-09,-1.7581e-08,-2.6211e-08,-2.198e-08
0,-0.04,-0.04,0.10472,0.15708,-1.0446e-08,-4.5562e-08,-3.6815e-08,-2.01e-08,3.0981e-09,2.9069e-08,4.2201e-08,-3.6962e-08,-3.1644e-09,-1.8923e-08,-3.1612e-08,-1.7691e-08
0.04,-0.04,-0.04,0.10472,0.15708,-1.6513e-08,-4.2996e-08,-3.0832e-08,-1.8851e-08,3.1162e-09,3.788e-08,3.7283e-08,-3.8346e-08,-3.7013e-09,-1.924e-08,-3.863e-08,-1.4162e-08
-0.04,0,-0.04,0.10472,0.15708,-5.7519e-09,-5.1045e-08,-5.1137e-08,-2.5539e-08,2.2127e-09,1.7108e-08,4.4989e-08,-2.9465e-08,-6.227e-10,-1.952e-08,-2.5107e-08,-1.6608e-08
0,0,-0.04,0.10472,0.15708,-1.0461e-08,-4.8388e-08,-4.2589e-08,-2.4669e-08,2.5223e-09,2.425e-08,4.0325e-08,-3.0601e-08,-4.2635e-10,-2.041e-08,-3.025e-08,-1.339e-08
0.04,0,-0.04,0.10472,0.15708,-1.5375e-08,-4.544e-08,-3.4629e-08,-2.3169e-08,2.6404e-09,3.2468e-08,3.4928e-08,-3.1757e-08,-4.2205e-10,-2.1605e-08,-3.6793e-08,-1.081e-08
-0.04,0.04,-0.04,0.10472,0.15708,-5.9506e-09,-5.2316e-08,-5.8234e-08,-3.2391e-08,1.2025e-09,1.3539e-08,4.0992e-08,-2.4931e-08,2.3525e-09,-2.1795e-08,-2.3972e-08,-1.2242e-08
0,0.04,-0.04,0.10472,0.15708,-9.6551e-09,-4.9926e-08,-4.7854e-08,-3.0937e-08,1.7969e-09,2.0025e-08,3.6652e-08,-2.558e-08,3.2799e-09,-2.2514e-08,-2.8254e-08,-1.0282e-08
0.04,0.04,-0.04,0.10472,0.15708,-1.4293e-08,-4.6088e-08,-3.8248e-08,-2.9339e-08,2.1621e-09,2.7159e-08,3.2245e-08,-2.6457e-08,4.3381e-09,-2.3221e-08,-3.4331e-08,-8.3455e-09
0,-0.08,0,0.10472,0.15708,-9.5681e-09,-4.9598e-08,-3.0541e-08,-1.4006e-08,8.2008e-09,2.9111e-08,3.7426e-08,-3.9334e-08,-7.8368e-09,-1.3216e-08,-3.3384e-08,-1.8506e-08
-0.04,-0.04,0,0.10472,0.15708,-4.1132e-09,-5.7157e-08,-4.0636e-08,-1.7889e-08,9.4026e-09,1.9604e-08,3.9654e-08,-3.1837e-08,-5.3073e-09,-1.3684e-08,-2.6957e-08,-1.758e-08
0,-0.04,0,0.10472,0.15708,-9.8631e-09,-5.3891e-08,-3.4926e-08,-1.7166e-08,8.1128e-09,2.6155e-08,3.5703e-08,-3.2882e-08,-6.0266e-09,-1.4285e-08,-3.2234e-08,-1.3897e-08
0.04,-0.04,0,0.10472,0.15708,-1.6993e-08,-4.9748e-08,-2.943e-08,-1.632e-08,7.3189e-09,3.3557e-08,3.2345e-08,-3.428e-08,-7.022e-09,-1.4184e-08,-3.9723e-08,-1.0398e-08
-0.08,0,0,0.10472,0.15708,-8.1348e-10,-6.3202e-08,-5.4258e-08,-2.3055e-08,1.0642e-08,1.1619e-08,4.0747e-08,-2.5571e-08,-2.7797e-09,-1.4364e-08,-2.1784e-08,-1.5275e-08
-0.04,0,0,0.10472,0.15708,-4.7937e-09,-6.0586e-08,-4.6387e-08,-2.2454e-08,9.6612e-09,1.6775e-08,3.7944e-08,-2.6843e-08,-3.0367e-09,-1.4785e-08,-2.5889e-08,-1.2595e-08
0,0,0,0.10472,0.15708,-9.883e-09,-5.7481e-08,-3.9424e-08,-2.1373e-08,8.196e-09,2.2473e-08,3.4204e-08,-2.7509e-08,-3.1711e-09,-1.4982e-08,-3.0937e-08,-1.0071e-08
0.04,0,0,0.10472,0.15708,-1.5699e-08,-5.2926e-08,-3.3171e-08,-2.0288e-08,7.2148e-09,2.9249e-08,3.0879e-08,-2.8611e-08,-3.5359e-09,-1.4985e-08,-3.7956e-08,-7.3621e-09
0.08,0,0,0.10472,0.15708,-2.2792e-08,-4.8012e-08,-2.6698e-08,-1.9042e-08,6.2618e-09,3.5796e-08,2.7432e-08,-2.937e-08,-4.0157e-09,-1.4028e-08,-4.6058e-08,-5.4847e-09
-0.04,0.04,0,0.10472,0.15708,-4.8473e-09,-6.2972e-08,-5.2093e-08,-2.8343e-08,8.7077e-09,1.3932e-08,3.5208e-08,-2.2867e-08,1.5136e-11,-1.6057e-08,-2.4668e-08,-8.6635e-09
0,0.04,0,0.10472,0.15708,-9.4375e-09,-5.9329e-08,-4.3645e-08,-2.7058e-08,7.6189e-09,1.9318e-08,3.1982e-08,-2.3687e-08,7.7226e-10,-1.5732e-08,-2.9322e-08,-7.04e-09
0.04,0.04,0,0.10472,0.15708,-1.458e-08,-5.5128e-08,-3.6349e-08,-2.5489e-08,6.7692e-09,2.4838e-08,2.8688e-08,-2.4262e-08,8.5255e-10,-1.5386e-08,-3.5473e-08,-5.2954e-09
0,0.08,0,0.10472,0.15708,-8.451e-09,-6.016e-08,-4.7393e-08,-3.4705e-08,7.2974e-09,1.5306e-08,2.9504e-08,-2.0164e-08,5.1968e-09,-1.6287e-08,-2.7521e-08,-4.4725e-09
-0.04,-0.04,0.04,0.10472,0.15708,-1.9891e-09,-6.8168e-08,-3.7305e-08,-1.4233e-08,1.6163e-08,1.8466e-08,3.2414e-08,-2.7061e-08,-8.1357e-09,-1.0224e-08,-2.6682e-08,-1.115e-08
0,-0.04,0.04,0.10472,0.15708,-8.4192e-09,-6.3188e-08,-3.2546e-08,-1.3746e-08,1.3279e-08,2.3788e-08,3.0046e-08,-2.8221e-08,-9.2443e-09,-9.8194e-09,-3.2156e-08,-8.2284e-09
0.04,-0.04,0.04,0.10472,0.15708,-1.669e-08,-5.8078e-08,-2.77e-08,-1.321e-08,1.1433e-08,2.9306e-08,2.7392e-08,-2.9186e-08,-1.1065e-08,-9.092e-09,-3.8728e-08,-5.1016e-09
-0.04,0,0.04,0.10472,0.15708,-2.8462e-09,-7.3536e-08,-4.1901e-08,-1.8022e-08,1.646e-08,1.6077e-08,3.1605e-08,-2.3631e-08,-6.1412e-09,-1.0421e-08,-2.5751e-08,-6.9281e-09
0,0,0.04,0.10472,0.15708,-8.9478e-09,-6.7514e-08,-3.6248e-08,-1.7032e-08,1.3612e-08,2.0795e-08,2.887e-08,-2.4254e-08,-6.6703e-09,-9.8694e-09,-3.0469e-08,-4.8829e-09
0.04,0,0.04,0.10472,0.15708,-1.5483e-08,-6.2504e-08,-3.05e-08,-1.6595e-08,1.1588e-08,2.5894e-08,2.6422e-08,-2.4942e-08,-7.8349e-09,-8.8747e-09,-3.6973e-08,-3.0799e-09
-0.04,0.04,0.04,0.10472,0.15708,-3.6737e-09,-7.6907e-08,-4.6731e-08,-2.2982e-08,1.6252e-08,1.3876e-08,2.993e-08,-2.0223e-08,-2.8738e-09,-1.0679e-08,-2.4516e-08,-3.9729e-09
0,0.04,0.04,0.10472,0.15708,-8.2347e-09,-7.1683e-08,-3.9841e-08,-2.1767e-08,1.3994e-08,1.7828e-08,2.7462e-08,-2.0923e-08,-2.9211e-09,-9.9102e-09,-2.9233e-08,-2.5327e-09
0.04,0.04,0.04,0.10472,0.15708,-1.3979e-08,-6.494e-08,-3.2886e-08,-2.036e-08,1.1312e-08,2.2644e-08,2.5166e-08,-2.1332e-08,-3.3851e-09,-8.5056e-09,-3.4776e-08,-1.2779e-09
0,0,0.08,0.10472,0.15708,-6.391e-09,-8.1806e-08,-3.3073e-08,-1.2085e-08,1.882e-08,1.893e-08,2.4092e-08,-2.0463e-08,-1.1066e-08,-5.6293e-09,-2.9524e-08,8.2624e-10
0,0,-0.08,0.15708,0.15708,-1.0755e-08,-4.0556e-08,-4.6538e-08,-2.4649e-08,-1.6877e-09,2.3607e-08,4.5313e-08,-3.2778e-08,3.9629e-10,-2.5234e-08,-2.7297e-08,-1.8134e-08
-0.04,-0.04,-0.04,0.15708,0.15708,-5.5756e-09,-4.7393e-08,-4.5387e-08,-1.849e-08,4.4765e-09,1.9131e-08,4.8639e-08,-3.6254e-08,-4.1115e-09,-1.684e-08,-2.5736e-08,-2.3983e-08
0,-0.04,-0.04,0.15708,0.15708,-1.0739e-08,-4.5393e-08,-3.8548e-08,-1.7757e-08,4.4974e-09,2.7412e-08,4.3041e-08,-3.787e-08,-4.5264e-09,-1.7814e-08,-3.1273e-08,-1.9794e-08
0.04,-0.04,-0.04,0.15708,0.15708,-1.6854e-08,-4.2048e-08,-3.1997e-08,-1.7009e-08,4.1504e-09,3.6122e-08,3.7735e-08,-3.9454e-08,-5.2372e-09,-1.849e-08,-3.7656e-08,-1.5823e-08
-0.04,0,-0.04,0.15708,0.15708,-6.0659e-09,-4.9695e-08,-5.256e-08,-2.3259e-08,3.7395e-09,1.5666e-08,4.4513e-08,-3.0242e-08,-1.985e-09,-1.8639e-08,-2.4747e-08,-1.8745e-08
0,0,-0.04,0.15708,0.15708,-1.0634e-08,-4.7532e-08,-4.3819e-08,-2.2129e-08,3.6928e-09,2.3067e-08,3.9903e-08,-3.1573e-08,-2.0231e-09,-1.9306e-08,-2.975e-08,-1.5567e-08
0.04,0,-0.04,0.15708,0.15708,-1.5793e-08,-4.4567e-08,-3.5853e-08,-2.1277e-08,3.7938e-09,3.0708e-08,3.5226e-08,-3.2656e-08,-1.9663e-09,-1.9894e-08,-3.558e-08,-1.2707e-08
-0.04,0.04,-0.04,0.15708,0.15708,-6.2048e-09,-5.2013e-08,-6.0027e-08,-2.9393e-08,2.3095e-09,1.2096e-08,4.0633e-08,-2.538e-08,1.0178e-09,-2.0531e-08,-2.3624e-08,-1.4323e-08
0,0.04,-0.04,0.15708,0.15708,-1.0106e-08,-4.932e-08,-4.9152e-08,-2.8286e-08,2.7909e-09,1.882e-08,3.6189e-08,-2.6431e-08,1.2666e-09,-2.1177e-08,-2.8065e-08,-1.2067e-08
0.04,0.04,-0.04,0.15708,0.15708,-1.4719e-08,-4.6338e-08,-3.951e-08,-2.6534e-08,3.0488e-09,2.539e-08,3.2215e-08,-2.7202e-08,2.0621e-09,-2.1767e-08,-3.3675e-08,-9.8243e-09
0,-0.08,0,0.15708,0.15708,-1.0066e-08,-4.8604e-08,-3.186e-08,-1.2021e-08,9.8705e-09,2.7875e-08,3.7681e-08,-4.1493e-08,-9.3177e-09,-1.229e-08,-3.2852e-08,-2.0954e-08
-0.04,-0.04,0,0.15708,0.15708,-4.0638e-09,-5.6129e-08,-4.2406e-08,-1.5652e-08,1.1067e-08,1.8507e-08,4.0133e-08,-3.2982e-08,-6.6233e-09,-1.304e-08,-2.6493e-08,-2.0475e-08
0,-0.04,0,0.15708,0.15708,-1.0109e-08,-5.3083e-08,-3.6024e-08,-1.498e-08,9.7357e-09,2.517e-08,3.6375e-08,-3.4076e-08,-7.602e-09,-1.3045e-08,-3.2058e-08,-1.5931e-08
0.04,-0.04,0,0.15708,0.15708,-1.7113e-08,-4.8513e-08,-3.0145e-08,-1.417e-08,8.2954e-09,3.2268e-08,3.2567e-08,-3.5725e-08,-8.6213e-09,-1.3212e-08,-3.9173e-08,-1.1984e-08
-0.08,0,0,0.15708,0.15708,-8.593e-10,-6.2015e-08,-5.4893e-08,-2.0282e-08,1.2764e-08,1.0567e-08,4.1461e-08,-2.6324e-08,-4.0034e-09,-1.3514e-08,-2.1542e-08,-1.784e-08
-0.04,0,0,0.15708,0.15708,-4.9627e-09,-5.972e-08,-4.7832e-08,-1.942e-08,1.0695e-08,1.5751e-08,3.7918e-08,-2.7641e-08,-4.4653e-09,-1.3975e-08,-2.5715e-08,-1.4952e-08
0,0,0,0.15708,0.15708,-1.0308e-08,-5.6504e-08,-4.0327e-08,-1.8933e-08,9.305e-09,2.1839e-08,3.4122e-08,-2.9022e-08,-5.0004e-09,-1.4059e-08,-3.0462e-08,-1.1704e-08
0.04,0,0,0.15708,0.15708,-1.6477e-08,-5.2084e-08,-3.3592e-08,-1.7766e-08,8.2061e-09,2.7796e-08,3.0767e-08,-2.9519e-08,-5.4926e-09,-1.3787e-08,-3.6773e-08,-9.3526e-09
0.08,0,0,0.15708,0.15708,-2.3145e-08,-4.7218e-08,-2.7375e-08,-1.6553e-08,6.9164e-09,3.4063e-08,2.7367e-08,-3.0577e-08,-6.2578e-09,-1.283e-08,-4.5368e-08,-6.9292e-09
-0.04,0.04,0,0.15708,0.15708,-5.2375e-09,-6.2586e-08,-5.3322e-08,-2.4602e-08,1.0295e-08,1.2786e-08,3.5442e-08,-2.3695e-08,-1.8042e-09,-1.4941e-08,-2.4215e-08,-1.0916e-08
0,0.04,0,0.15708,0.15708,-9.7895e-09,-5.9015e-08,-4.4683e-08,-2.4053e-08,8.7805e-09,1.7893e-08,3.1923e-08,-2.4475e-08,-1.355e-09,-1.4806e-08,-2.8853e-08,-8.646e-09
0.04,0.04,0,0.15708,0.15708,-1.5077e-08,-5.4084e-08,-3.7347e-08,-2.2378e-08,7.8274e-09,2.3045e-08,2.8559e-08,-2.5186e-08,-1.1784e-09,-1.3542e-08,-3.4647e-08,-6.8087e-09
0,0.08,0,0.15708,0.15708,-9.1029e-09,-6.0076e-08,-4.806e-08,-3.0982e-08,7.9625e-09,1.4026e-08,2.9325e-08,-2.0937e-08,3.154e-09,-1.5251e-08,-2.7031e-08,-6.2673e-09
-0.04,-0.04,0.04,0.15708,0.15708,-2.0838e-09,-6.6333e-08,-3.8286e-08,-1.1891e-08,1.7907e-08,1.7726e-08,3.2883e-08,-2.873e-08,-9.6705e-09,-9.2859e-09,-2.6498e-08,-1.415e-08
0,-0.04,0.04,0.15708,0.15708,-9.0899e-09,-6.2429e-08,-3.3389e-08,-1.1307e-08,1.489e-08,2.2632e-08,3.029e-08,-2.993e-08,-1.0994e-08,-8.941e-09,-3.1633e-08,-1.031e-08
0.04,-0.04,0.04,0.15708,0.15708,-1.7381e-08,-5.679e-08,-2.8601e-08,-1.0702e-08,1.2499e-08,2.8047e-08,2.7706e-08,-3.0894e-08,-1.2755e-08,-8.2707e-09,-3.8302e-08,-7.3216e-09
-0.04,0,0.04,0.15708,0.15708,-3.1275e-09,-7.1431e-08,-4.2904e-08,-1.4851e-08,1.7728e-08,1.5148e-08,3.1422e-08,-2.4555e-08,-7.6873e-09,-9.6364e-09,-2.5282e-08,-9.3221e-09
0,0,0.04,0.15708,0.15708,-9.2961e-09,-6.7764e-08,-3.7252e-08,-1.4198e-08,1.4899e-08,1.9892e-08,2.92e-08,-2.5285e-08,-8.5867e-09,-8.6761e-09,-3.0104e-08,-6.9224e-09
0.04,0,0.04,0.15708,0.15708,-1.6244e-08,-6.1075e-08,-3.1306e-08,-1.357e-08,1.2314e-08,2.4724e-08,2.6431e-08,-2.6213e-08,-9.9253e-09,-7.9247e-09,-3.6615e-08,-4.9522e-09
-0.04,0.04,0.04,0.15708,0.15708,-3.7694e-09,-7.5842e-08,-4.7117e-08,-1.9124e-08,1.7643e-08,1.2668e-08,2.9899e-08,-2.1335e-08,-5.2212e-09,-9.6306e-09,-2.4281e-08,-6.3165e-09
0,0.04,0.04,0.15708,0.15708,-8.7631e-09,-7.0884e-08,-4.0232e-08,-1.8003e-08,1.4429e-08,1.6814e-08,2.7486e-08,-2.1961e-08,-5.5175e-09,-8.6267e-09,-2.8728e-08,-4.691e-09
0.04,0.04,0.04,0.15708,0.15708,-1.4674e-08,-6.4208e-08,-3.3733e-08,-1.7343e-08,1.2155e-08,2.1186e-08,2.5328e-08,-2.246e-08,-5.6233e-09,-6.751e-09,-3.4438e-08,-3.2195e-09
0,0,0.08,0.15708,0.15708,-7.1836e-09,-8.0126e-08,-3.3621e-08,-8.7764e-09,2.0187e-08,1.8135e-08,2.4485e-08,-2.1542e-08,-1.354e-08,-4.448e-09,-2.8822e-08,-1.4892e-09
