0,0,-0.08,0.05236,0.05236,-9.7362e-09,-4.1279e-08,-4.2551e-08,-2.897e-08,-4.3688e-09,2.7601e-08,4.5249e-08,-3.2115e-08,2.8481e-09,-2.6819e-08,-2.8756e-08,-1.4589e-08
-0.04,-0.04,-0.04,0.05236,0.05236,-5.6106e-09,-4.8508e-08,-4.2201e-08,-2.2357e-08,7.1789e-10,2.2221e-08,4.8263e-08,-3.3775e-08,-1.4584e-09,-1.8196e-08,-2.6509e-08,-1.957e-08
0,-0.04,-0.04,0.05236,0.05236,-9.5742e-09,-4.7269e-08,-3.4634e-08,-2.1648e-08,1.5358e-09,3.0339e-08,4.2287e-08,-3.6635e-08,-1.9206e-09,-1.9328e-08,-3.1793e-08,-1.6296e-08
0.04,-0.04,-0.04,0.05236,0.05236,-1.6028e-08,-4.3433e-08,-2.8685e-08,-2.0506e-08,1.8261e-09,4.0374e-08,3.6626e-08,-3.7017e-08,-1.6444e-09,-2.0687e-08,-3.9736e-08,-1.2511e-08
-0.04,0,-0.04,0.05236,0.05236,-5.1367e-09,-5.1097e-08,-4.9436e-08,-2.7865e-08,1.8549e-10,1.8391e-08,4.4254e-08,-2.8477e-08,6.8198e-10,-2.0195e-08,-2.5593e-08,-1.4166e-08
0,0,-0.04,0.05236,0.05236,-1.0009e-08,-4.9159e-08,-4.0755e-08,-2.6914e-08,1.0754e-09,2.6203e-08,3.9489e-08,-2.9882e-08,1.5362e-09,-2.1593e-08,-3.0839e-08,-1.1896e-08
0.04,0,-0.04,0.05236,0.05236,-1.4573e-08,-4.5834e-08,-3.2451e-08,-2.5117e-08,1.1679e-09,3.4149e-08,3.4731e-08,-3.0439e-08,1.4975e-09,-2.2365e-08,-3.7315e-08,-9.5535e-09
-0.04,0.04,-0.04,0.05236,0.05236,-5.7079e-09,-5.3024e-08,-5.6111e-08,-3.4893e-08,-2.7359e-10,1.5444e-08,4.1142e-08,-2.4405e-08,3.9181e-09,-2.1809e-08,-2.4017e-08,-1.0911e-08
0,0.04,-0.04,0.05236,0.05236,-9.2231e-09,-5.014e-08,-4.6148e-08,-3.3871e-08,-4.033e-10,2.1675e-08,3.6339e-08,-2.4793e-08,4.8655e-09,-2.32e-08,-2.9544e-08,-8.5361e-09
0.04,0.04,-0.04,0.05236,0.05236,-1.3223e-08,-4.7094e-08,-3.6995e-08,-3.0706e-08,1.4144e-09,2.8876e-08,3.2288e-08,-2.6004e-08,5.2606e-09,-2.4778e-08,-3.4935e-08,-7.2823e-09
0,-0.08,0,0.05236,0.05236,-9.0119e-09,-5.2289e-08,-2.8857e-08,-1.587e-08,6.5247e-09,3.1009e-08,3.7033e-08,-3.7872e-08,-6.3225e-09,-1.3927e-08,-3.3863e-08,-1.6477e-08
-0.04,-0.04,0,0.05236,0.05236,-3.4978e-09,-5.8612e-08,-3.9422e-08,-2.0404e-08,7.8337e-09,2.0808e-08,3.9942e-08,-2.961e-08,-3.7298e-09,-1.4168e-08,-2.6895e-08,-1.4804e-08
0,-0.04,0,0.05236,0.05236,-8.9687e-09,-5.558e-08,-3.3363e-08,-1.9493e-08,6.5432e-09,2.7437e-08,3.5339e-08,-3.2282e-08,-4.4462e-09,-1.5411e-08,-3.3024e-08,-1.1948e-08
0.04,-0.04,0,0.05236,0.05236,-1.6765e-08,-5.1293e-08,-2.7815e-08,-1.8114e-08,6.1631e-09,3.5619e-08,3.1892e-08,-3.2456e-08,-5.1703e-09,-1.5149e-08,-3.9838e-08,-8.4714e-09
-0.08,0,0,0.05236,0.05236,-6.9981e-10,-6.3126e-08,-5.1181e-08,-2.5956e-08,8.9034e-09,1.2873e-08,4.023e-08,-2.4548e-08,-1.5913e-09,-1.5023e-08,-2.1869e-08,-1.2907e-08
-0.04,0,0,0.05236,0.05236,-4.3811e-09,-6.1802e-08,-4.5227e-08,-2.4927e-08,7.0997e-09,1.8631e-08,3.7738e-08,-2.5847e-08,-1.1796e-09,-1.5825e-08,-2.6071e-08,-1.0559e-08
0,0,0,0.05236,0.05236,-8.6128e-09,-5.8417e-08,-3.8233e-08,-2.3877e-08,6.3294e-09,2.5042e-08,3.3421e-08,-2.6668e-08,-1.5197e-09,-1.6025e-08,-3.0951e-08,-7.9307e-09
0.04,0,0,0.05236,0.05236,-1.5108e-08,-5.3516e-08,-3.2033e-08,-2.2985e-08,5.6789e-09,2.9888e-08,3.0543e-08,-2.7689e-08,-1.4374e-09,-1.5805e-08,-3.8588e-08,-5.8664e-09
0.08,0,0,0.05236,0.05236,-2.1503e-08,-4.8807e-08,-2.5637e-08,-2.1466e-08,5.1706e-09,3.7191e-08,2.7115e-08,-2.7808e-08,-1.9654e-09,-1.579e-08,-4.7086e-08,-4.0126e-09
-0.04,0.04,0,0.05236,0.05236,-4.6361e-09,-6.3214e-08,-5.0658e-08,-3.1216e-08,7.3597e-09,1.5375e-08,3.5105e-08,-2.1712e-08,1.6504e-09,-1.6798e-08,-2.4699e-08,-6.7092e-09
0,0.04,0,0.05236,0.05236,-8.3028e-09,-6.0629e-08,-4.2422e-08,-3.0457e-08,6.7409e-09,2.0938e-08,3.1636e-08,-2.2911e-08,2.6216e-09,-1.6776e-08,-3.0222e-08,-5.6107e-09
0.04,0.04,0,0.05236,0.05236,-1.3758e-08,-5.5078e-08,-3.5262e-08,-2.8473e-08,5.9274e-09,2.6445e-08,2.8626e-08,-2.3131e-08,3.7226e-09,-1.6272e-08,-3.5905e-08,-3.8013e-09
0,0.08,0,0.05236,0.05236,-7.9519e-09,-6.0197e-08,-4.6857e-08,-3.8601e-08,6.7881e-09,1.7245e-08,2.9667e-08,-1.9481e-08,6.9399e-09,-1.7632e-08,-2.787e-08,-3.0954e-09
-0.04,-0.04,0.04,0.05236,0.05236,-1.1997e-09,-6.9311e-08,-3.5991e-08,-1.6842e-08,1.4308e-08,1.9375e-08,3.175e-08,-2.5617e-08,-6.7692e-09,-1.0763e-08,-2.687e-08,-8.4549e-09
0,-0.04,0.04,0.05236,0.05236,-8.1345e-09,-6.5836e-08,-3.1494e-08,-1.5937e-08,1.1916e-08,2.5489e-08,2.973e-08,-2.7338e-08,-8.1478e-09,-1.0626e-08,-3.2663e-08,-5.718e-09
0.04,-0.04,0.04,0.05236,0.05236,-1.5194e-08,-5.9716e-08,-2.6703e-08,-1.5365e-08,9.9244e-09,3.0363e-08,2.7182e-08,-2.7165e-08,-9.4055e-09,-1.0246e-08,-3.8581e-08,-3.573e-09
-0.04,0,0.04,0.05236,0.05236,-2.1323e-09,-7.3121e-08,-4.0938e-08,-2.1272e-08,1.4444e-08,1.7187e-08,3.1542e-08,-2.2357e-08,-4.1302e-09,-1.1142e-08,-2.6408e-08,-4.3916e-09
0,0,0.04,0.05236,0.05236,-7.6613e-09,-6.771e-08,-3.4447e-08,-1.9882e-08,1.2524e-08,2.2628e-08,2.8578e-08,-2.3048e-08,-4.9582e-09,-1.1033e-08,-3.0832e-08,-2.8593e-09
0.04,0,0.04,0.05236,0.05236,-1.4998e-08,-6.3196e-08,-2.9419e-08,-1.8746e-08,1.0293e-08,2.7689e-08,2.6262e-08,-2.3023e-08,-5.3567e-09,-1.0262e-08,-3.7442e-08,-1.5065e-09
-0.04,0.04,0.04,0.05236,0.05236,-2.812e-09,-7.7495e-08,-4.501e-08,-2.5851e-08,1.4386e-08,1.5053e-08,2.9986e-08,-1.9305e-08,-1.3697e-09,-1.1103e-08,-2.4746e-08,-1.6985e-09
0,0.04,0.04,0.05236,0.05236,-7.3987e-09,-7.2829e-08,-3.8759e-08,-2.5255e-08,1.2368e-08,1.9154e-08,2.7371e-08,-1.9868e-08,-5.7458e-10,-1.0966e-08,-2.9215e-08,-6.095e-10
0.04,0.04,0.04,0.05236,0.05236,-1.292e-08,-6.6709e-08,-3.2336e-08,-2.3862e-08,1.0417e-08,2.3817e-08,2.4933e-08,-2.0389e-08,-7.6444e-10,-9.5835e-09,-3.5047e-08,1.062e-10
0,0,0.08,0.05236,0.05236,-5.4481e-09,-8.2763e-08,-3.212e-08,-1.5104e-08,1.7674e-08,2.0094e-08,2.3796e-08,-1.8941e-08,-9.1893e-09,-6.3349e-09,-2.9369e-08,2.5913e-09
0,0,-0.08,0.10472,0.05236,-1.0232e-08,-4.0716e-08,-4.3864e-08,-2.6447e-08,-2.9966e-09,2.5849e-08,4.5586e-08,-3.2753e-08,1.7069e-09,-2.5931e-08,-2.8297e-08,-1.7483e-08
-0.04,-0.04,-0.04,0.10472,0.05236,-5.0725e-09,-4.7773e-08,-4.2937e-08,-2.0725e-08,2.3117e-09,2.0587e-08,4.8289e-08,-3.5431e-08,-2.8845e-09,-1.7365e-08,-2.5924e-08,-2.2681e-08
0,-0.04,-0.04,0.10472,0.05236,-1.0181e-08,-4.5257e-08,-3.642e-08,-2.0315e-08,2.7133e-09,2.9885e-08,4.2308e-08,-3.7223e-08,-3.1373e-09,-1.8639e-08,-3.1461e-08,-1.8137e-08
0.04,-0.04,-0.04,0.10472,0.05236,-1.5732e-08,-4.3436e-08,-3.0214e-08,-1.9332e-08,2.8236e-09,3.9229e-08,3.726e-08,-3.7868e-08,-3.9954e-09,-1.929e-08,-3.8472e-08,-1.4876e-08
-0.04,0,-0.04,0.10472,0.05236,-5.2962e-09,-5.0729e-08,-4.9815e-08,-2.581e-08,2.0637e-09,1.7061e-08,4.4897e-08,-2.9807e-08,-5.5518e-10,-1.948e-08,-2.5367e-08,-1.7168e-08
0,0,-0.04,0.10472,0.05236,-1.0044e-08,-4.8486e-08,-4.2666e-08,-2.4885e-08,1.6218e-09,2.4978e-08,3.966e-08,-3.0623e-08,-8.5407e-10,-2.0181e-08,-3.0774e-08,-1.419e-08
0.04,0,-0.04,0.10472,0.05236,-1.4876e-08,-4.4676e-08,-3.4238e-08,-2.3004e-08,2.2028e-09,3.2735e-08,3.5647e-08,-3.2026e-08,5.0355e-11,-2.1191e-08,-3.7139e-08,-1.0923e-08
-0.04,0.04,-0.04,0.10472,0.05236,-5.6692e-09,-5.244e-08,-5.7604e-08,-3.2035e-08,3.7438e-10,1.3422e-08,4.1484e-08,-2.4854e-08,2.2459e-09,-2.1408e-08,-2.3954e-08,-1.2558e-08
0,0.04,-0.04,0.10472,0.05236,-9.0882e-09,-5.0043e-08,-4.6586e-08,-3.1201e-08,1.0908e-09,1.9837e-08,3.7277e-08,-2.5728e-08,3.0266e-09,-2.2119e-08,-2.8625e-08,-1.0896e-08
0.04,0.04,-0.04,0.10472,0.05236,-1.3468e-08,-4.6508e-08,-3.7569e-08,-2.8656e-08,1.6756e-09,2.7261e-08,3.2702e-08,-2.6108e-08,4.4621e-09,-2.3479e-08,-3.4185e-08,-8.7006e-09
0,-0.08,0,0.10472,0.05236,-9.2702e-09,-4.9329e-08,-3.0612e-08,-1.414e-08,8.4554e-09,2.9597e-08,3.7377e-08,-3.9912e-08,-7.8018e-09,-1.2715e-08,-3.3878e-08,-1.8757e-08
-0.04,-0.04,0,0.10472,0.05236,-3.9194e-09,-5.6807e-08,-4.0021e-08,-1.7926e-08,8.8458e-09,1.9837e-08,4.0349e-08,-3.1516e-08,-5.2888e-09,-1.3604e-08,-2.6834e-08,-1.8456e-08
0,-0.04,0,0.10472,0.05236,-9.4009e-09,-5.3875e-08,-3.4619e-08,-1.688e-08,7.6648e-09,2.6389e-08,3.6416e-08,-3.2355e-08,-6.0881e-09,-1.3963e-08,-3.3072e-08,-1.4571e-08
0.04,-0.04,0,0.10472,0.05236,-1.6661e-08,-4.9658e-08,-2.9465e-08,-1.709e-08,6.9085e-09,3.4141e-08,3.2305e-08,-3.4338e-08,-7.0988e-09,-1.4194e-08,-3.8879e-08,-1.1286e-08
-0.08,0,0,0.10472,0.05236,-2.3834e-10,-6.3244e-08,-5.3552e-08,-2.2636e-08,9.8694e-09,1.2142e-08,4.0861e-08,-2.6045e-08,-3.0726e-09,-1.3886e-08,-2.1991e-08,-1.5576e-08
-0.04,0,0,0.10472,0.05236,-4.3651e-09,-6.2411e-08,-4.5717e-08,-2.2464e-08,8.4628e-09,1.7439e-08,3.7616e-08,-2.7026e-08,-2.8748e-09,-1.4498e-08,-2.5771e-08,-1.2519e-08
0,0,0,0.10472,0.05236,-8.9056e-09,-5.7419e-08,-3.8519e-08,-2.1281e-08,7.254e-09,2.3762e-08,3.4536e-08,-2.7767e-08,-3.0393e-09,-1.5047e-08,-3.1118e-08,-1.0201e-08
0.04,0,0,0.10472,0.05236,-1.5536e-08,-5.3403e-08,-3.2434e-08,-2.0352e-08,6.3011e-09,3.0202e-08,3.0931e-08,-2.8276e-08,-3.7938e-09,-1.5192e-08,-3.7431e-08,-7.6423e-09
0.08,0,0,0.10472,0.05236,-2.171e-08,-4.786e-08,-2.6267e-08,-1.8734e-08,6.2162e-09,3.5516e-08,2.775e-08,-2.9281e-08,-4.2017e-09,-1.4111e-08,-4.6442e-08,-5.6034e-09
-0.04,0.04,0,0.10472,0.05236,-4.5012e-09,-6.3533e-08,-5.1319e-08,-2.8597e-08,7.7878e-09,1.4255e-08,3.5097e-08,-2.2915e-08,-3.0787e-10,-1.5111e-08,-2.4478e-08,-8.7033e-09
0,0.04,0,0.10472,0.05236,-9.0051e-09,-5.9293e-08,-4.2493e-08,-2.7282e-08,6.9249e-09,1.9364e-08,3.2165e-08,-2.3263e-08,4.3267e-10,-1.5972e-08,-2.9762e-08,-7.1456e-09
0.04,0.04,0,0.10472,0.05236,-1.3835e-08,-5.4471e-08,-3.567e-08,-2.5447e-08,6.2191e-09,2.4891e-08,2.8951e-08,-2.4054e-08,1.0983e-09,-1.5149e-08,-3.5467e-08,-5.9244e-09
0,0.08,0,0.10472,0.05236,-8.2084e-09,-6.0256e-08,-4.7003e-08,-3.4378e-08,7.0314e-09,1.5643e-08,2.9439e-08,-2.0105e-08,5.2437e-09,-1.5565e-08,-2.7095e-08,-4.9054e-09
-0.04,-0.04,0.04,0.10472,0.05236,-1.4739e-09,-6.7034e-08,-3.6274e-08,-1.4561e-08,1.6384e-08,1.8691e-08,3.2812e-08,-2.6801e-08,-8.159e-09,-9.9597e-09,-2.7157e-08,-1.1497e-08
0,-0.04,0.04,0.10472,0.05236,-8.3672e-09,-6.328e-08,-3.2172e-08,-1.3852e-08,1.2823e-08,2.4088e-08,3.0093e-08,-2.8324e-08,-9.3591e-09,-9.3737e-09,-3.1531e-08,-7.9395e-09
0.04,-0.04,0.04,0.10472,0.05236,-1.6523e-08,-5.6983e-08,-2.7303e-08,-1.3452e-08,1.0737e-08,2.9276e-08,2.7608e-08,-2.8506e-08,-1.0829e-08,-9.047e-09,-3.8458e-08,-5.4815e-09
-0.04,0,0.04,0.10472,0.05236,-2.7638e-09,-7.4091e-08,-4.2054e-08,-1.7447e-08,1.6277e-08,1.6572e-08,3.1321e-08,-2.3591e-08,-6.231e-09,-1.0372e-08,-2.5868e-08,-7.2092e-09
0,0,0.04,0.10472,0.05236,-7.9349e-09,-6.8734e-08,-3.616e-08,-1.7122e-08,1.2766e-08,2.16e-08,2.9253e-08,-2.4595e-08,-6.7698e-09,-9.8731e-09,-3.0973e-08,-4.789e-09
0.04,0,0.04,0.10472,0.05236,-1.4959e-08,-6.2772e-08,-2.9978e-08,-1.6652e-08,1.089e-08,2.6461e-08,2.6319e-08,-2.4824e-08,-7.6578e-09,-9.0318e-09,-3.7638e-08,-3.1591e-09
-0.04,0.04,0.04,0.10472,0.05236,-3.1697e-09,-7.579e-08,-4.6405e-08,-2.306e-08,1.5162e-08,1.4345e-08,2.9195e-08,-2.0349e-08,-3.2961e-09,-1.0603e-08,-2.4535e-08,-4.4337e-09
0,0.04,0.04,0.10472,0.05236,-7.8057e-09,-7.2189e-08,-3.9544e-08,-2.1949e-08,1.3534e-08,1.8175e-08,2.7931e-08,-2.1007e-08,-3.5295e-09,-9.6709e-09,-2.8965e-08,-3.2251e-09
0.04,0.04,0.04,0.10472,0.05236,-1.349e-08,-6.5846e-08,-3.2511e-08,-2.0457e-08,1.0785e-08,2.2951e-08,2.5389e-08,-2.1353e-08,-3.3898e-09,-8.1446e-09,-3.5175e-08,-1.4098e-09
0,0,0.08,0.10472,0.05236,-6.6245e-09,-8.3082e-08,-3.2395e-08,-1.2167e-08,1.8363e-08,1.9295e-08,2.4279e-08,-2.0331e-08,-1.1438e-08,-4.8851e-09,-2.963e-08,3.8654e-10
0,0,-0.08,0.15708,0.05236,-1.0245e-08,-4.1016e-08,-4.6241e-08,-2.4916e-08,-2.5024e-09,2.3138e-08,4.444e-08,-3.2693e-08,8.3605e-11,-2.4783e-08,-2.834e-08,-1.8362e-08
-0.04,-0.04,-0.04,0.15708,0.05236,-5.5204e-09,-4.6846e-08,-4.4455e-08,-1.8579e-08,3.9395e-09,1.9606e-08,4.8316e-08,-3.6949e-08,-4.2606e-09,-1.659e-08,-2.6238e-08,-2.5044e-08
0,-0.04,-0.04,0.15708,0.05236,-1.0233e-08,-4.4913e-08,-3.7799e-08,-1.7949e-08,3.884e-09,2.6557e-08,4.2388e-08,-3.8368e-08,-5.0194e-09,-1.7841e-08,-3.1647e-08,-2.0373e-08
0.04,-0.04,-0.04,0.15708,0.05236,-1.6229e-08,-4.2593e-08,-3.1086e-08,-1.7147e-08,3.608e-09,3.691e-08,3.7991e-08,-3.9861e-08,-5.2247e-09,-1.8269e-08,-3.869e-08,-1.6489e-08
-0.04,0,-0.04,0.15708,0.05236,-5.6481e-09,-4.9896e-08,-5.2327e-08,-2.2846e-08,2.8726e-09,1.6617e-08,4.4987e-08,-3.0289e-08,-2.0104e-09,-1.8674e-08,-2.5105e-08,-1.9544e-08
0,0,-0.04,0.15708,0.05236,-1.0169e-08,-4.7747e-08,-4.3337e-08,-2.2482e-08,2.5407e-09,2.3081e-08,4.0056e-08,-3.1154e-08,-1.9979e-09,-1.904e-08,-2.9903e-08,-1.6062e-08
0.04,0,-0.04,0.15708,0.05236,-1.5353e-08,-4.5052e-08,-3.4802e-08,-2.1552e-08,2.6752e-09,3.158e-08,3.5487e-08,-3.1899e-08,-2.2358e-09,-2.0175e-08,-3.6041e-08,-1.2683e-08
-0.04,0.04,-0.04,0.15708,0.05236,-5.8796e-09,-5.2084e-08,-5.7763e-08,-2.9896e-08,1.1167e-09,1.2632e-08,4.1332e-08,-2.5536e-08,8.7776e-10,-1.9866e-08,-2.3315e-08,-1.4824e-08
0,0.04,-0.04,0.15708,0.05236,-9.522e-09,-5.0168e-08,-4.9675e-08,-2.8622e-08,1.6317e-09,1.8504e-08,3.6143e-08,-2.6377e-08,1.0003e-09,-2.1141e-08,-2.7847e-08,-1.2787e-08
0.04,0.04,-0.04,0.15708,0.05236,-1.4147e-08,-4.6031e-08,-3.8774e-08,-2.6211e-08,2.1832e-09,2.5446e-08,3.1938e-08,-2.7208e-08,1.8797e-09,-2.0855e-08,-3.3674e-08,-1.0161e-08
0,-0.08,0,0.15708,0.05236,-8.6914e-09,-4.8718e-08,-3.1293e-08,-1.1995e-08,9.0866e-09,2.8964e-08,3.6958e-08,-4.135e-08,-9.1619e-09,-1.2e-08,-3.3007e-08,-2.1658e-08
-0.04,-0.04,0,0.15708,0.05236,-4.1565e-09,-5.4694e-08,-4.1661e-08,-1.5854e-08,9.9425e-09,1.9129e-08,4.0308e-08,-3.2947e-08,-6.7375e-09,-1.2618e-08,-2.6789e-08,-2.0624e-08
0,-0.04,0,0.15708,0.05236,-9.3452e-09,-5.2373e-08,-3.5469e-08,-1.5193e-08,8.9753e-09,2.5297e-08,3.592e-08,-3.4237e-08,-7.7468e-09,-1.2624e-08,-3.2155e-08,-1.6294e-08
0.04,-0.04,0,0.15708,0.05236,-1.6965e-08,-4.8859e-08,-2.9712e-08,-1.4327e-08,7.7066e-09,3.2298e-08,3.2744e-08,-3.5772e-08,-8.6621e-09,-1.2488e-08,-3.9592e-08,-1.2797e-08
-0.08,0,0,0.15708,0.05236,-3.8108e-10,-6.2653e-08,-5.5095e-08,-2.0113e-08,1.1594e-08,1.118e-08,4.127e-08,-2.6405e-08,-4.1246e-09,-1.3539e-08,-2.1577e-08,-1.8867e-08
-0.04,0,0,0.15708,0.05236,-4.4843e-09,-5.9068e-08,-4.7926e-08,-1.9699e-08,9.744e-09,1.5949e-08,3.8065e-08,-2.7354e-08,-4.5197e-09,-1.3802e-08,-2.5513e-08,-1.4922e-08
0,0,0,0.15708,0.05236,-9.3864e-09,-5.7437e-08,-3.9701e-08,-1.8897e-08,8.824e-09,2.2127e-08,3.4448e-08,-2.9253e-08,-5.6041e-09,-1.3535e-08,-3.0733e-08,-1.253e-08
0.04,0,0,0.15708,0.05236,-1.5729e-08,-5.2472e-08,-3.3637e-08,-1.7561e-08,7.2088e-09,2.8206e-08,3.0749e-08,-2.9559e-08,-6.1208e-09,-1.2848e-08,-3.7866e-08,-1.0115e-08
0.08,0,0,0.15708,0.05236,-2.3154e-08,-4.798e-08,-2.6475e-08,-1.6818e-08,6.3906e-09,3.4458e-08,2.7353e-08,-3.0089e-08,-6.4221e-09,-1.1556e-08,-4.64e-08,-7.3213e-09
-0.04,0.04,0,0.15708,0.05236,-5.1641e-09,-6.2407e-08,-5.346e-08,-2.5215e-08,9.0926e-09,1.3164e-08,3.5586e-08,-2.3557e-08,-1.9532e-09,-1.4236e-08,-2.4738e-08,-1.088e-08
0,0.04,0,0.15708,0.05236,-9.1258e-09,-5.966e-08,-4.4769e-08,-2.4507e-08,8.1052e-09,1.7728e-08,3.1816e-08,-2.4243e-08,-1.6499e-09,-1.4107e-08,-2.8955e-08,-8.9433e-09
0.04,0.04,0,0.15708,0.05236,-1.4616e-08,-5.4481e-08,-3.6597e-08,-2.2881e-08,7.0179e-09,2.4127e-08,2.8267e-08,-2.518e-08,-1.7467e-09,-1.3718e-08,-3.4304e-08,-7.663e-09
0,0.08,0,0.15708,0.05236,-8.3991e-09,-6.0937e-08,-4.808e-08,-3.0529e-08,7.0588e-09,1.454e-08,2.9284e-08,-2.0796e-08,2.5193e-09,-1.4205e-08,-2.7102e-08,-6.8416e-09
-0.04,-0.04,0.04,0.15708,0.05236,-1.7803e-09,-6.6063e-08,-3.7955e-08,-1.205e-08,1.7299e-08,1.8214e-08,3.2987e-08,-2.8086e-08,-9.2342e-09,-9.1365e-09,-2.6763e-08,-1.4688e-08
0,-0.04,0.04,0.15708,0.05236,-7.7836e-09,-6.2503e-08,-3.3109e-08,-1.1358e-08,1.3978e-08,2.2891e-08,3.0302e-08,-2.9742e-08,-1.1146e-08,-8.215e-09,-3.1899e-08,-1.1345e-08
0.04,-0.04,0.04,0.15708,0.05236,-1.6565e-08,-5.7524e-08,-2.8336e-08,-1.07e-08,1.1884e-08,2.9026e-08,2.7885e-08,-3.0765e-08,-1.3202e-08,-7.7299e-09,-3.8332e-08,-7.5164e-09
-0.04,0,0.04,0.15708,0.05236,-2.7595e-09,-7.3577e-08,-4.3058e-08,-1.5411e-08,1.6681e-08,1.534e-08,3.1778e-08,-2.4617e-08,-7.7639e-09,-9.3489e-09,-2.5427e-08,-9.1104e-09
0,0,0.04,0.15708,0.05236,-7.6583e-09,-6.7642e-08,-3.5997e-08,-1.475e-08,1.3871e-08,2.0306e-08,2.8817e-08,-2.5617e-08,-8.7349e-09,-8.2738e-09,-3.0477e-08,-7.6944e-09
0.04,0,0.04,0.15708,0.05236,-1.5914e-08,-6.2112e-08,-3.0393e-08,-1.4106e-08,1.1909e-08,2.5143e-08,2.683e-08,-2.5745e-08,-1.0194e-08,-7.1546e-09,-3.7144e-08,-5.516e-09
-0.04,0.04,0.04,0.15708,0.05236,-3.2616e-09,-7.7434e-08,-4.653e-08,-1.9537e-08,1.6503e-08,1.3034e-08,2.9885e-08,-2.1055e-08,-5.648e-09,-9.0818e-09,-2.4179e-08,-6.5363e-09
0,0.04,0.04,0.15708,0.05236,-8.0697e-09,-7.0773e-08,-4.0183e-08,-1.8426e-08,1.362e-08,1.6898e-08,2.7658e-08,-2.1968e-08,-5.9162e-09,-8.0684e-09,-2.9241e-08,-5.389e-09
0.04,0.04,0.04,0.15708,0.05236,-1.3604e-08,-6.4874e-08,-3.3274e-08,-1.7236e-08,1.1407e-08,2.1056e-08,2.5026e-08,-2.2248e-08,-5.8091e-09,-6.8058e-09,-3.468e-08,-3.5464e-09
0,0,0.08,0.15708,0.05236,-6.6132e-09,-8.0585e-08,-3.2956e-08,-8.8472e-09,1.8786e-08,1.8863e-08,2.4195e-08,-2.1555e-08,-1.3967e-08,-4.2206e-09,-2.9358e-08,-2.3417e-09
0,0,-0.08,0.05236,0.10472,-9.8069e-09,-4.1538e-08,-4.3438e-08,-2.8854e-08,-4.6917e-09,2.7619e-08,4.5849e-08,-3.199e-08,3.3917e-09,-2.6421e-08,-2.921e-08,-1.4538e-08
-0.04,-0.04,-0.04,0.05236,0.10472,-5.6327e-09,-4.9225e-08,-4.2176e-08,-2.2855e-08,3.988e-10,2.1607e-08,4.7667e-08,-3.421e-08,-1.6045e-09,-1.8382e-08,-2.6404e-08,-1.9741e-08
0,-0.04,-0.04,0.05236,0.10472,-1.0417e-08,-4.7309e-08,-3.557e-08,-2.1834e-08,1.7861e-09,3.0562e-08,4.1789e-08,-3.5359e-08,-1.4876e-09,-1.9954e-08,-3.2227e-08,-1.5945e-08
0.04,-0.04,-0.04,0.05236,0.10472,-1.5829e-08,-4.3507e-08,-2.8889e-08,-2.1129e-08,1.669e-09,3.9229e-08,3.7353e-08,-3.7752e-08,-1.931e-09,-2.041e-08,-3.8589e-08,-1.2487e-08
-0.04,0,-0.04,0.05236,0.10472,-5.8353e-09,-5.0785e-08,-4.8505e-08,-2.8217e-08,7.9108e-10,1.8528e-08,4.5134e-08,-2.9147e-08,1.1657e-09,-2.056e-08,-2.5643e-08,-1.4489e-08
0,0,-0.04,0.05236,0.10472,-9.5829e-09,-4.9191e-08,-4.0239e-08,-2.7174e-08,1.1856e-09,2.6693e-08,3.9517e-08,-3.0035e-08,1.0188e-09,-2.123e-08,-3.0916e-08,-1.1974e-08
0.04,0,-0.04,0.05236,0.10472,-1.4679e-08,-4.6084e-08,-3.2994e-08,-2.5662e-08,1.6162e-09,3.4326e-08,3.5431e-08,-3.1168e-08,1.8238e-09,-2.3007e-08,-3.7366e-08,-9.121e-09
-0.04,0.04,-0.04,0.05236,0.10472,-5.4387e-09,-5.15e-08,-5.6209e-08,-3.4785e-08,-9.8974e-10,1.4678e-08,4.0389e-08,-2.4267e-08,3.7534e-09,-2.1997e-08,-2.4046e-08,-1.0409e-08
0,0.04,-0.04,0.05236,0.10472,-9.1914e-09,-5.1241e-08,-4.6039e-08,-3.3694e-08,1.6887e-10,2.2429e-08,3.6295e-08,-2.5013e-08,4.8297e-09,-2.3629e-08,-2.9112e-08,-8.5896e-09
0.04,0.04,-0.04,0.05236,0.10472,-1.3455e-08,-4.7418e-08,-3.7384e-08,-3.1565e-08,1.3938e-09,2.9562e-08,3.2544e-08,-2.5643e-08,5.6244e-09,-2.5081e-08,-3.3844e-08,-7.2022e-09
0,-0.08,0,0.05236,0.10472,-9.0737e-09,-5.1267e-08,-2.9073e-08,-1.6071e-08,6.8625e-09,2.9866e-08,3.6426e-08,-3.7405e-08,-6.693e-09,-1.407e-08,-3.3203e-08,-1.6684e-08
-0.04,-0.04,0,0.05236,0.10472,-4.0973e-09,-5.7195e-08,-3.8605e-08,-2.0169e-08,7.2673e-09,2.1475e-08,3.9217e-08,-3.0349e-08,-3.545e-09,-1.4276e-08,-2.7241e-08,-1.474e-08
0,-0.04,0,0.05236,0.10472,-9.7954e-09,-5.5224e-08,-3.3447e-08,-1.9211e-08,6.8027e-09,2.8043e-08,3.6372e-08,-3.1373e-08,-4.3692e-09,-1.5056e-08,-3.3119e-08,-1.2026e-08
0.04,-0.04,0,0.05236,0.10472,-1.6527e-08,-5.1459e-08,-2.8161e-08,-1.8592e-08,6.03e-09,3.43e-08,3.1916e-08,-3.221e-08,-5.3392e-09,-1.5114e-08,-3.9773e-08,-8.8774e-09
-0.08,0,0,0.05236,0.10472,-4.8944e-10,-6.3687e-08,-5.1652e-08,-2.5869e-08,8.3351e-09,1.2305e-08,4.0562e-08,-2.4481e-08,-1.1994e-09,-1.4875e-08,-2.2026e-08,-1.2583e-08
-0.04,0,0,0.05236,0.10472,-4.1323e-09,-6.1766e-08,-4.4993e-08,-2.4484e-08,7.7871e-09,1.8023e-08,3.7533e-08,-2.5407e-08,-1.2499e-09,-1.5399e-08,-2.57e-08,-1.0424e-08
0,0,0,0.05236,0.10472,-9.0364e-09,-5.8668e-08,-3.8286e-08,-2.4114e-08,6.831e-09,2.4332e-08,3.335e-08,-2.6726e-08,-1.2974e-09,-1.5483e-08,-3.1248e-08,-8.0841e-09
0.04,0,0,0.05236,0.10472,-1.5341e-08,-5.4261e-08,-3.1859e-08,-2.2389e-08,5.8661e-09,3.1038e-08,3.0019e-08,-2.7992e-08,-1.594e-09,-1.5618e-08,-3.8533e-08,-5.9302e-09
0.08,0,0,0.05236,0.10472,-2.1751e-08,-4.8147e-08,-2.5994e-08,-2.0953e-08,5.3745e-09,3.7599e-08,2.7173e-08,-2.7989e-08,-1.2033e-09,-1.5422e-08,-4.7007e-08,-4.1335e-09
-0.04,0.04,0,0.05236,0.10472,-4.3248e-09,-6.2639e-08,-5.0837e-08,-3.2289e-08,7.613e-09,1.5194e-08,3.5033e-08,-2.1865e-08,1.6891e-09,-1.6729e-08,-2.5302e-08,-6.5774e-09
0,0.04,0,0.05236,0.10472,-8.7258e-09,-6.0325e-08,-4.2859e-08,-3.0468e-08,6.9033e-09,2.0616e-08,3.1848e-08,-2.2385e-08,2.2148e-09,-1.6686e-08,-2.8695e-08,-4.5485e-09
0.04,0.04,0,0.05236,0.10472,-1.3888e-08,-5.5504e-08,-3.4752e-08,-2.7719e-08,6.156e-09,2.6015e-08,2.893e-08,-2.3406e-08,3.3355e-09,-1.6908e-08,-3.566e-08,-3.5733e-09
0,0.08,0,0.05236,0.10472,-7.9573e-09,-6.0318e-08,-4.6873e-08,-3.852e-08,6.3543e-09,1.7328e-08,2.9602e-08,-1.9561e-08,7.3551e-09,-1.6935e-08,-2.7686e-08,-2.8957e-09
-0.04,-0.04,0.04,0.05236,0.10472,-1.4975e-09,-6.8862e-08,-3.6273e-08,-1.6152e-08,1.3705e-08,1.9383e-08,3.2546e-08,-2.5494e-08,-6.5319e-09,-1.0883e-08,-2.715e-08,-7.773e-09
0,-0.04,0.04,0.05236,0.10472,-7.8384e-09,-6.4587e-08,-3.1178e-08,-1.6452e-08,1.2075e-08,2.4456e-08,2.9797e-08,-2.6688e-08,-7.386e-09,-1.1044e-08,-3.2542e-08,-5.9357e-09
0.04,-0.04,0.04,0.05236,0.10472,-1.5431e-08,-6.0552e-08,-2.6557e-08,-1.5345e-08,1.0256e-08,3.051e-08,2.6826e-08,-2.7065e-08,-9.2257e-09,-1.0363e-08,-3.906e-08,-3.6109e-09
-0.04,0,0.04,0.05236,0.10472,-2.3956e-09,-7.3307e-08,-4.0599e-08,-2.1493e-08,1.4931e-08,1.7559e-08,3.0882e-08,-2.2166e-08,-4.6465e-09,-1.1378e-08,-2.5919e-08,-4.4291e-09
0,0,0.04,0.05236,0.10472,-7.2607e-09,-7.0106e-08,-3.4672e-08,-1.9859e-08,1.2698e-08,2.1827e-08,2.8249e-08,-2.3045e-08,-5.1061e-09,-1.0756e-08,-3.1507e-08,-2.8941e-09
0.04,0,0.04,0.05236,0.10472,-1.498e-08,-6.3636e-08,-2.936e-08,-1.8855e-08,1.0225e-08,2.732e-08,2.5993e-08,-2.3332e-08,-5.6239e-09,-1.0124e-08,-3.6833e-08,-1.6874e-09
-0.04,0.04,0.04,0.05236,0.10472,-2.8196e-09,-7.6189e-08,-4.5554e-08,-2.6323e-08,1.583e-08,1.4665e-08,2.9075e-08,-1.9497e-08,-1.0506e-09,-1.1437e-08,-2.4694e-08,-1.7014e-09
0,0.04,0.04,0.05236,0.10472,-7.6018e-09,-7.1999e-08,-3.8643e-08,-2.4897e-08,1.2242e-08,1.9603e-08,2.7638e-08,-1.9871e-08,-6.7768e-10,-1.066e-08,-2.923e-08,-1.1353e-10
0.04,0.04,0.04,0.05236,0.10472,-1.3e-08,-6.6483e-08,-3.2467e-08,-2.3445e-08,1.0906e-08,2.3537e-08,2.4979e-08,-2.0389e-08,-7.3685e-10,-8.9275e-09,-3.5361e-08,7.443e-11
0,0,0.08,0.05236,0.10472,-5.8605e-09,-8.2642e-08,-3.222e-08,-1.4808e-08,1.7845e-08,2.0171e-08,2.3985e-08,-1.9264e-08,-9.2588e-09,-6.3112e-09,-2.9651e-08,3.0449e-09
0,0,-0.08,0.10472,0.10472,-1.0463e-08,-4.0718e-08,-4.4083e-08,-2.653e-08,-3.28e-09,2.5588e-08,4.4956e-08,-3.2604e-08,1.6868e-09,-2.6482e-08,-2.8598e-08,-1.6669e-08
-0.04,-0.04,-0.04,0.10472,0.10472,-5.1717e-09,-4.7898e-08,-4.3541e-08,-2.0711e-08,2.5081e-09,2.0355e-08,4.797e-08,-3.5774e-08,-2.554e-09,-1.7852e-08,-2.6026e-08,-2.1564e-08
0,-0.04,-0.04,0.10472,0.10472,-1.0528e-08,-4.5589e-08,-3.6859e-08,-1.9615e-08,2.8581e-09,2.8636e-08,4.2533e-08,-3.7311e-08,-3.0623e-09,-1.8326e-08,-3.2351e-08,-1.8292e-08
0.04,-0.04,-0.04,0.10472,0.10472,-1.6331e-08,-4.3771e-08,-3.1138e-08,-1.8997e-08,2.8557e-09,3.8162e-08,3.8139e-08,-3.8245e-08,-3.4051e-09,-1.9722e-08,-3.9165e-08,-1.4663e-08
-0.04,0,-0.04,0.10472,0.10472,-5.5836e-09,-5.0506e-08,-5.0523e-08,-2.5798e-08,1.4179e-09,1.6912e-08,4.4507e-08,-2.9259e-08,-6.9487e-10,-1.9874e-08,-2.5333e-08,-1.7082e-08
0,0,-0.04,0.10472,0.10472,-1.023e-08,-4.8736e-08,-4.2468e-08,-2.5442e-08,1.972e-09,2.4821e-08,3.9231e-08,-3.0858e-08,-4.033e-10,-2.0716e-08,-2.9931e-08,-1.4108e-08
0.04,0,-0.04,0.10472,0.10472,-1.514e-08,-4.5841e-08,-3.4071e-08,-2.2948e-08,2.0342e-09,3.3385e-08,3.5313e-08,-3.1397e-08,-2.2444e-10,-2.0526e-08,-3.6921e-08,-1.0837e-08
-0.04,0.04,-0.04,0.10472,0.10472,-6.1908e-09,-5.2968e-08,-5.7179e-08,-3.232e-08,6.3907e-10,1.3566e-08,4.0644e-08,-2.4979e-08,2.096e-09,-2.1325e-08,-2.422e-08,-1.2443e-08
0,0.04,-0.04,0.10472,0.10472,-9.3706e-09,-5.0003e-08,-4.7881e-08,-3.0563e-08,1.6476e-09,2.0822e-08,3.7041e-08,-2.5985e-08,3.3195e-09,-2.2138e-08,-2.8789e-08,-1.0673e-08
0.04,0.04,-0.04,0.10472,0.10472,-1.3954e-08,-4.6467e-08,-3.7889e-08,-2.9139e-08,1.7056e-09,2.7271e-08,3.2595e-08,-2.6535e-08,4.0342e-09,-2.3224e-08,-3.4491e-08,-8.5851e-09
0,-0.08,0,0.10472,0.10472,-9.8194e-09,-4.9824e-08,-3.0602e-08,-1.4344e-08,8.1225e-09,2.9142e-08,3.8064e-08,-3.9671e-08,-8.0804e-09,-1.3078e-08,-3.2888e-08,-1.8042e-08
-0.04,-0.04,0,0.10472,0.10472,-4.1916e-09,-5.7e-08,-4.008e-08,-1.7733e-08,8.5609e-09,1.9948e-08,3.9477e-08,-3.1703e-08,-5.6097e-09,-1.3957e-08,-2.7199e-08,-1.7748e-08
0,-0.04,0,0.10472,0.10472,-1.0244e-08,-5.4014e-08,-3.3995e-08,-1.7317e-08,8.4754e-09,2.6501e-08,3.6556e-08,-3.2997e-08,-5.5263e-09,-1.3771e-08,-3.2495e-08,-1.3599e-08
0.04,-0.04,0,0.10472,0.10472,-1.673e-08,-4.9598e-08,-2.973e-08,-1.6262e-08,7.4947e-09,3.4042e-08,3.214e-08,-3.3602e-08,-7.0918e-09,-1.3979e-08,-3.9783e-08,-1.103e-08
-0.08,0,0,0.10472,0.10472,-7.2194e-10,-6.2546e-08,-5.3693e-08,-2.2535e-08,1.0353e-08,1.1651e-08,4.178e-08,-2.5947e-08,-2.8075e-09,-1.3988e-08,-2.1709e-08,-1.5893e-08
-0.04,0,0,0.10472,0.10472,-4.364e-09,-6.0742e-08,-4.6508e-08,-2.3042e-08,9.0853e-09,1.7261e-08,3.8039e-08,-2.6909e-08,-2.9868e-09,-1.4749e-08,-2.5442e-08,-1.2426e-08
0,0,0,0.10472,0.10472,-1.0052e-08,-5.7366e-08,-3.9002e-08,-2.1015e-08,7.7559e-09,2.3677e-08,3.4278e-08,-2.8054e-08,-3.362e-09,-1.508e-08,-3.1413e-08,-9.876e-09
0.04,0,0,0.10472,0.10472,-1.5834e-08,-5.3124e-08,-3.2532e-08,-2.0057e-08,7.0605e-09,2.9469e-08,3.0631e-08,-2.8558e-08,-3.5733e-09,-1.4635e-08,-3.8246e-08,-7.8358e-09
0.08,0,0,0.10472,0.10472,-2.2723e-08,-4.7902e-08,-2.6575e-08,-1.9324e-08,6.0872e-09,3.6124e-08,2.7369e-08,-2.8636e-08,-4.1348e-09,-1.4089e-08,-4.6506e-08,-5.8341e-09
-0.04,0.04,0,0.10472,0.10472,-5.0016e-09,-6.354e-08,-5.2382e-08,-2.8236e-08,8.0968e-09,1.4392e-08,3.5573e-08,-2.2667e-08,4.9489e-10,-1.5541e-08,-2.4569e-08,-8.999e-09
0,0.04,0,0.10472,0.10472,-9.1772e-09,-6.0691e-08,-4.351e-08,-2.664e-08,7.1433e-09,1.9678e-08,3.2252e-08,-2.3767e-08,3.5868e-10,-1.5098e-08,-2.929e-08,-6.5725e-09
0.04,0.04,0,0.10472,0.10472,-1.3958e-08,-5.5044e-08,-3.5493e-08,-2.479e-08,6.6894e-09,2.4599e-08,2.8522e-08,-2.4303e-08,5.6496e-10,-1.4978e-08,-3.5139e-08,-5.5967e-09
0,0.08,0,0.10472,0.10472,-8.2935e-09,-5.9426e-08,-4.6696e-08,-3.4367e-08,7.1416e-09,1.5553e-08,2.9798e-08,-2.012e-08,4.8188e-09,-1.6469e-08,-2.7971e-08,-4.5113e-09
-0.04,-0.04,0.04,0.10472,0.10472,-1.5678e-09,-6.7634e-08,-3.7158e-08,-1.4086e-08,1.6075e-08,1.8174e-08,3.2415e-08,-2.7354e-08,-8.0238e-09,-9.685e-09,-2.6255e-08,-1.1668e-08
0,-0.04,0.04,0.10472,0.10472,-8.4907e-09,-6.3199e-08,-3.214e-08,-1.3728e-08,1.3173e-08,2.361e-08,2.9879e-08,-2.7838e-08,-9.7131e-09,-1.0051e-08,-3.1775e-08,-8.0372e-09
0.04,-0.04,0.04,0.10472,0.10472,-1.6797e-08,-5.8664e-08,-2.7813e-08,-1.3269e-08,1.1418e-08,2.9683e-08,2.7821e-08,-2.916e-08,-1.0702e-08,-9.0849e-09,-3.9854e-08,-5.3681e-09
-0.04,0,0.04,0.10472,0.10472,-2.6752e-09,-7.345e-08,-4.1429e-08,-1.8047e-08,1.6394e-08,1.6629e-08,3.1295e-08,-2.4022e-08,-6.2575e-09,-1.0147e-08,-2.5559e-08,-7.5312e-09
0,0,0.04,0.10472,0.10472,-8.5981e-09,-6.9587e-08,-3.5384e-08,-1.7062e-08,1.2799e-08,2.0792e-08,2.9006e-08,-2.403e-08,-7.1369e-09,-9.7613e-09,-3.0896e-08,-5.4627e-09
0.04,0,0.04,0.10472,0.10472,-1.5326e-08,-6.3063e-08,-2.9441e-08,-1.6361e-08,1.113e-08,2.6049e-08,2.6595e-08,-2.482e-08,-7.6396e-09,-8.9084e-09,-3.6484e-08,-3.1821e-09
-0.04,0.04,0.04,0.10472,0.10472,-3.439e-09,-7.7285e-08,-4.6279e-08,-2.3126e-08,1.6279e-08,1.3804e-08,2.9475e-08,-2.0418e-08,-3.5813e-09,-1.0346e-08,-2.4817e-08,-3.7728e-09
0,0.04,0.04,0.10472,0.10472,-7.684e-09,-7.1599e-08,-3.8688e-08,-2.1716e-08,1.3771e-08,1.8013e-08,2.7614e-08,-2.1179e-08,-3.6685e-09,-9.7476e-09,-2.9219e-08,-2.4599e-09
0.04,0.04,0.04,0.10472,0.10472,-1.4484e-08,-6.5477e-08,-3.2945e-08,-2.0909e-08,1.1065e-08,2.2631e-08,2.5501e-08,-2.1313e-08,-3.4459e-09,-8.4463e-09,-3.4621e-08,-1.4125e-09
0,0,0.08,0.10472,0.10472,-6.5104e-09,-8.1619e-08,-3.3258e-08,-1.1964e-08,1.8912e-08,1.9175e-08,2.4343e-08,-2.0472e-08,-1.1115e-08,-5.0954e-09,-2.9603e-08,7.2427e-10
0,0,-0.08,0.15708,0.10472,-1.0402e-08,-4.0963e-08,-4.6314e-08,-2.4763e-08,-2.4293e-09,2.3686e-08,4.4862e-08,-3.279e-08,3.5492e-10,-2.5425e-08,-2.8006e-08,-1.8267e-08
-0.04,-0.04,-0.04,0.15708,0.10472,-5.3745e-09,-4.7255e-08,-4.4724e-08,-1.8448e-08,3.3595e-09,1.8476e-08,4.8218e-08,-3.5639e-08,-4.0623e-09,-1.677e-08,-2.6112e-08,-2.4766e-08
0,-0.04,-0.04,0.15708,0.10472,-1.0888e-08,-4.5134e-08,-3.7689e-08,-1.8053e-08,4.1216e-09,2.7652e-08,4.2282e-08,-3.7415e-08,-4.5998e-09,-1.729e-08,-3.1211e-08,-2.0143e-08
0.04,-0.04,-0.04,0.15708,0.10472,-1.6211e-08,-4.2247e-08,-3.1103e-08,-1.7119e-08,3.9565e-09,3.6498e-08,3.7611e-08,-3.9272e-08,-5.5275e-09,-1.8681e-08,-3.8155e-08,-1.618e-08
-0.04,0,-0.04,0.15708,0.10472,-5.8232e-09,-5.0469e-08,-5.2538e-08,-2.2838e-08,3.1829e-09,1.5982e-08,4.5323e-08,-2.975e-08,-2.0313e-09,-1.8136e-08,-2.4908e-08,-1.9259e-08
0,0,-0.04,0.15708,0.10472,-1.0333e-08,-4.7777e-08,-4.3439e-08,-2.2171e-08,2.8673e-09,2.3317e-08,4.0115e-08,-3.1747e-08,-2.1076e-09,-1.9663e-08,-2.9149e-08,-1.5836e-08
0.04,0,-0.04,0.15708,0.10472,-1.5483e-08,-4.47e-08,-3.5315e-08,-2.1326e-08,3.4746e-09,3.1579e-08,3.4657e-08,-3.2391e-08,-1.6574e-09,-1.9894e-08,-3.6255e-08,-1.2965e-08
-0.04,0.04,-0.04,0.15708,0.10472,-6.1326e-09,-5.2142e-08,-6.0743e-08,-2.9059e-08,1.8205e-09,1.2329e-08,3.959e-08,-2.5379e-08,8.3279e-10,-2.0068e-08,-2.3411e-08,-1.4256e-08
0,0.04,-0.04,0.15708,0.10472,-1.0305e-08,-4.9747e-08,-4.8087e-08,-2.8114e-08,2.2456e-09,1.8488e-08,3.6701e-08,-2.6353e-08,1.313e-09,-2.1313e-08,-2.8227e-08,-1.1991e-08
0.04,0.04,-0.04,0.15708,0.10472,-1.3967e-08,-4.6429e-08,-3.9338e-08,-2.6403e-08,2.4929e-09,2.4697e-08,3.2472e-08,-2.722e-08,1.3757e-09,-2.12e-08,-3.3884e-08,-1.0468e-08
0,-0.08,0,0.15708,0.10472,-9.3603e-09,-4.8714e-08,-3.1021e-08,-1.1807e-08,9.6766e-09,2.8469e-08,3.7922e-08,-4.1139e-08,-9.2957e-09,-1.2284e-08,-3.3685e-08,-2.041e-08
-0.04,-0.04,0,0.15708,0.10472,-4.0677e-09,-5.609e-08,-4.2369e-08,-1.5568e-08,1.0267e-08,1.8707e-08,4.0565e-08,-3.2214e-08,-6.7979e-09,-1.3034e-08,-2.6868e-08,-2.0315e-08
0,-0.04,0,0.15708,0.10472,-9.8358e-09,-5.3567e-08,-3.5756e-08,-1.4767e-08,9.5007e-09,2.4459e-08,3.6137e-08,-3.4004e-08,-7.5555e-09,-1.3203e-08,-3.2059e-08,-1.6718e-08
0.04,-0.04,0,0.15708,0.10472,-1.7144e-08,-4.9499e-08,-3.0759e-08,-1.3941e-08,7.7556e-09,3.2675e-08,3.2224e-08,-3.588e-08,-9.1859e-09,-1.3032e-08,-3.8764e-08,-1.2001e-08
-0.08,0,0,0.15708,0.10472,-6.5589e-10,-6.2252e-08,-5.5008e-08,-2.0378e-08,1.2375e-08,1.1294e-08,4.1833e-08,-2.6304e-08,-4.2168e-09,-1.3609e-08,-2.1662e-08,-1.9293e-08
-0.04,0,0,0.15708,0.10472,-4.9159e-09,-5.9215e-08,-4.71e-08,-1.9203e-08,9.9344e-09,1.6073e-08,3.7601e-08,-2.796e-08,-4.732e-09,-1.3365e-08,-2.5368e-08,-1.4825e-08
0,0,0,0.15708,0.10472,-9.711e-09,-5.6731e-08,-4.0209e-08,-1.9222e-08,8.864e-09,2.1835e-08,3.4531e-08,-2.9155e-08,-5.0836e-09,-1.3654e-08,-3.0287e-08,-1.2052e-08
0.04,0,0,0.15708,0.10472,-1.6284e-08,-5.2675e-08,-3.3821e-08,-1.7889e-08,7.7792e-09,2.7627e-08,3.1412e-08,-2.9507e-08,-5.6729e-09,-1.3199e-08,-3.6482e-08,-9.7975e-09
0.08,0,0,0.15708,0.10472,-2.3269e-08,-4.7875e-08,-2.7064e-08,-1.6924e-08,6.8516e-09,3.4653e-08,2.7455e-08,-3.0119e-08,-6.9021e-09,-1.1878e-08,-4.5336e-08,-7.1316e-09
-0.04,0.04,0,0.15708,0.10472,-5.0318e-09,-6.2663e-08,-5.3652e-08,-2.4934e-08,9.5474e-09,1.3104e-08,3.4944e-08,-2.319e-08,-2.1786e-09,-1.4639e-08,-2.4871e-08,-1.1409e-08
0,0.04,0,0.15708,0.10472,-9.311e-09,-5.87e-08,-4.4731e-08,-2.3353e-08,7.6577e-09,1.7323e-08,3.1678e-08,-2.4859e-08,-1.4819e-09,-1.434e-08,-2.9201e-08,-9.0448e-09
0.04,0.04,0,0.15708,0.10472,-1.4848e-08,-5.4317e-08,-3.5946e-08,-2.2548e-08,7.4558e-09,2.3577e-08,2.8758e-08,-2.4935e-08,-1.14e-09,-1.385e-08,-3.4991e-08,-6.6827e-09
0,0.08,0,0.15708,0.10472,-8.2518e-09,-5.8945e-08,-4.9419e-08,-3.0056e-08,7.0295e-09,1.4233e-08,2.8712e-08,-2.1058e-08,3.2846e-09,-1.4971e-08,-2.6735e-08,-6.6003e-09
-0.04,-0.04,0.04,0.15708,0.10472,-9.322e-10,-6.7806e-08,-3.8982e-08,-1.1745e-08,1.6914e-08,1.7626e-08,3.2591e-08,-2.8354e-08,-9.7186e-09,-9.0088e-09,-2.6209e-08,-1.3527e-08
0,-0.04,0.04,0.15708,0.10472,-8.1999e-09,-6.2388e-08,-3.3273e-08,-1.1433e-08,1.4488e-08,2.2727e-08,3.0798e-08,-2.9857e-08,-1.1023e-08,-8.9938e-09,-3.1815e-08,-1.048e-08
0.04,-0.04,0.04,0.15708,0.10472,-1.584e-08,-5.7563e-08,-2.8365e-08,-1.1025e-08,1.2121e-08,2.7957e-08,2.7899e-08,-3.0363e-08,-1.337e-08,-7.9147e-09,-3.9696e-08,-7.4645e-09
-0.04,0,0.04,0.15708,0.10472,-3.4564e-09,-7.2515e-08,-4.3415e-08,-1.5073e-08,1.7299e-08,1.5051e-08,3.1543e-08,-2.4766e-08,-7.7855e-09,-9.5311e-09,-2.549e-08,-9.8065e-09
0,0,0.04,0.15708,0.10472,-9.0513e-09,-6.6783e-08,-3.7301e-08,-1.4672e-08,1.4064e-08,1.9607e-08,2.9025e-08,-2.5139e-08,-8.469e-09,-9.0628e-09,-2.953e-08,-6.9543e-09
0.04,0,0.04,0.15708,0.10472,-1.6013e-08,-6.2453e-08,-3.0971e-08,-1.2939e-08,1.1889e-08,2.5317e-08,2.6644e-08,-2.6122e-08,-1.0318e-08,-7.0552e-09,-3.6422e-08,-5.1268e-09
-0.04,0.04,0.04,0.15708,0.10472,-3.4133e-09,-7.6401e-08,-4.7338e-08,-1.8571e-08,1.7264e-08,1.2777e-08,2.9857e-08,-2.1204e-08,-5.1518e-09,-9.1746e-09,-2.4342e-08,-7.2203e-09
0,0.04,0.04,0.15708,0.10472,-8.6123e-09,-7.0494e-08,-3.9957e-08,-1.8405e-08,1.3872e-08,1.6936e-08,2.7773e-08,-2.1587e-08,-5.0893e-09,-8.2404e-09,-2.9041e-08,-4.7373e-09
0.04,0.04,0.04,0.15708,0.10472,-1.3597e-08,-6.448e-08,-3.3124e-08,-1.723e-08,1.1866e-08,2.1682e-08,2.5275e-08,-2.2524e-08,-5.8091e-09,-7.1769e-09,-3.4353e-08,-3.5896e-09
0,0,0.08,0.15708,0.10472,-6.3952e-09,-8.1471e-08,-3.3538e-08,-8.9753e-09,1.9414e-08,1.8082e-08,2.4584e-08,-2.1476e-08,-1.3454e-08,-4.4175e-09,-2.9453e-08,-1.2908e-09
0,0,-0.08,0.05236,0.15708,-9.8803e-09,-4.1019e-08,-4.2437e-08,-2.8606e-08,-3.9732e-09,2.7745e-08,4.5033e-08,-3.2803e-08,3.2971e-09,-2.7054e-08,-2.9528e-08,-1.509e-08
-0.04,-0.04,-0.04,0.05236,0.15708,-5.5891e-09,-4.898e-08,-4.2411e-08,-2.2701e-08,1.7059e-09,2.1367e-08,4.8298e-08,-3.4471e-08,-1.439e-09,-1.8753e-08,-2.6685e-08,-2.0066e-08
0,-0.04,-0.04,0.05236,0.15708,-1.0153e-08,-4.6665e-08,-3.5415e-08,-2.2334e-08,1.4508e-09,2.9824e-08,4.1783e-08,-3.6188e-08,-1.5307e-09,-1.9801e-08,-3.232e-08,-1.5839e-08
0.04,-0.04,-0.04,0.05236,0.15708,-1.5776e-08,-4.3736e-08,-2.9219e-08,-2.0892e-08,1.845e-09,3.972e-08,3.7244e-08,-3.6655e-08,-1.7648e-09,-2.0693e-08,-3.933e-08,-1.2681e-08
-0.04,0,-0.04,0.05236,0.15708,-5.5722e-09,-5.1318e-08,-4.9098e-08,-2.8161e-08,-2.8035e-10,1.8407e-08,4.4495e-08,-2.8458e-08,7.3257e-10,-2.0385e-08,-2.6123e-08,-1.3892e-08
0,0,-0.04,0.05236,0.15708,-9.9697e-09,-4.9053e-08,-4.0339e-08,-2.6832e-08,1.8317e-09,2.7022e-08,4.0134e-08,-2.9686e-08,1.1866e-09,-2.1818e-08,-2.9848e-08,-1.1559e-08
0.04,0,-0.04,0.05236,0.15708,-1.5211e-08,-4.5191e-08,-3.3967e-08,-2.5236e-08,1.9355e-09,3.3686e-08,3.5181e-08,-3.0735e-08,2.0742e-09,-2.2665e-08,-3.7011e-08,-9.1149e-09
-0.04,0.04,-0.04,0.05236,0.15708,-5.3457e-09,-5.2531e-08,-5.6716e-08,-3.5859e-08,3.9681e-13,1.5047e-08,4.105e-08,-2.4343e-08,3.8633e-09,-2.1896e-08,-2.4293e-08,-1.0071e-08
0,0.04,-0.04,0.05236,0.15708,-9.3471e-09,-5.1325e-08,-4.6432e-08,-3.3772e-08,3.1423e-10,2.1762e-08,3.6569e-08,-2.4745e-08,4.977e-09,-2.3855e-08,-2.8784e-08,-8.5585e-09
0.04,0.04,-0.04,0.05236,0.15708,-1.3425e-08,-4.6674e-08,-3.6425e-08,-3.1558e-08,1.7921e-09,2.8502e-08,3.2257e-08,-2.5963e-08,6.135e-09,-2.4656e-08,-3.5075e-08,-6.8829e-09
0,-0.08,0,0.05236,0.15708,-9.6267e-09,-5.0513e-08,-2.9417e-08,-1.6009e-08,6.8124e-09,3.0233e-08,3.6632e-08,-3.8308e-08,-6.5831e-09,-1.3881e-08,-3.3552e-08,-1.6e-08
-0.04,-0.04,0,0.05236,0.15708,-3.7917e-09,-5.7951e-08,-3.9471e-08,-2.0156e-08,7.7734e-09,2.0295e-08,3.981e-08,-3.0558e-08,-3.9288e-09,-1.4761e-08,-2.7421e-08,-1.5155e-08
0,-0.04,0,0.05236,0.15708,-9.7634e-09,-5.5808e-08,-3.3474e-08,-1.9716e-08,6.9278e-09,2.7759e-08,3.5856e-08,-3.1564e-08,-4.1966e-09,-1.4928e-08,-3.254e-08,-1.111e-08
0.04,-0.04,0,0.05236,0.15708,-1.691e-08,-5.0634e-08,-2.8468e-08,-1.8706e-08,6.1135e-09,3.4696e-08,3.1557e-08,-3.2549e-08,-5.2997e-09,-1.5834e-08,-3.9124e-08,-8.6675e-09
-0.08,0,0,0.05236,0.15708,-5.5055e-10,-6.3261e-08,-5.1575e-08,-2.5844e-08,8.5264e-09,1.2633e-08,4.0945e-08,-2.4716e-08,-1.7579e-09,-1.5068e-08,-2.1793e-08,-1.3306e-08
-0.04,0,0,0.05236,0.15708,-4.6012e-09,-6.0938e-08,-4.6356e-08,-2.5296e-08,7.515e-09,1.737e-08,3.7141e-08,-2.5976e-08,-1.2461e-09,-1.5096e-08,-2.598e-08,-9.9746e-09
0,0,0,0.05236,0.15708,-9.0291e-09,-5.6651e-08,-3.8044e-08,-2.3942e-08,7.3074e-09,2.3703e-08,3.3649e-08,-2.6927e-08,-1.3146e-09,-1.653e-08,-3.1215e-08,-7.9765e-09
0.04,0,0,0.05236,0.15708,-1.5071e-08,-5.3126e-08,-3.155e-08,-2.3636e-08,5.7496e-09,3.0566e-08,3.0469e-08,-2.7334e-08,-1.3538e-09,-1.6073e-08,-3.7436e-08,-6.0998e-09
0.08,0,0,0.05236,0.15708,-2.3047e-08,-4.8059e-08,-2.5189e-08,-2.0838e-08,5.3899e-09,3.7432e-08,2.7252e-08,-2.7915e-08,-2.1715e-09,-1.6218e-08,-4.6289e-08,-4.485e-09
-0.04,0.04,0,0.05236,0.15708,-4.4985e-09,-6.3276e-08,-5.0134e-08,-3.1236e-08,7.3279e-09,1.5317e-08,3.4809e-08,-2.2009e-08,1.9117e-09,-1.6192e-08,-2.4953e-08,-5.9337e-09
0,0.04,0,0.05236,0.15708,-8.8733e-09,-5.9522e-08,-4.3181e-08,-2.9923e-08,6.9009e-09,2.1089e-08,3.1644e-08,-2.2469e-08,2.7629e-09,-1.6845e-08,-2.9435e-08,-4.6974e-09
0.04,0.04,0,0.05236,0.15708,-1.3769e-08,-5.5483e-08,-3.5012e-08,-2.8474e-08,5.663e-09,2.669e-08,2.8709e-08,-2.3228e-08,2.7781e-09,-1.6597e-08,-3.6291e-08,-3.5248e-09
0,0.08,0,0.05236,0.15708,-7.8208e-09,-6.041e-08,-4.7354e-08,-3.8529e-08,6.6314e-09,1.7544e-08,2.985e-08,-1.9354e-08,6.8729e-09,-1.6913e-08,-2.7878e-08,-2.9421e-09
-0.04,-0.04,0.04,0.05236,0.15708,-2.0095e-09,-6.8594e-08,-3.6174e-08,-1.6953e-08,1.4529e-08,1.9379e-08,3.2346e-08,-2.5524e-08,-6.2024e-09,-1.1089e-08,-2.6986e-08,-8.3805e-09
0,-0.04,0.04,0.05236,0.15708,-8.1676e-09,-6.4622e-08,-3.1036e-08,-1.5804e-08,1.2092e-08,2.4675e-08,2.922e-08,-2.6183e-08,-7.9284e-09,-1.0638e-08,-3.1956e-08,-6.2977e-09
0.04,-0.04,0.04,0.05236,0.15708,-1.6417e-08,-5.9591e-08,-2.6842e-08,-1.5441e-08,1.0131e-08,3.0445e-08,2.6503e-08,-2.7679e-08,-8.9597e-09,-1.047e-08,-3.893e-08,-3.5916e-09
-0.04,0,0.04,0.05236,0.15708,-2.7908e-09,-7.4147e-08,-4.039e-08,-2.0685e-08,1.4362e-08,1.7517e-08,3.1203e-08,-2.2169e-08,-4.1689e-09,-1.1231e-08,-2.5902e-08,-4.8133e-09
0,0,0.04,0.05236,0.15708,-7.8621e-09,-6.8619e-08,-3.5085e-08,-1.9497e-08,1.221e-08,2.196e-08,2.8645e-08,-2.2982e-08,-4.907e-09,-1.0728e-08,-3.12e-08,-2.3102e-09
0.04,0,0.04,0.05236,0.15708,-1.4931e-08,-6.2866e-08,-2.9961e-08,-1.8879e-08,1.0463e-08,2.7763e-08,2.6071e-08,-2.3623e-08,-5.4399e-09,-1.0458e-08,-3.7227e-08,-1.4496e-09
-0.04,0.04,0.04,0.05236,0.15708,-3.3308e-09,-7.7728e-08,-4.5166e-08,-2.6428e-08,1.5682e-08,1.5122e-08,2.9854e-08,-1.9119e-08,-1.2509e-09,-1.1947e-08,-2.4921e-08,-1.4069e-09
0,0.04,0.04,0.05236,0.15708,-8.3472e-09,-7.1441e-08,-3.9135e-08,-2.5664e-08,1.262e-08,1.9076e-08,2.74e-08,-1.9828e-08,-4.1897e-10,-1.0693e-08,-2.9319e-08,-7.1723e-10
0.04,0.04,0.04,0.05236,0.15708,-1.3188e-08,-6.5116e-08,-3.287e-08,-2.4537e-08,1.1063e-08,2.3845e-08,2.4969e-08,-2.0168e-08,-7.4682e-10,-9.8124e-09,-3.49e-08,4.2662e-10
0,0,0.08,0.05236,0.15708,-6.0898e-09,-8.3349e-08,-3.1772e-08,-1.4834e-08,1.8232e-08,1.9967e-08,2.4084e-08,-1.9312e-08,-9.0508e-09,-6.2646e-09,-2.9651e-08,3.0148e-09
0,0,-0.08,0.10472,0.15708,-1.023e-08,-4.0679e-08,-4.401e-08,-2.6692e-08,-3.2909e-09,2.5298e-08,4.5711e-08,-3.2365e-08,1.4796e-09,-2.6375e-08,-2.8723e-08,-1.6364e-08
-0.04,-0.04,-0.04,0.10472,0.15708,-5.4549e-09,-4.7838e-08,-4.338e-08,-2.0501e-08,2.885e-09,2.1062e-08,4.8051e-08,-3.4829e-08,-2.8503e-09,-1.7687e-08,-2.6352e-08,-2.2248e-08
0,-0.04,-0.04,0.10472,0.15708,-1.0252e-08,-4.5567e-08,-3.7495e-08,-1.9629e-08,3.1313e-09,2.8197e-08,4.2236e-08,-3.6695e-08,-3.3036e-09,-1.869e-08,-3.1931e-08,-1.7395e-08
0.04,-0.04,-0.04,0.10472,0.15708,-1.6257e-08,-4.264e-08,-3.1156e-08,-1.8753e-08,2.9457e-09,3.7224e-08,3.7197e-08,-3.8117e-08,-3.9752e-09,-1.9609e-08,-3.817e-08,-1.3871e-08
-0.04,0,-0.04,0.10472,0.15708,-5.8686e-09,-5.0283e-08,-5.0379e-08,-2.5463e-08,1.683e-09,1.7581e-08,4.4782e-08,-2.9194e-08,-4.1068e-10,-1.9208e-08,-2.5042e-08,-1.6491e-08
0,0,-0.04,0.10472,0.15708,-1.0348e-08,-4.8239e-08,-4.2371e-08,-2.4849e-08,2.2236e-09,2.3907e-08,4.0036e-08,-3.0565e-08,-2.8067e-10,-2.0137e-08,-2.9757e-08,-1.3712e-08
0.04,0,-0.04,0.10472,0.15708,-1.5496e-08,-4.5264e-08,-3.4148e-08,-2.3003e-08,2.6604e-09,3.2552e-08,3.4924e-08,-3.1579e-08,-2.1247e-10,-2.1149e-08,-3.6338e-08,-1.1029e-08
-0.04,0.04,-0.04,0.10472,0.15708,-6.0404e-09,-5.2252e-08,-5.6851e-08,-3.2812e-08,6.8928e-10,1.2812e-08,4.1736e-08,-2.4458e-08,2.622e-09,-2.145e-08,-2.4179e-08,-1.2501e-08
0,0.04,-0.04,0.10472,0.15708,-9.8822e-09,-4.9838e-08,-4.8457e-08,-3.0279e-08,1.8367e-09,1.958e-08,3.6509e-08,-2.5898e-08,3.5562e-09,-2.2361e-08,-2.8201e-08,-1.0344e-08
0.04,0.04,-0.04,0.10472,0.15708,-1.4189e-08,-4.7342e-08,-3.8366e-08,-2.8999e-08,2.2942e-09,2.7433e-08,3.2087e-08,-2.6589e-08,3.6531e-09,-2.2826e-08,-3.467e-08,-8.7955e-09
0,-0.08,0,0.10472,0.15708,-9.3116e-09,-4.9028e-08,-3.0507e-08,-1.3972e-08,8.5215e-09,2.8611e-08,3.7936e-08,-3.9571e-08,-7.8617e-09,-1.3558e-08,-3.4222e-08,-1.8207e-08
-0.04,-0.04,0,0.10472,0.15708,-4.231e-09,-5.7562e-08,-4.047e-08,-1.7885e-08,1.0313e-08,2.0332e-08,4.0425e-08,-3.1689e-08,-5.2649e-09,-1.3819e-08,-2.6843e-08,-1.8302e-08
0,-0.04,0,0.10472,0.15708,-9.5e-09,-5.4446e-08,-3.4724e-08,-1.7495e-08,8.5818e-09,2.6714e-08,3.6406e-08,-3.3768e-08,-5.9659e-09,-1.3996e-08,-3.184e-08,-1.4018e-08
0.04,-0.04,0,0.10472,0.15708,-1.6187e-08,-4.9831e-08,-3.0085e-08,-1.6152e-08,7.2494e-09,3.3492e-08,3.2146e-08,-3.4273e-08,-7.3253e-09,-1.4435e-08,-3.9045e-08,-1.011e-08
-0.08,0,0,0.10472,0.15708,-5.2368e-10,-6.1597e-08,-5.4631e-08,-2.2638e-08,1.0589e-08,1.1275e-08,4.1383e-08,-2.569e-08,-2.723e-09,-1.4282e-08,-2.1828e-08,-1.4608e-08
-0.04,0,0,0.10472,0.15708,-4.483e-09,-5.9865e-08,-4.6342e-08,-2.1911e-08,9.5043e-09,1.658e-08,3.7646e-08,-2.6807e-08,-3.241e-09,-1.4679e-08,-2.5844e-08,-1.2441e-08
0,0,0,0.10472,0.15708,-9.6636e-09,-5.7582e-08,-3.8964e-08,-2.1508e-08,7.8058e-09,2.314e-08,3.4308e-08,-2.8479e-08,-3.3674e-09,-1.4816e-08,-3.0616e-08,-9.6294e-09
0.04,0,0,0.10472,0.15708,-1.56e-08,-5.2951e-08,-3.2615e-08,-1.9922e-08,6.8993e-09,2.9162e-08,3.0907e-08,-2.8665e-08,-3.7584e-09,-1.5514e-08,-3.7667e-08,-7.5372e-09
0.08,0,0,0.10472,0.15708,-2.2867e-08,-4.8185e-08,-2.6825e-08,-1.9031e-08,6.3804e-09,3.5144e-08,2.7274e-08,-2.9243e-08,-3.9448e-09,-1.4177e-08,-4.714e-08,-5.3909e-09
-0.04,0.04,0,0.10472,0.15708,-4.8915e-09,-6.3415e-08,-5.1818e-08,-2.8727e-08,9.4996e-09,1.3321e-08,3.525e-08,-2.2634e-08,-1.2891e-10,-1.585e-08,-2.4576e-08,-8.7986e-09
0,0.04,0,0.10472,0.15708,-9.4849e-09,-6.0035e-08,-4.4246e-08,-2.6994e-08,7.6162e-09,1.9395e-08,3.2046e-08,-2.3795e-08,7.3427e-10,-1.5708e-08,-2.9321e-08,-6.6876e-09
0.04,0.04,0,0.10472,0.15708,-1.4305e-08,-5.4633e-08,-3.6104e-08,-2.5145e-08,6.9774e-09,2.4627e-08,2.8706e-08,-2.4158e-08,9.8512e-10,-1.4957e-08,-3.5651e-08,-5.5527e-09
0,0.08,0,0.10472,0.15708,-8.8374e-09,-5.9225e-08,-4.7379e-08,-3.5674e-08,7.6254e-09,1.5404e-08,2.9694e-08,-2.0246e-08,5.1642e-09,-1.7331e-08,-2.7224e-08,-4.9344e-09
-0.04,-0.04,0.04,0.10472,0.15708,-2.0649e-09,-6.9322e-08,-3.6999e-08,-1.416e-08,1.6058e-08,1.8913e-08,3.2535e-08,-2.7276e-08,-8.3615e-09,-1.0021e-08,-2.6539e-08,-1.1091e-08
0,-0.04,0.04,0.10472,0.15708,-8.8618e-09,-6.3158e-08,-3.2154e-08,-1.3889e-08,1.3327e-08,2.3489e-08,3.0475e-08,-2.8371e-08,-9.07e-09,-9.902e-09,-3.2327e-08,-8.4869e-09
0.04,-0.04,0.04,0.10472,0.15708,-1.6423e-08,-5.9092e-08,-2.7894e-08,-1.3242e-08,1.1374e-08,2.9507e-08,2.7336e-08,-2.8578e-08,-1.103e-08,-9.5755e-09,-3.9473e-08,-5.1988e-09
-0.04,0,0.04,0.10472,0.15708,-2.8649e-09,-7.2525e-08,-4.1618e-08,-1.7854e-08,1.6669e-08,1.6647e-08,3.092e-08,-2.3456e-08,-5.6122e-09,-1.0263e-08,-2.5584e-08,-6.7775e-09
0,0,0.04,0.10472,0.15708,-9.0956e-09,-6.8938e-08,-3.5596e-08,-1.7901e-08,1.3618e-08,2.1159e-08,2.8776e-08,-2.4904e-08,-6.7698e-09,-1.0103e-08,-3.1064e-08,-4.6146e-09
0.04,0,0.04,0.10472,0.15708,-1.5274e-08,-6.1283e-08,-3.1016e-08,-1.6284e-08,1.1399e-08,2.5609e-08,2.591e-08,-2.494e-08,-8.1197e-09,-9.1664e-09,-3.7214e-08,-3.1839e-09
-0.04,0.04,0.04,0.10472,0.15708,-3.4866e-09,-7.8874e-08,-4.6641e-08,-2.261e-08,1.6641e-08,1.3842e-08,3.0201e-08,-2.0431e-08,-3.1866e-09,-1.0584e-08,-2.4771e-08,-3.8093e-09
0,0.04,0.04,0.10472,0.15708,-7.8999e-09,-7.0843e-08,-4.1162e-08,-2.2263e-08,1.3885e-08,1.8148e-08,2.7432e-08,-2.1179e-08,-2.7736e-09,-9.2449e-09,-2.8689e-08,-2.5828e-09
0.04,0.04,0.04,0.10472,0.15708,-1.3766e-08,-6.516e-08,-3.3089e-08,-2.0235e-08,1.1606e-08,2.2399e-08,2.5136e-08,-2.1746e-08,-3.8827e-09,-8.2161e-09,-3.4596e-08,-1.6392e-09
0,0,0.08,0.10472,0.15708,-6.6693e-09,-8.1594e-08,-3.2973e-08,-1.2283e-08,1.8593e-08,1.9132e-08,2.4125e-08,-1.9913e-08,-1.0671e-08,-5.6563e-09,-2.9391e-08,1.3911e-09
0,0,-0.08,0.15708,0.15708,-1.0671e-08,-4.088e-08,-4.6143e-08,-2.4543e-08,-1.4137e-09,2.4144e-08,4.523e-08,-3.3259e-08,3.4872e-10,-2.6013e-08,-2.8055e-08,-1.8432e-08
-0.04,-0.04,-0.04,0.15708,0.15708,-6.0544e-09,-4.711e-08,-4.4487e-08,-1.8418e-08,4.5805e-09,1.8898e-08,4.7866e-08,-3.62e-08,-4.098e-09,-1.7204e-08,-2.6028e-08,-2.4909e-08
0,-0.04,-0.04,0.15708,0.15708,-1.0964e-08,-4.435e-08,-3.7614e-08,-1.8216e-08,4.2147e-09,2.6921e-08,4.3338e-08,-3.7908e-08,-4.3818e-09,-1.7932e-08,-3.1126e-08,-2.0123e-08
0.04,-0.04,-0.04,0.15708,0.15708,-1.7415e-08,-4.2055e-08,-3.1583e-08,-1.6807e-08,4.4002e-09,3.6007e-08,3.7231e-08,-3.9625e-08,-5.5027e-09,-1.8688e-08,-3.7217e-08,-1.6005e-08
-0.04,0,-0.04,0.15708,0.15708,-5.8107e-09,-5.0601e-08,-5.2111e-08,-2.3686e-08,3.922e-09,1.584e-08,4.3846e-08,-3.0238e-08,-1.976e-09,-1.873e-08,-2.4738e-08,-1.8979e-08
0,0,-0.04,0.15708,0.15708,-1.081e-08,-4.7676e-08,-4.3853e-08,-2.2e-08,3.0711e-09,2.3276e-08,3.9494e-08,-3.1811e-08,-1.7647e-09,-1.9751e-08,-2.9954e-08,-1.5591e-08
0.04,0,-0.04,0.15708,0.15708,-1.6106e-08,-4.477e-08,-3.5678e-08,-2.0795e-08,3.5758e-09,3.0701e-08,3.5043e-08,-3.2965e-08,-1.7329e-09,-2.0232e-08,-3.6408e-08,-1.2734e-08
-0.04,0.04,-0.04,0.15708,0.15708,-5.9065e-09,-5.2391e-08,-5.8544e-08,-2.9466e-08,1.8429e-09,1.2059e-08,4.1299e-08,-2.5763e-08,7.0961e-10,-2.0456e-08,-2.3355e-08,-1.4325e-08
0,0.04,-0.04,0.15708,0.15708,-1.0298e-08,-5.0626e-08,-4.9945e-08,-2.8286e-08,3.1465e-09,1.8415e-08,3.6465e-08,-2.6435e-08,1.8113e-09,-2.1032e-08,-2.8165e-08,-1.1483e-08
0.04,0.04,-0.04,0.15708,0.15708,-1.4941e-08,-4.5012e-08,-3.9961e-08,-2.6061e-08,3.1929e-09,2.4886e-08,3.2471e-08,-2.7084e-08,2.0728e-09,-2.2413e-08,-3.3711e-08,-9.9985e-09
0,-0.08,0,0.15708,0.15708,-9.9139e-09,-4.8404e-08,-3.2002e-08,-1.2005e-08,1.024e-08,2.8456e-08,3.7926e-08,-4.1242e-08,-9.1891e-09,-1.2216e-08,-3.2857e-08,-2.0255e-08
-0.04,-0.04,0,0.15708,0.15708,-4.6712e-09,-5.5259e-08,-4.1945e-08,-1.5213e-08,1.0848e-08,1.8643e-08,4.021e-08,-3.2481e-08,-6.3291e-09,-1.352e-08,-2.7041e-08,-1.9615e-08
0,-0.04,0,0.15708,0.15708,-9.8689e-09,-5.2631e-08,-3.6439e-08,-1.5201e-08,1.0039e-08,2.4966e-08,3.6063e-08,-3.4273e-08,-7.779e-09,-1.3191e-08,-3.1715e-08,-1.5643e-08
0.04,-0.04,0,0.15708,0.15708,-1.7688e-08,-4.9612e-08,-3.0305e-08,-1.4238e-08,7.8472e-09,3.1618e-08,3.2573e-08,-3.5128e-08,-8.4125e-09,-1.2928e-08,-3.9055e-08,-1.2252e-08
-0.08,0,0,0.15708,0.15708,-6.7536e-10,-6.1271e-08,-5.5871e-08,-1.9935e-08,1.2723e-08,1.0991e-08,4.1313e-08,-2.6512e-08,-4.3884e-09,-1.3616e-08,-2.1637e-08,-1.8542e-08
-0.04,0,0,0.15708,0.15708,-5.1558e-09,-6.0242e-08,-4.8482e-08,-2.0025e-08,9.9336e-09,1.5984e-08,3.8618e-08,-2.7684e-08,-4.3924e-09,-1.4545e-08,-2.5376e-08,-1.5128e-08
0,0,0,0.15708,0.15708,-9.7238e-09,-5.7547e-08,-4.0718e-08,-1.874e-08,9.819e-09,2.1611e-08,3.3925e-08,-2.9097e-08,-4.7893e-09,-1.4501e-08,-3.1356e-08,-1.219e-08
0.04,0,0,0.15708,0.15708,-1.6238e-08,-5.1008e-08,-3.3153e-08,-1.8138e-08,8.0493e-09,2.7228e-08,3.0679e-08,-2.9445e-08,-5.8501e-09,-1.3768e-08,-3.7155e-08,-9.1497e-09
0.08,0,0,0.15708,0.15708,-2.3212e-08,-4.7759e-08,-2.736e-08,-1.7148e-08,6.7722e-09,3.3927e-08,2.7856e-08,-2.9793e-08,-6.6156e-09,-1.2802e-08,-4.5778e-08,-6.7471e-09
-0.04,0.04,0,0.15708,0.15708,-5.5798e-09,-6.1224e-08,-5.3537e-08,-2.5105e-08,1.0449e-08,1.3185e-08,3.4803e-08,-2.3381e-08,-1.5114e-09,-1.4474e-08,-2.4298e-08,-1.1093e-08
0,0.04,0,0.15708,0.15708,-9.4992e-09,-5.8409e-08,-4.3892e-08,-2.4387e-08,8.9521e-09,1.7493e-08,3.1804e-08,-2.4724e-08,-1.1768e-09,-1.4233e-08,-2.9194e-08,-8.9856e-09
0.04,0.04,0,0.15708,0.15708,-1.4645e-08,-5.4747e-08,-3.6257e-08,-2.2608e-08,7.6337e-09,2.278e-08,2.7855e-08,-2.4732e-08,-1.5392e-09,-1.3997e-08,-3.5439e-08,-6.7332e-09
0,0.08,0,0.15708,0.15708,-9.365e-09,-5.9925e-08,-4.7178e-08,-3.0444e-08,7.823e-09,1.4398e-08,2.9205e-08,-2.0766e-08,3.0401e-09,-1.4803e-08,-2.7059e-08,-6.4122e-09
-0.04,-0.04,0.04,0.15708,0.15708,-2.0083e-09,-6.537e-08,-3.8677e-08,-1.1984e-08,1.7691e-08,1.7222e-08,3.3617e-08,-2.8892e-08,-9.8143e-09,-9.1139e-09,-2.6609e-08,-1.4449e-08
0,-0.04,0.04,0.15708,0.15708,-8.9455e-09,-6.3599e-08,-3.3567e-08,-1.1183e-08,1.4643e-08,2.298e-08,3.0016e-08,-2.9475e-08,-1.0627e-08,-9.3161e-09,-3.1467e-08,-1.0765e-08
0.04,-0.04,0.04,0.15708,0.15708,-1.7274e-08,-5.7539e-08,-2.8618e-08,-1.0791e-08,1.2198e-08,2.7844e-08,2.7522e-08,-3.105e-08,-1.2864e-08,-8.05e-09,-3.8491e-08,-6.7017e-09
-0.04,0,0.04,0.15708,0.15708,-3.3919e-09,-7.3402e-08,-4.2763e-08,-1.4731e-08,1.8539e-08,1.5552e-08,3.1569e-08,-2.5207e-08,-7.874e-09,-9.9878e-09,-2.5302e-08,-1.0057e-08
0,0,0.04,0.15708,0.15708,-9.3283e-09,-6.7818e-08,-3.6778e-08,-1.404e-08,1.5205e-08,1.9944e-08,2.9017e-08,-2.4902e-08,-9.175e-09,-8.8081e-09,-3.0443e-08,-6.1547e-09
0.04,0,0.04,0.15708,0.15708,-1.6387e-08,-6.152e-08,-3.1648e-08,-1.3309e-08,1.2243e-08,2.4539e-08,2.6524e-08,-2.6702e-08,-9.9607e-09,-7.5887e-09,-3.5905e-08,-4.5273e-09
-0.04,0.04,0.04,0.15708,0.15708,-3.9416e-09,-7.612e-08,-4.7752e-08,-1.9319e-08,1.6815e-08,1.2563e-08,2.9965e-08,-2.1591e-08,-4.7112e-09,-9.4601e-09,-2.4065e-08,-6.4559e-09
0,0.04,0.04,0.15708,0.15708,-9.1227e-09,-7.0506e-08,-4.0777e-08,-1.8576e-08,1.4859e-08,1.6465e-08,2.7509e-08,-2.1534e-08,-5.1644e-09,-8.8519e-09,-2.8659e-08,-4.6538e-09
0.04,0.04,0.04,0.15708,0.15708,-1.5015e-08,-6.3323e-08,-3.4041e-08,-1.7413e-08,1.1962e-08,2.1166e-08,2.5503e-08,-2.2545e-08,-6.0913e-09,-6.8163e-09,-3.4647e-08,-2.9028e-09
0,0,0.08,0.15708,0.15708,-6.6163e-09,-7.8682e-08,-3.3754e-08,-8.7559e-09,2.0358e-08,1.8033e-08,2.4573e-08,-2.1391e-08,-1.3357e-08,-4.314e-09,-2.9129e-08,-1.5051e-09
