0,0,-0.08,0.05236,0.05236,-1.0641e-08,-4.2573e-08,-4.2237e-08,-2.6893e-08,-3.8104e-09,2.5909e-08,4.5342e-08,-3.2524e-08,2.7807e-09,-2.8204e-08,-2.8983e-08,-1.4432e-08
-0.04,-0.04,-0.04,0.05236,0.05236,-5.4388e-09,-4.8604e-08,-4.4762e-08,-2.2902e-08,-1.6837e-10,2.1639e-08,5.1039e-08,-3.437e-08,-1.7786e-09,-1.7254e-08,-2.7459e-08,-1.9959e-08
0,-0.04,-0.04,0.05236,0.05236,-1.0839e-08,-4.5229e-08,-3.5051e-08,-2.1311e-08,2.1303e-09,3.0833e-08,4.0415e-08,-3.739e-08,-2.4773e-09,-1.9789e-08,-3.2598e-08,-1.6758e-08
0.04,-0.04,-0.04,0.05236,0.05236,-1.565e-08,-4.4827e-08,-2.7246e-08,-2.0905e-08,2.674e-09,3.9393e-08,3.709e-08,-3.8382e-08,-2.9546e-09,-1.98e-08,-3.8356e-08,-1.2831e-08
-0.04,0,-0.04,0.05236,0.05236,-5.1999e-09,-5.0682e-08,-4.6512e-08,-2.7372e-08,-4.0613e-10,1.7738e-08,4.3885e-08,-2.9245e-08,1.7029e-09,-2.0534e-08,-2.5807e-08,-1.4188e-08
0,0,-0.04,0.05236,0.05236,-8.7704e-09,-4.9224e-08,-3.8807e-08,-2.7382e-08,9.1629e-10,2.6682e-08,3.9291e-08,-3.0764e-08,1.3219e-09,-2.2331e-08,-2.9654e-08,-1.325e-08
0.04,0,-0.04,0.05236,0.05236,-1.4415e-08,-4.5798e-08,-3.2497e-08,-2.572e-08,1.3346e-09,3.3709e-08,3.4917e-08,-3.0651e-08,9.7762e-10,-2.3213e-08,-3.6045e-08,-9.0832e-09
-0.04,0.04,-0.04,0.05236,0.05236,-5.4732e-09,-5.3985e-08,-5.7017e-08,-3.3854e-08,-1.016e-10,1.6038e-08,4.0013e-08,-2.3598e-08,4.2983e-09,-2.1476e-08,-2.3848e-08,-1.1953e-08
0,0.04,-0.04,0.05236,0.05236,-9.1207e-09,-5.0665e-08,-4.6615e-08,-3.5313e-08,3.3821e-10,2.3383e-08,3.6005e-08,-2.6221e-08,4.9751e-09,-2.3578e-08,-2.8345e-08,-9.4588e-09
0.04,0.04,-0.04,0.05236,0.05236,-1.2864e-08,-4.6309e-08,-3.6903e-08,-3.1046e-08,2.32e-09,2.7861e-08,3.1257e-08,-2.5368e-08,6.4476e-09,-2.4921e-08,-3.4375e-08,-6.3643e-09
0,-0.08,0,0.05236,0.05236,-8.9464e-09,-5.2111e-08,-2.9642e-08,-1.6098e-08,7.4243e-09,3.1071e-08,3.5779e-08,-3.8064e-08,-6.1761e-09,-1.3171e-08,-3.4248e-08,-1.707e-08
-0.04,-0.04,0,0.05236,0.05236,-3.208e-09,-5.7855e-08,-3.9956e-08,-2.0525e-08,6.4843e-09,2.0684e-08,4.0258e-08,-3.071e-08,-4.5783e-09,-1.5001e-08,-2.6479e-08,-1.5295e-08
0,-0.04,0,0.05236,0.05236,-9.38e-09,-5.4552e-08,-3.523e-08,-1.829e-08,7.6782e-09,2.6325e-08,3.4198e-08,-3.1846e-08,-4.0079e-09,-1.5782e-08,-3.3546e-08,-1.1453e-08
0.04,-0.04,0,0.05236,0.05236,-1.68e-08,-5.2097e-08,-2.7795e-08,-1.8317e-08,4.1492e-09,3.5236e-08,3.238e-08,-3.1599e-08,-5.8134e-09,-1.5346e-08,-3.9736e-08,-9.8392e-09
-0.08,0,0,0.05236,0.05236,-7.2318e-10,-6.3187e-08,-5.0274e-08,-2.4278e-08,7.4987e-09,1.3509e-08,4.0454e-08,-2.4204e-08,-1.2413e-09,-1.4713e-08,-2.2176e-08,-1.2085e-08
-0.04,0,0,0.05236,0.05236,-3.8919e-09,-6.2476e-08,-4.4617e-08,-2.4468e-08,6.8861e-09,1.7755e-08,3.7816e-08,-2.6081e-08,-2.0867e-09,-1.5879e-08,-2.5653e-08,-1.0838e-08
0,0,0,0.05236,0.05236,-8.9176e-09,-5.7902e-08,-3.8526e-08,-2.3612e-08,6.5251e-09,2.4078e-08,3.4435e-08,-2.6342e-08,-9.8532e-10,-1.6012e-08,-3.2044e-08,-8.271e-09
0.04,0,0,0.05236,0.05236,-1.6457e-08,-5.3463e-08,-3.1827e-08,-2.2027e-08,5.5833e-09,3.0254e-08,3.0383e-08,-2.6663e-08,-1.0734e-09,-1.7136e-08,-3.7778e-08,-6.0113e-09
0.08,0,0,0.05236,0.05236,-2.0012e-08,-4.7302e-08,-2.602e-08,-2.2234e-08,5.2074e-09,3.7348e-08,2.7117e-08,-2.8357e-08,-1.7241e-09,-1.5024e-08,-4.7015e-08,-4.5265e-09
-0.04,0.04,0,0.05236,0.05236,-3.6912e-09,-6.5699e-08,-5.0053e-08,-3.0032e-08,6.5261e-09,1.5801e-08,3.491e-08,-2.2167e-08,1.69e-09,-1.5793e-08,-2.4784e-08,-5.5292e-09
0,0.04,0,0.05236,0.05236,-8.8762e-09,-5.9365e-08,-4.1272e-08,-3.0537e-08,6.611e-09,1.9919e-08,3.1376e-08,-2.3054e-08,3.2639e-09,-1.6883e-08,-2.9195e-08,-5.1773e-09
0.04,0.04,0,0.05236,0.05236,-1.3505e-08,-5.4855e-08,-3.4608e-08,-2.9622e-08,6.2612e-09,2.6705e-08,2.9303e-08,-2.2659e-08,2.9661e-09,-1.7772e-08,-3.5994e-08,-3.4873e-09
0,0.08,0,0.05236,0.05236,-7.2582e-09,-6.0441e-08,-4.7258e-08,-3.6936e-08,7.8941e-09,1.662e-08,2.8176e-08,-1.9174e-08,7.0385e-09,-1.778e-08,-2.7348e-08,-2.6499e-09
-0.04,-0.04,0.04,0.05236,0.05236,-2.1695e-09,-6.9924e-08,-3.6954e-08,-1.7406e-08,1.4697e-08,2.0393e-08,3.1124e-08,-2.7057e-08,-6.4805e-09,-1.0804e-08,-2.6737e-08,-7.7655e-09
0,-0.04,0.04,0.05236,0.05236,-9.0426e-09,-6.7176e-08,-3.1149e-08,-1.509e-08,1.2475e-08,2.5318e-08,3.0559e-08,-2.5835e-08,-8.1211e-09,-1.0053e-08,-3.1771e-08,-4.795e-09
0.04,-0.04,0.04,0.05236,0.05236,-1.4704e-08,-6.0339e-08,-2.6242e-08,-1.5343e-08,1.0337e-08,2.9444e-08,2.6506e-08,-2.752e-08,-9.3097e-09,-1.0406e-08,-3.8173e-08,-3.0816e-09
-0.04,0,0.04,0.05236,0.05236,-2.4269e-09,-7.3838e-08,-4.0278e-08,-2.0655e-08,1.3399e-08,1.7817e-08,3.057e-08,-2.2392e-08,-5.6194e-09,-1.1273e-08,-2.5964e-08,-4.723e-09
0,0,0.04,0.05236,0.05236,-8.0992e-09,-7.0357e-08,-3.44e-08,-1.9272e-08,1.2599e-08,2.2037e-08,2.8092e-08,-2.2911e-08,-4.5556e-09,-1.1417e-08,-3.1994e-08,-1.8341e-09
0.04,0,0.04,0.05236,0.05236,-1.4656e-08,-6.5538e-08,-2.833e-08,-2.0815e-08,1.0597e-08,2.6822e-08,2.6531e-08,-2.3523e-08,-4.871e-09,-9.1605e-09,-3.912e-08,-1.9193e-09
-0.04,0.04,0.04,0.05236,0.05236,-2.6815e-09,-7.8028e-08,-4.3823e-08,-2.517e-08,1.6244e-08,1.5419e-08,2.8823e-08,-1.9557e-08,-1.1805e-09,-1.2484e-08,-2.5256e-08,-2.1275e-09
0,0.04,0.04,0.05236,0.05236,-7.3473e-09,-7.4623e-08,-3.9619e-08,-2.454e-08,1.3085e-08,2.0189e-08,2.7624e-08,-1.9743e-08,-1.8665e-09,-1.0514e-08,-2.9374e-08,-3.517e-11
0.04,0.04,0.04,0.05236,0.05236,-1.1486e-08,-6.9268e-08,-3.2223e-08,-2.3945e-08,1.061e-08,2.3921e-08,2.4872e-08,-2.057e-08,-5.1665e-10,-9.7058e-09,-3.5628e-08,4.6906e-10
0,0,0.08,0.05236,0.05236,-6.1808e-09,-8.0953e-08,-3.1273e-08,-1.4397e-08,1.724e-08,1.9275e-08,2.3971e-08,-1.8439e-08,-8.9033e-09,-6.7755e-09,-3.0013e-08,2.7742e-09
0,0,-0.08,0.10472,0.05236,-9.9068e-09,-4.1598e-08,-4.4214e-08,-2.8571e-08,-3.7034e-09,2.6542e-08,4.5127e-08,-3.2153e-08,2.3229e-09,-2.4914e-08,-2.792e-08,-1.7221e-08
-0.04,-0.04,-0.04,0.10472,0.05236,-4.121e-09,-4.8904e-08,-4.4409e-08,-2.1733e-08,2.217e-09,2.1493e-08,4.4892e-08,-3.5763e-08,-2.5427e-09,-1.7343e-08,-2.5884e-08,-2.2688e-08
0,-0.04,-0.04,0.10472,0.05236,-1.0196e-08,-4.5944e-08,-3.6672e-08,-2.1106e-08,2.2658e-09,2.9241e-08,4.3151e-08,-3.7134e-08,-3.42e-09,-1.8452e-08,-3.1599e-08,-1.657e-08
0.04,-0.04,-0.04,0.10472,0.05236,-1.7293e-08,-4.1872e-08,-2.9743e-08,-1.9869e-08,1.9539e-09,3.8717e-08,3.7288e-08,-3.786e-08,-3.3392e-09,-2.0091e-08,-3.8411e-08,-1.5072e-08
-0.04,0,-0.04,0.10472,0.05236,-5.6745e-09,-5.0599e-08,-4.8687e-08,-2.6786e-08,1.3796e-09,1.7785e-08,4.357e-08,-2.9719e-08,-1.2801e-09,-1.8901e-08,-2.4983e-08,-1.6784e-08
0,0,-0.04,0.10472,0.05236,-1.0034e-08,-4.7957e-08,-4.1861e-08,-2.4957e-08,1.8425e-09,2.2913e-08,3.9437e-08,-3.114e-08,-3.5663e-10,-2.1031e-08,-3.0372e-08,-1.3203e-08
0.04,0,-0.04,0.10472,0.05236,-1.4879e-08,-4.3745e-08,-3.3354e-08,-2.307e-08,2.5988e-09,3.5262e-08,3.3291e-08,-3.254e-08,-6.094e-10,-2.1837e-08,-3.5561e-08,-1.1493e-08
-0.04,0.04,-0.04,0.10472,0.05236,-5.2904e-09,-5.4418e-08,-5.8921e-08,-3.2473e-08,-9.1237e-10,1.3264e-08,4.0243e-08,-2.4703e-08,2.4813e-09,-2.0393e-08,-2.4565e-08,-1.2707e-08
0,0.04,-0.04,0.10472,0.05236,-1.0296e-08,-4.933e-08,-4.7757e-08,-2.9554e-08,8.3813e-10,2.1068e-08,3.5471e-08,-2.5578e-08,3.1549e-09,-2.2307e-08,-2.8922e-08,-9.9746e-09
0.04,0.04,-0.04,0.10472,0.05236,-1.3978e-08,-4.7298e-08,-3.8011e-08,-3.0484e-08,2.2761e-09,2.8512e-08,3.2935e-08,-2.6798e-08,3.0806e-09,-2.1006e-08,-3.303e-08,-8.4107e-09
0,-0.08,0,0.10472,0.05236,-9.2087e-09,-4.9742e-08,-2.9379e-08,-1.3942e-08,8.5489e-09,2.9355e-08,3.8838e-08,-3.9866e-08,-7.6338e-09,-1.2946e-08,-3.3689e-08,-1.8451e-08
-0.04,-0.04,0,0.10472,0.05236,-4.3476e-09,-5.8698e-08,-4.0228e-08,-1.8443e-08,8.6726e-09,1.8968e-08,3.8081e-08,-3.1527e-08,-5.1323e-09,-1.3224e-08,-2.7348e-08,-1.811e-08
0,-0.04,0,0.10472,0.05236,-9.6258e-09,-5.6326e-08,-3.3935e-08,-1.7362e-08,6.8024e-09,2.7616e-08,3.5524e-08,-3.3828e-08,-5.8916e-09,-1.409e-08,-3.167e-08,-1.3714e-08
0.04,-0.04,0,0.10472,0.05236,-1.6071e-08,-4.853e-08,-2.8797e-08,-1.6053e-08,7.1427e-09,3.3451e-08,3.2677e-08,-3.5063e-08,-6.8153e-09,-1.347e-08,-3.8554e-08,-1.177e-08
-0.08,0,0,0.10472,0.05236,-5.6272e-10,-6.2824e-08,-5.4333e-08,-2.3086e-08,1.3367e-08,1.2323e-08,4.3672e-08,-2.5419e-08,-3.1833e-09,-1.348e-08,-2.2562e-08,-1.5873e-08
-0.04,0,0,0.10472,0.05236,-5.2055e-09,-5.9844e-08,-4.4545e-08,-2.2334e-08,9.0336e-09,1.7546e-08,3.6969e-08,-2.7788e-08,-2.9477e-09,-1.3979e-08,-2.6129e-08,-1.1003e-08
0,0,0,0.10472,0.05236,-9.7913e-09,-5.6737e-08,-3.7633e-08,-2.1254e-08,6.3303e-09,2.2442e-08,3.3626e-08,-2.7729e-08,-3.6003e-09,-1.3675e-08,-3.0372e-08,-8.4592e-09
0.04,0,0,0.10472,0.05236,-1.468e-08,-5.3682e-08,-3.2752e-08,-2.1e-08,6.5463e-09,2.9355e-08,3.0861e-08,-2.9147e-08,-4.5104e-09,-1.4171e-08,-3.7507e-08,-7.0268e-09
0.08,0,0,0.10472,0.05236,-2.1421e-08,-4.7355e-08,-2.6926e-08,-1.7673e-08,5.4932e-09,3.885e-08,2.7555e-08,-3.0362e-08,-3.4221e-09,-1.5121e-08,-4.5687e-08,-6.5945e-09
-0.04,0.04,0,0.10472,0.05236,-4.2195e-09,-6.4196e-08,-5.2745e-08,-2.872e-08,7.8119e-09,1.4709e-08,3.5968e-08,-2.2682e-08,-2.6513e-10,-1.5602e-08,-2.4154e-08,-9.1136e-09
0,0.04,0,0.10472,0.05236,-7.7553e-09,-6.0384e-08,-4.0641e-08,-2.5804e-08,6.283e-09,1.8896e-08,3.1524e-08,-2.3424e-08,9.5432e-10,-1.6625e-08,-2.9765e-08,-7.0628e-09
0.04,0.04,0,0.10472,0.05236,-1.3347e-08,-5.4407e-08,-3.466e-08,-2.5856e-08,6.1415e-09,2.4407e-08,2.874e-08,-2.397e-08,1.702e-09,-1.4758e-08,-3.6288e-08,-5.0343e-09
0,0.08,0,0.10472,0.05236,-8.3344e-09,-6.4285e-08,-5.2412e-08,-3.4403e-08,7.6017e-09,1.5152e-08,2.949e-08,-1.9935e-08,3.566e-09,-1.6529e-08,-2.7474e-08,-4.5464e-09
-0.04,-0.04,0.04,0.10472,0.05236,-1.4907e-09,-6.6751e-08,-3.7155e-08,-1.4571e-08,1.4619e-08,1.9112e-08,3.2969e-08,-2.7665e-08,-7.6365e-09,-1.0429e-08,-2.7086e-08,-1.1355e-08
0,-0.04,0.04,0.10472,0.05236,-8.823e-09,-6.5275e-08,-3.2057e-08,-1.3764e-08,1.3588e-08,2.392e-08,3.0935e-08,-2.808e-08,-9.1914e-09,-9.4886e-09,-3.1261e-08,-8.6945e-09
0.04,-0.04,0.04,0.10472,0.05236,-1.4346e-08,-5.9902e-08,-2.5786e-08,-1.4131e-08,1.1276e-08,2.9274e-08,2.7858e-08,-2.803e-08,-1.1542e-08,-7.8664e-09,-3.7891e-08,-6.9576e-09
-0.04,0,0.04,0.10472,0.05236,-3.1394e-09,-7.4546e-08,-4.0887e-08,-1.8336e-08,1.5036e-08,1.6573e-08,3.151e-08,-2.4528e-08,-6.7764e-09,-1.0543e-08,-2.5139e-08,-7.3403e-09
0,0,0.04,0.10472,0.05236,-8.8242e-09,-6.7427e-08,-3.6289e-08,-1.7263e-08,1.3745e-08,2.1068e-08,2.9259e-08,-2.4555e-08,-7.5124e-09,-9.6908e-09,-2.9801e-08,-6.1992e-09
0.04,0,0.04,0.10472,0.05236,-1.4009e-08,-6.4196e-08,-3.0404e-08,-1.5055e-08,1.1758e-08,2.6625e-08,2.7237e-08,-2.5058e-08,-7.6441e-09,-8.9039e-09,-3.6427e-08,-4.1054e-09
-0.04,0.04,0.04,0.10472,0.05236,-4.4023e-09,-7.4014e-08,-4.4533e-08,-2.3105e-08,1.6043e-08,1.3961e-08,2.9706e-08,-2.0004e-08,-3.2843e-09,-1.0077e-08,-2.4887e-08,-4.1469e-09
0,0.04,0.04,0.10472,0.05236,-7.2436e-09,-6.9897e-08,-4.0216e-08,-2.0726e-08,1.3173e-08,1.7757e-08,2.762e-08,-2.0462e-08,-4.3948e-09,-1.038e-08,-2.9373e-08,-3.1052e-09
0.04,0.04,0.04,0.10472,0.05236,-1.3244e-08,-6.1651e-08,-3.4949e-08,-2.0291e-08,1.1204e-08,2.3433e-08,2.5235e-08,-2.1102e-08,-3.6554e-09,-7.3064e-09,-3.4569e-08,-1.4876e-09
0,0,0.08,0.10472,0.05236,-7.5196e-09,-8.4697e-08,-3.3008e-08,-1.2593e-08,1.8068e-08,1.9311e-08,2.4571e-08,-2.0289e-08,-1.0705e-08,-4.6065e-09,-2.8662e-08,1.6579e-09
0,0,-0.08,0.15708,0.05236,-9.4224e-09,-4.2232e-08,-4.411e-08,-2.3552e-08,-3.1795e-09,2.4968e-08,4.5387e-08,-3.3161e-08,9.2138e-11,-2.4695e-08,-2.8231e-08,-1.8214e-08
-0.04,-0.04,-0.04,0.15708,0.05236,-4.5433e-09,-4.8404e-08,-4.7063e-08,-1.8832e-08,4.9309e-09,1.9158e-08,4.88e-08,-3.6101e-08,-4.4328e-09,-1.71e-08,-2.6467e-08,-2.4618e-08
0,-0.04,-0.04,0.15708,0.05236,-1.0841e-08,-4.6329e-08,-3.4768e-08,-1.7546e-08,3.6578e-09,2.8011e-08,4.3607e-08,-3.8772e-08,-5.2304e-09,-1.9042e-08,-3.0415e-08,-2.0775e-08
0.04,-0.04,-0.04,0.15708,0.05236,-1.5654e-08,-4.0561e-08,-3.112e-08,-1.6703e-08,2.7315e-09,3.5285e-08,3.764e-08,-3.9479e-08,-6.1468e-09,-1.9211e-08,-3.738e-08,-1.6524e-08
-0.04,0,-0.04,0.15708,0.05236,-4.613e-09,-5.2218e-08,-5.2772e-08,-2.3383e-08,1.5693e-09,1.7316e-08,4.5788e-08,-3.0078e-08,-2.2617e-09,-1.9861e-08,-2.4938e-08,-1.9465e-08
0,0,-0.04,0.15708,0.05236,-1.0941e-08,-4.8177e-08,-4.1039e-08,-2.2772e-08,3.5624e-09,2.3006e-08,4.0271e-08,-3.0718e-08,-1.849e-09,-1.9433e-08,-3.0969e-08,-1.7194e-08
0.04,0,-0.04,0.15708,0.05236,-1.6144e-08,-4.2233e-08,-3.5811e-08,-2.1083e-08,3.4193e-09,3.4489e-08,3.582e-08,-3.268e-08,-1.6592e-09,-2.1068e-08,-3.4987e-08,-1.1708e-08
-0.04,0.04,-0.04,0.15708,0.05236,-5.9201e-09,-5.2976e-08,-5.8759e-08,-3.0258e-08,9.0081e-10,1.2423e-08,3.994e-08,-2.6355e-08,7.2272e-10,-2.0685e-08,-2.3017e-08,-1.5886e-08
0,0.04,-0.04,0.15708,0.05236,-9.7199e-09,-4.8212e-08,-5.162e-08,-2.6905e-08,1.691e-09,1.846e-08,3.5496e-08,-2.6877e-08,1.307e-09,-1.9724e-08,-2.7218e-08,-1.3783e-08
0.04,0.04,-0.04,0.15708,0.05236,-1.469e-08,-4.728e-08,-3.8242e-08,-2.6448e-08,2.6328e-09,2.4542e-08,3.3032e-08,-2.7055e-08,2.3564e-09,-2.3299e-08,-3.4358e-08,-1.0014e-08
0,-0.08,0,0.15708,0.05236,-8.6416e-09,-4.8981e-08,-3.0138e-08,-1.258e-08,8.5725e-09,2.9651e-08,3.8169e-08,-4.103e-08,-8.979e-09,-1.2242e-08,-3.2978e-08,-2.1123e-08
-0.04,-0.04,0,0.15708,0.05236,-4.667e-09,-5.5563e-08,-4.1137e-08,-1.5081e-08,1.0289e-08,1.9438e-08,3.8652e-08,-3.1316e-08,-6.3983e-09,-1.2777e-08,-2.7492e-08,-2.1822e-08
0,-0.04,0,0.15708,0.05236,-9.2472e-09,-5.0597e-08,-3.8216e-08,-1.4689e-08,8.1117e-09,2.5885e-08,3.5972e-08,-3.4663e-08,-7.3903e-09,-1.327e-08,-3.237e-08,-1.6325e-08
0.04,-0.04,0,0.15708,0.05236,-1.5418e-08,-4.7834e-08,-3.0337e-08,-1.5339e-08,5.982e-09,3.0641e-08,3.1664e-08,-3.4173e-08,-8.595e-09,-1.2891e-08,-3.8861e-08,-1.3475e-08
-0.08,0,0,0.15708,0.05236,3.338e-10,-6.2369e-08,-5.3986e-08,-1.9658e-08,9.9191e-09,1.1725e-08,4.1189e-08,-2.6682e-08,-4.6491e-09,-1.3622e-08,-2.1551e-08,-1.8547e-08
-0.04,0,0,0.15708,0.05236,-4.5899e-09,-6.1248e-08,-4.7713e-08,-1.9257e-08,1.0876e-08,1.5299e-08,3.8539e-08,-2.8633e-08,-4.7782e-09,-1.4289e-08,-2.4407e-08,-1.7165e-08
0,0,0,0.15708,0.05236,-9.0151e-09,-5.6528e-08,-4.0573e-08,-1.8717e-08,7.4552e-09,2.2941e-08,3.3852e-08,-2.8463e-08,-5.1605e-09,-1.2963e-08,-3.048e-08,-1.2101e-08
0.04,0,0,0.15708,0.05236,-1.4901e-08,-5.2082e-08,-3.189e-08,-1.7655e-08,7.1186e-09,2.7841e-08,2.9375e-08,-2.9205e-08,-4.2764e-09,-1.2358e-08,-3.7718e-08,-1.0002e-08
0.08,0,0,0.15708,0.05236,-2.2811e-08,-4.8018e-08,-2.6496e-08,-1.8271e-08,6.2815e-09,3.5315e-08,2.701e-08,-3.0192e-08,-5.6564e-09,-1.1934e-08,-4.6782e-08,-6.3382e-09
-0.04,0.04,0,0.15708,0.05236,-5.8353e-09,-6.2533e-08,-5.3963e-08,-2.6946e-08,8.0307e-09,1.3039e-08,3.4774e-08,-2.4423e-08,-1.801e-09,-1.3737e-08,-2.5453e-08,-1.1863e-08
0,0.04,0,0.15708,0.05236,-8.8747e-09,-5.9946e-08,-4.341e-08,-2.3252e-08,7.0416e-09,1.8506e-08,3.0121e-08,-2.4969e-08,-2.1878e-09,-1.273e-08,-2.8873e-08,-7.7423e-09
0.04,0.04,0,0.15708,0.05236,-1.4712e-08,-5.3692e-08,-3.6778e-08,-2.2942e-08,7.4986e-09,2.3629e-08,2.8271e-08,-2.522e-08,-3.145e-09,-1.3652e-08,-3.5027e-08,-7.1879e-09
0,0.08,0,0.15708,0.05236,-9.3772e-09,-5.8382e-08,-4.5759e-08,-3.1646e-08,6.6158e-09,1.5335e-08,3.0742e-08,-2.0646e-08,3.5202e-09,-1.3369e-08,-2.7244e-08,-7.0919e-09
-0.04,-0.04,0.04,0.15708,0.05236,-1.0234e-09,-6.7752e-08,-3.6481e-08,-1.2252e-08,1.7442e-08,1.8974e-08,3.2509e-08,-3.0065e-08,-9.9549e-09,-9.1673e-09,-2.7315e-08,-1.5094e-08
0,-0.04,0.04,0.15708,0.05236,-7.3647e-09,-6.252e-08,-3.3044e-08,-1.2047e-08,1.4676e-08,2.2876e-08,2.9492e-08,-2.8315e-08,-1.0255e-08,-8.5506e-09,-3.209e-08,-1.1646e-08
0.04,-0.04,0.04,0.15708,0.05236,-1.6239e-08,-5.8516e-08,-2.735e-08,-1.0682e-08,1.2408e-08,2.9178e-08,2.8004e-08,-2.8719e-08,-1.2567e-08,-8.0849e-09,-3.9634e-08,-7.7878e-09
-0.04,0,0.04,0.15708,0.05236,-3.1052e-09,-7.2297e-08,-4.0297e-08,-1.5875e-08,1.5914e-08,1.5829e-08,3.1366e-08,-2.4837e-08,-8.2254e-09,-8.7089e-09,-2.6088e-08,-9.7637e-09
0,0,0.04,0.15708,0.05236,-8.627e-09,-6.411e-08,-3.5552e-08,-1.4016e-08,1.4258e-08,1.9205e-08,2.8811e-08,-2.5069e-08,-9.1272e-09,-8.8911e-09,-3e-08,-8.1544e-09
0.04,0,0.04,0.15708,0.05236,-1.4267e-08,-5.9752e-08,-3.0261e-08,-1.3716e-08,1.1042e-08,2.5361e-08,2.6543e-08,-2.6032e-08,-9.8163e-09,-6.7766e-09,-3.7057e-08,-3.4314e-09
-0.04,0.04,0.04,0.15708,0.05236,-3.0398e-09,-7.7664e-08,-4.6764e-08,-1.9668e-08,1.4335e-08,1.2406e-08,3.0415e-08,-2.1365e-08,-5.4567e-09,-1.0094e-08,-2.4743e-08,-4.9016e-09
0,0.04,0.04,0.15708,0.05236,-9.0924e-09,-6.764e-08,-4.0602e-08,-1.7117e-08,1.2808e-08,1.5863e-08,2.8069e-08,-2.2286e-08,-5.8751e-09,-8.1863e-09,-2.8128e-08,-4.2277e-09
0.04,0.04,0.04,0.15708,0.05236,-1.3893e-08,-6.5899e-08,-3.288e-08,-1.7675e-08,1.1247e-08,2.2463e-08,2.4695e-08,-2.1966e-08,-4.0522e-09,-6.3718e-09,-3.4356e-08,-3.559e-09
0,0,0.08,0.15708,0.05236,-4.9095e-09,-8.2981e-08,-3.2153e-08,-7.5174e-09,1.9088e-08,1.8311e-08,2.4228e-08,-2.1604e-08,-1.2895e-08,-3.7175e-09,-3.0687e-08,-1.2348e-09
0,0,-0.08,0.05236,0.10472,-9.4711e-09,-4.1248e-08,-4.4234e-08,-2.811e-08,-3.357e-09,2.7653e-08,4.5468e-08,-3.2997e-08,3.2899e-09,-2.7007e-08,-2.7451e-08,-1.5601e-08
-0.04,-0.04,-0.04,0.05236,0.10472,-5.0564e-09,-4.7357e-08,-4.1507e-08,-2.297e-08,7.6682e-10,2.4062e-08,4.5716e-08,-3.4699e-08,-1.3822e-09,-1.8301e-08,-2.6671e-08,-2.0725e-08
0,-0.04,-0.04,0.05236,0.10472,-1.0443e-08,-4.9447e-08,-3.6045e-08,-2.1505e-08,1.9841e-09,3.0078e-08,4.2089e-08,-3.7423e-08,-1.7623e-09,-1.9693e-08,-3.2046e-08,-1.7516e-08
0.04,-0.04,-0.04,0.05236,0.10472,-1.6473e-08,-4.2917e-08,-2.7739e-08,-2.1547e-08,2.0609e-09,4.0681e-08,3.616e-08,-3.7868e-08,-1.1357e-09,-2.1454e-08,-3.7731e-08,-1.2851e-08
-0.04,0,-0.04,0.05236,0.10472,-4.96e-09,-5.1622e-08,-4.8573e-08,-2.7072e-08,-6.3098e-10,1.8476e-08,4.4626e-08,-2.7705e-08,1.2008e-09,-2.0562e-08,-2.5185e-08,-1.4604e-08
0,0,-0.04,0.05236,0.10472,-1.0269e-08,-4.9056e-08,-4.1964e-08,-2.737e-08,4.4919e-10,2.6225e-08,4.0958e-08,-3.1325e-08,1.1216e-09,-1.9434e-08,-3.0416e-08,-1.1295e-08
0.04,0,-0.04,0.05236,0.10472,-1.3627e-08,-4.4424e-08,-3.5004e-08,-2.4228e-08,1.5505e-09,3.4535e-08,3.5263e-08,-3.0712e-08,1.6865e-09,-2.249e-08,-3.6423e-08,-8.7534e-09
-0.04,0.04,-0.04,0.05236,0.10472,-5.4408e-09,-5.2447e-08,-5.5113e-08,-3.5456e-08,-9.5725e-10,1.5292e-08,4.0595e-08,-2.4716e-08,3.6468e-09,-2.2057e-08,-2.5216e-08,-9.3563e-09
0,0.04,-0.04,0.05236,0.10472,-8.9451e-09,-4.8853e-08,-4.7088e-08,-3.326e-08,1.0137e-09,2.1169e-08,3.7715e-08,-2.4213e-08,4.0718e-09,-2.1778e-08,-2.8737e-08,-1.0036e-08
0.04,0.04,-0.04,0.05236,0.10472,-1.332e-08,-4.7224e-08,-3.6627e-08,-3.096e-08,1.0779e-09,2.7821e-08,3.1786e-08,-2.5231e-08,5.2222e-09,-2.7302e-08,-3.5661e-08,-6.8081e-09
0,-0.08,0,0.05236,0.10472,-9.693e-09,-5.2265e-08,-2.9091e-08,-1.5858e-08,6.0186e-09,3.0323e-08,3.5944e-08,-3.87e-08,-6.8786e-09,-1.3889e-08,-3.3068e-08,-1.7309e-08
-0.04,-0.04,0,0.05236,0.10472,-3.4739e-09,-5.724e-08,-3.7932e-08,-1.9158e-08,7.8008e-09,2.0541e-08,4.0565e-08,-2.9733e-08,-3.9455e-09,-1.4484e-08,-2.7532e-08,-1.5215e-08
0,-0.04,0,0.05236,0.10472,-1.0009e-08,-5.8471e-08,-3.4548e-08,-1.9912e-08,5.4284e-09,2.768e-08,3.6459e-08,-3.1659e-08,-4.8201e-09,-1.5627e-08,-3.237e-08,-1.2734e-08
0.04,-0.04,0,0.05236,0.10472,-1.6909e-08,-5.2699e-08,-2.8326e-08,-1.9157e-08,6.1889e-09,3.3557e-08,3.2364e-08,-3.1625e-08,-6.2108e-09,-1.6205e-08,-4.0273e-08,-8.271e-09
-0.08,0,0,0.05236,0.10472,-8.8287e-10,-6.3235e-08,-5.257e-08,-2.6248e-08,8.9599e-09,1.2759e-08,4.2612e-08,-2.4823e-08,-1.7181e-09,-1.4995e-08,-2.1722e-08,-1.1174e-08
-0.04,0,0,0.05236,0.10472,-3.8645e-09,-5.8509e-08,-4.3013e-08,-2.5556e-08,8.3068e-09,1.9428e-08,3.682e-08,-2.5497e-08,-8.8914e-10,-1.5295e-08,-2.5348e-08,-8.8305e-09
0,0,0,0.05236,0.10472,-9.8497e-09,-5.7266e-08,-3.7512e-08,-2.4328e-08,6.055e-09,2.4631e-08,3.3998e-08,-2.7783e-08,-1.6363e-09,-1.5137e-08,-3.0494e-08,-7.1144e-09
0.04,0,0,0.05236,0.10472,-1.4682e-08,-5.2067e-08,-3.2123e-08,-2.2793e-08,6.6652e-09,2.9604e-08,3.1752e-08,-2.7283e-08,-2.647e-09,-1.5326e-08,-3.7795e-08,-6.4072e-09
0.08,0,0,0.05236,0.10472,-2.1375e-08,-4.8866e-08,-2.6631e-08,-2.1902e-08,5.1473e-09,3.5562e-08,2.7055e-08,-2.8029e-08,8.1378e-11,-1.4456e-08,-4.8047e-08,-4.5217e-09
-0.04,0.04,0,0.05236,0.10472,-3.9546e-09,-6.4691e-08,-5.0011e-08,-3.2272e-08,6.2312e-09,1.5267e-08,3.4487e-08,-2.1967e-08,2.0132e-09,-1.5508e-08,-2.4958e-08,-6.3767e-09
0,0.04,0,0.05236,0.10472,-7.9603e-09,-5.9074e-08,-4.3501e-08,-2.9882e-08,6.9393e-09,1.9392e-08,3.1735e-08,-2.2999e-08,2.6922e-09,-1.6325e-08,-2.8975e-08,-5.433e-09
0.04,0.04,0,0.05236,0.10472,-1.4277e-08,-5.4724e-08,-3.5439e-08,-2.709e-08,4.8799e-09,2.5692e-08,2.7899e-08,-2.3372e-08,3.2455e-09,-1.6416e-08,-3.6737e-08,-3.7004e-09
0,0.08,0,0.05236,0.10472,-8.5772e-09,-5.9518e-08,-4.6236e-08,-3.8202e-08,7.2539e-09,1.7188e-08,2.96e-08,-1.955e-08,7.4524e-09,-1.5651e-08,-2.7219e-08,-2.8989e-09
-0.04,-0.04,0.04,0.05236,0.10472,-7.8833e-10,-6.8333e-08,-3.5048e-08,-1.5849e-08,1.3665e-08,1.9395e-08,3.3258e-08,-2.7102e-08,-6.2914e-09,-1.0745e-08,-2.7351e-08,-8.0707e-09
0,-0.04,0.04,0.05236,0.10472,-8.9642e-09,-6.7383e-08,-3.1757e-08,-1.7594e-08,1.2119e-08,2.4348e-08,2.9704e-08,-2.6564e-08,-7.8825e-09,-1.1269e-08,-3.2915e-08,-5.3846e-09
0.04,-0.04,0.04,0.05236,0.10472,-1.6782e-08,-5.9461e-08,-2.6394e-08,-1.559e-08,1.0397e-08,3.1014e-08,2.7786e-08,-2.7609e-08,-9.1286e-09,-9.8336e-09,-3.9062e-08,-3.3661e-09
-0.04,0,0.04,0.05236,0.10472,-7.6556e-10,-7.3177e-08,-4.1743e-08,-1.9416e-08,1.45e-08,1.7166e-08,3.097e-08,-2.248e-08,-4.1124e-09,-1.1573e-08,-2.5832e-08,-4.2572e-09
0,0,0.04,0.05236,0.10472,-8.1186e-09,-7.379e-08,-3.5794e-08,-1.9424e-08,1.2559e-08,2.3413e-08,2.9323e-08,-2.3352e-08,-4.424e-09,-1.1697e-08,-3.1358e-08,-1.7848e-09
0.04,0,0.04,0.05236,0.10472,-1.5777e-08,-5.9696e-08,-3.0366e-08,-1.8409e-08,1.0912e-08,2.9391e-08,2.5722e-08,-2.37e-08,-5.6365e-09,-9.7409e-09,-3.6994e-08,-1.5931e-09
-0.04,0.04,0.04,0.05236,0.10472,-2.3891e-09,-7.3815e-08,-4.3242e-08,-2.7692e-08,1.4558e-08,1.5076e-08,2.9185e-08,-1.8557e-08,-1.5179e-09,-1.2643e-08,-2.5923e-08,-3.819e-10
0,0.04,0.04,0.05236,0.10472,-7.9729e-09,-7.2828e-08,-3.6335e-08,-2.71e-08,1.3605e-08,1.9029e-08,2.7271e-08,-2.0376e-08,-1.4083e-09,-1.1111e-08,-3.0087e-08,-5.3117e-10
0.04,0.04,0.04,0.05236,0.10472,-1.3191e-08,-6.7128e-08,-3.2191e-08,-2.383e-08,1.0611e-08,2.4768e-08,2.4993e-08,-1.976e-08,-7.7857e-10,-1.0287e-08,-3.6697e-08,-1.1602e-10
0,0,0.08,0.05236,0.10472,-6.0282e-09,-8.1685e-08,-3.2498e-08,-1.488e-08,1.5973e-08,1.9967e-08,2.3432e-08,-1.876e-08,-9.2632e-09,-6.1895e-09,-2.8777e-08,2.4131e-09
0,0,-0.08,0.10472,0.10472,-1.0722e-08,-3.9812e-08,-4.3312e-08,-2.6615e-08,-3.366e-09,2.5218e-08,4.3717e-08,-3.2798e-08,2.1047e-09,-2.554e-08,-2.8353e-08,-1.6943e-08
-0.04,-0.04,-0.04,0.10472,0.10472,-5.0105e-09,-4.6286e-08,-4.2777e-08,-1.9476e-08,1.1799e-09,1.9959e-08,4.867e-08,-3.5592e-08,-3.3628e-09,-1.6594e-08,-2.7206e-08,-2.2779e-08
0,-0.04,-0.04,0.10472,0.10472,-1.0395e-08,-4.6233e-08,-3.6007e-08,-2.0141e-08,2.575e-09,2.9833e-08,4.286e-08,-3.9051e-08,-3.0573e-09,-1.8756e-08,-3.2053e-08,-1.7443e-08
0.04,-0.04,-0.04,0.10472,0.10472,-1.4687e-08,-4.2727e-08,-3.0461e-08,-1.8516e-08,2.8993e-09,3.8534e-08,3.7977e-08,-3.9914e-08,-2.4843e-09,-1.9559e-08,-4.0008e-08,-1.389e-08
-0.04,0,-0.04,0.10472,0.10472,-6.2557e-09,-5.1547e-08,-5.0201e-08,-2.6461e-08,2.0195e-09,1.7147e-08,4.6374e-08,-2.9122e-08,-7.0173e-10,-2.0767e-08,-2.4905e-08,-1.6778e-08
0,0,-0.04,0.10472,0.10472,-1.062e-08,-4.6163e-08,-4.3846e-08,-2.4279e-08,2.2912e-09,2.5216e-08,4.0373e-08,-3.0387e-08,6.2201e-10,-2.0139e-08,-3.1054e-08,-1.4159e-08
0.04,0,-0.04,0.10472,0.10472,-1.5637e-08,-4.4623e-08,-3.2764e-08,-2.2921e-08,2.9962e-09,3.0875e-08,3.5311e-08,-3.0761e-08,-8.7407e-10,-2.1044e-08,-3.8457e-08,-1.0898e-08
-0.04,0.04,-0.04,0.10472,0.10472,-5.5027e-09,-4.9943e-08,-5.9986e-08,-3.1398e-08,1.9264e-09,1.3662e-08,4.104e-08,-2.4696e-08,2.6076e-09,-2.1222e-08,-2.3837e-08,-1.1576e-08
0,0.04,-0.04,0.10472,0.10472,-9.8585e-09,-5.2474e-08,-4.7369e-08,-3.2048e-08,1.5819e-09,2.1276e-08,3.7967e-08,-2.5752e-08,1.9721e-09,-2.2065e-08,-2.8963e-08,-1.0838e-08
0.04,0.04,-0.04,0.10472,0.10472,-1.3892e-08,-4.7421e-08,-3.8339e-08,-3.0124e-08,2.3137e-09,2.602e-08,3.3124e-08,-2.732e-08,3.5818e-09,-2.2653e-08,-3.5374e-08,-8.7641e-09
0,-0.08,0,0.10472,0.10472,-9.1294e-09,-4.9253e-08,-2.904e-08,-1.4276e-08,9.034e-09,2.7666e-08,3.7768e-08,-3.8768e-08,-7.401e-09,-1.3751e-08,-3.6229e-08,-1.8112e-08
-0.04,-0.04,0,0.10472,0.10472,-4.9575e-09,-5.4739e-08,-3.9565e-08,-1.7384e-08,8.7894e-09,1.9789e-08,3.9993e-08,-3.3551e-08,-4.9315e-09,-1.3546e-08,-2.7239e-08,-1.8914e-08
0,-0.04,0,0.10472,0.10472,-9.7394e-09,-5.3416e-08,-3.3811e-08,-1.6629e-08,8.2733e-09,2.5086e-08,3.5319e-08,-3.3913e-08,-6.2459e-09,-1.3279e-08,-3.1563e-08,-1.4915e-08
0.04,-0.04,0,0.10472,0.10472,-1.6235e-08,-5.1118e-08,-2.9317e-08,-1.6688e-08,6.9172e-09,3.4166e-08,3.1179e-08,-3.3362e-08,-7.505e-09,-1.3975e-08,-3.8878e-08,-9.8132e-09
-0.08,0,0,0.10472,0.10472,-4.8215e-10,-6.2159e-08,-5.4307e-08,-2.2923e-08,8.9111e-09,1.0944e-08,4.2916e-08,-2.633e-08,-3.3067e-09,-1.3949e-08,-2.2147e-08,-1.4513e-08
-0.04,0,0,0.10472,0.10472,-4.446e-09,-5.8636e-08,-4.659e-08,-2.306e-08,8.1471e-09,1.609e-08,3.7641e-08,-2.5893e-08,-2.9562e-09,-1.3695e-08,-2.5534e-08,-1.3283e-08
0,0,0,0.10472,0.10472,-9.2444e-09,-5.8539e-08,-3.7472e-08,-1.9924e-08,7.4986e-09,2.3352e-08,3.5134e-08,-2.8362e-08,-3.6934e-09,-1.6092e-08,-3.0529e-08,-1.0912e-08
0.04,0,0,0.10472,0.10472,-1.5006e-08,-5.1463e-08,-3.2122e-08,-2.0314e-08,6.9011e-09,2.8131e-08,3.0472e-08,-2.8616e-08,-3.9909e-09,-1.563e-08,-3.8223e-08,-8.0082e-09
0.08,0,0,0.10472,0.10472,-2.4046e-08,-4.8068e-08,-2.6223e-08,-1.9101e-08,5.7978e-09,3.7194e-08,2.7386e-08,-2.8988e-08,-3.4506e-09,-1.2494e-08,-4.6059e-08,-5.2208e-09
-0.04,0.04,0,0.10472,0.10472,-4.0587e-09,-6.3681e-08,-5.0148e-08,-2.9524e-08,9.6871e-09,1.3768e-08,3.5134e-08,-2.2739e-08,4.286e-10,-1.5062e-08,-2.4597e-08,-9.8892e-09
0,0.04,0,0.10472,0.10472,-8.7906e-09,-5.9242e-08,-4.499e-08,-2.897e-08,7.0478e-09,1.9138e-08,3.1314e-08,-2.3803e-08,1.4382e-09,-1.492e-08,-2.8493e-08,-6.2224e-09
0.04,0.04,0,0.10472,0.10472,-1.293e-08,-5.3023e-08,-3.5685e-08,-2.3434e-08,6.8817e-09,2.518e-08,2.8858e-08,-2.4066e-08,2.0954e-09,-1.5758e-08,-3.6327e-08,-5.4549e-09
0,0.08,0,0.10472,0.10472,-8.106e-09,-5.8645e-08,-4.7586e-08,-3.3848e-08,6.7899e-09,1.6039e-08,2.9245e-08,-2.1145e-08,5.3318e-09,-1.6612e-08,-2.7041e-08,-4.7366e-09
-0.04,-0.04,0.04,0.10472,0.10472,-1.7341e-09,-6.8085e-08,-3.7017e-08,-1.5552e-08,1.4921e-08,1.8094e-08,3.4204e-08,-2.7367e-08,-7.7372e-09,-1.0115e-08,-2.7952e-08,-9.8256e-09
0,-0.04,0.04,0.10472,0.10472,-8.1857e-09,-6.4182e-08,-3.2561e-08,-1.3422e-08,1.3405e-08,2.302e-08,2.9712e-08,-2.7164e-08,-9.8535e-09,-9.4617e-09,-3.0958e-08,-7.1522e-09
0.04,-0.04,0.04,0.10472,0.10472,-1.5008e-08,-5.8991e-08,-2.7291e-08,-1.2529e-08,1.1436e-08,2.7962e-08,2.755e-08,-2.9049e-08,-1.056e-08,-8.6278e-09,-3.8287e-08,-5.7044e-09
-0.04,0,0.04,0.10472,0.10472,-1.7673e-09,-7.4467e-08,-4.2272e-08,-1.8206e-08,1.8043e-08,1.6772e-08,3.0698e-08,-2.3365e-08,-6.7122e-09,-1.0273e-08,-2.4866e-08,-8.4527e-09
0,0,0.04,0.10472,0.10472,-8.2881e-09,-6.8846e-08,-3.6824e-08,-1.6094e-08,1.478e-08,2.0957e-08,2.9245e-08,-2.2927e-08,-6.1968e-09,-1.0125e-08,-2.9944e-08,-5.504e-09
0.04,0,0.04,0.10472,0.10472,-1.4668e-08,-6.2897e-08,-2.8733e-08,-1.589e-08,1.1596e-08,2.4522e-08,2.5675e-08,-2.4535e-08,-9.6716e-09,-7.4678e-09,-3.629e-08,-4.4673e-09
-0.04,0.04,0.04,0.10472,0.10472,-3.3093e-09,-8.1457e-08,-4.6794e-08,-2.3131e-08,1.5467e-08,1.402e-08,2.9758e-08,-2.012e-08,-3.2668e-09,-1.1056e-08,-2.3926e-08,-4.8697e-09
0,0.04,0.04,0.10472,0.10472,-7.8887e-09,-7.0993e-08,-4.0306e-08,-2.1278e-08,1.4414e-08,1.8795e-08,2.786e-08,-2.0942e-08,-4.5963e-09,-9.8854e-09,-2.9092e-08,-1.1563e-09
0.04,0.04,0.04,0.10472,0.10472,-1.4138e-08,-6.2708e-08,-3.429e-08,-1.8663e-08,1.2112e-08,2.3936e-08,2.5162e-08,-2.1616e-08,-3.4434e-09,-7.1037e-09,-3.4101e-08,-1.8966e-09
0,0,0.08,0.10472,0.10472,-6.0804e-09,-8.217e-08,-3.2377e-08,-1.0348e-08,1.8603e-08,1.9665e-08,2.4666e-08,-2.0253e-08,-1.1055e-08,-4.5057e-09,-2.9671e-08,2.0281e-09
0,0,-0.08,0.15708,0.10472,-1.0753e-08,-4.1114e-08,-4.5565e-08,-2.5039e-08,-1.7132e-09,2.513e-08,4.7895e-08,-3.3945e-08,-2.5328e-10,-2.4487e-08,-2.7216e-08,-1.8246e-08
-0.04,-0.04,-0.04,0.15708,0.10472,-6.5168e-09,-4.7501e-08,-4.5356e-08,-1.8055e-08,4.4524e-09,1.9146e-08,4.5788e-08,-3.7372e-08,-3.87e-09,-1.6236e-08,-2.579e-08,-2.3019e-08
0,-0.04,-0.04,0.15708,0.10472,-1.0482e-08,-4.5259e-08,-3.8477e-08,-1.7107e-08,3.3244e-09,2.6197e-08,3.9157e-08,-3.6233e-08,-3.8353e-09,-1.7654e-08,-3.0316e-08,-2.032e-08
0.04,-0.04,-0.04,0.15708,0.10472,-1.6663e-08,-4.3638e-08,-3.0871e-08,-1.6716e-08,4.02e-09,3.7675e-08,3.6897e-08,-3.826e-08,-5.8771e-09,-1.8921e-08,-3.8963e-08,-1.5915e-08
-0.04,0,-0.04,0.15708,0.10472,-5.1958e-09,-4.9618e-08,-5.4529e-08,-2.4021e-08,3.3968e-09,1.5788e-08,4.5544e-08,-3.0191e-08,-2.2764e-09,-1.8245e-08,-2.4967e-08,-1.9806e-08
0,0,-0.04,0.15708,0.10472,-1.0468e-08,-4.8109e-08,-4.4915e-08,-2.2597e-08,4.0049e-09,2.424e-08,4.0593e-08,-3.1676e-08,-2.7176e-09,-1.9628e-08,-3.0295e-08,-1.5148e-08
0.04,0,-0.04,0.15708,0.10472,-1.7136e-08,-4.4965e-08,-3.3809e-08,-2.0967e-08,3.2732e-09,3.2726e-08,3.4921e-08,-3.2315e-08,-1.7098e-09,-2.0446e-08,-3.552e-08,-1.2377e-08
-0.04,0.04,-0.04,0.15708,0.10472,-6.3992e-09,-5.1012e-08,-6.2546e-08,-3.0049e-08,2.6743e-09,1.4458e-08,4.0352e-08,-2.4854e-08,9.0514e-10,-1.9579e-08,-2.2473e-08,-1.5589e-08
0,0.04,-0.04,0.15708,0.10472,-1.0111e-08,-4.8846e-08,-5.145e-08,-2.6801e-08,2.4529e-09,1.8017e-08,3.7908e-08,-2.6889e-08,1.6947e-09,-1.9476e-08,-2.8614e-08,-1.287e-08
0.04,0.04,-0.04,0.15708,0.10472,-1.4686e-08,-4.5758e-08,-4.0691e-08,-2.7169e-08,1.1674e-09,2.5419e-08,3.2005e-08,-2.7574e-08,-1.164e-10,-2.0738e-08,-3.5372e-08,-8.8419e-09
0,-0.08,0,0.15708,0.10472,-1.0189e-08,-4.8396e-08,-3.0523e-08,-1.1793e-08,8.8994e-09,2.7957e-08,3.7336e-08,-4.1214e-08,-9.1143e-09,-1.1576e-08,-3.2353e-08,-2.1301e-08
-0.04,-0.04,0,0.15708,0.10472,-4.6518e-09,-5.6675e-08,-4.0591e-08,-1.6258e-08,1.1385e-08,1.6998e-08,4.191e-08,-3.1932e-08,-7.2899e-09,-1.2741e-08,-2.6521e-08,-1.8726e-08
0,-0.04,0,0.15708,0.10472,-1.102e-08,-5.5691e-08,-3.6994e-08,-1.5489e-08,9.4271e-09,2.4641e-08,3.7136e-08,-3.7524e-08,-7.513e-09,-1.2932e-08,-3.2605e-08,-1.596e-08
0.04,-0.04,0,0.15708,0.10472,-1.6273e-08,-5.1069e-08,-3.1632e-08,-1.4138e-08,7.8596e-09,3.3324e-08,3.1829e-08,-3.6615e-08,-7.9336e-09,-1.1394e-08,-3.9858e-08,-1.1985e-08
-0.08,0,0,0.15708,0.10472,-5.4074e-10,-6.1722e-08,-5.256e-08,-2.1525e-08,1.238e-08,1.1117e-08,4.091e-08,-2.5904e-08,-4.3172e-09,-1.3537e-08,-2.1974e-08,-1.7975e-08
-0.04,0,0,0.15708,0.10472,-4.9016e-09,-5.9489e-08,-4.896e-08,-1.9444e-08,9.1917e-09,1.6149e-08,3.961e-08,-2.857e-08,-4.4788e-09,-1.3111e-08,-2.5607e-08,-1.5038e-08
0,0,0,0.15708,0.10472,-9.6661e-09,-5.6161e-08,-3.8184e-08,-1.8132e-08,9.424e-09,2.1361e-08,3.4329e-08,-2.9069e-08,-4.4229e-09,-1.4457e-08,-3.1585e-08,-1.0545e-08
0.04,0,0,0.15708,0.10472,-1.556e-08,-5.3242e-08,-3.4199e-08,-1.6744e-08,7.3347e-09,2.7133e-08,2.9649e-08,-3.0253e-08,-5.6862e-09,-1.4992e-08,-3.6387e-08,-9.0559e-09
0.08,0,0,0.15708,0.10472,-2.076e-08,-4.7179e-08,-2.7475e-08,-1.7337e-08,7.189e-09,3.3278e-08,2.6708e-08,-3.0689e-08,-7.2011e-09,-1.2008e-08,-4.3462e-08,-6.8676e-09
-0.04,0.04,0,0.15708,0.10472,-4.4936e-09,-6.097e-08,-5.2959e-08,-2.3225e-08,8.9523e-09,1.3474e-08,3.4873e-08,-2.3996e-08,-8.303e-10,-1.5743e-08,-2.4038e-08,-1.1551e-08
0,0.04,0,0.15708,0.10472,-9.1986e-09,-5.9368e-08,-4.318e-08,-2.5057e-08,7.4799e-09,1.8788e-08,3.2131e-08,-2.5119e-08,-1.3421e-09,-1.3483e-08,-2.8647e-08,-9.365e-09
0.04,0.04,0,0.15708,0.10472,-1.4304e-08,-5.7114e-08,-3.6179e-08,-2.2831e-08,7.4527e-09,2.3493e-08,2.837e-08,-2.4301e-08,-5.2487e-10,-1.4958e-08,-3.5663e-08,-6.4747e-09
0,0.08,0,0.15708,0.10472,-9.2765e-09,-6.1808e-08,-4.7732e-08,-3.0935e-08,7.7677e-09,1.2918e-08,2.8719e-08,-2.2257e-08,2.4253e-09,-1.4314e-08,-2.6239e-08,-7.1164e-09
-0.04,-0.04,0.04,0.15708,0.10472,-3.0549e-09,-6.6905e-08,-3.9818e-08,-1.2627e-08,1.8336e-08,1.848e-08,3.3436e-08,-2.7537e-08,-9.6287e-09,-9.6111e-09,-2.6309e-08,-1.4909e-08
0,-0.04,0.04,0.15708,0.10472,-9.8012e-09,-6.5676e-08,-3.2625e-08,-1.266e-08,1.4735e-08,2.2413e-08,3.0988e-08,-2.8909e-08,-1.2094e-08,-9.2258e-09,-3.2989e-08,-1.0754e-08
0.04,-0.04,0.04,0.15708,0.10472,-1.724e-08,-5.6726e-08,-2.9281e-08,-1.1253e-08,1.2155e-08,2.8373e-08,2.7698e-08,-2.9999e-08,-1.2906e-08,-7.4527e-09,-3.7716e-08,-7.6953e-09
-0.04,0,0.04,0.15708,0.10472,-1.71e-09,-7.1235e-08,-4.1137e-08,-1.3923e-08,1.6219e-08,1.535e-08,3.2985e-08,-2.5343e-08,-7.6135e-09,-1.0254e-08,-2.582e-08,-1.1127e-08
0,0,0.04,0.15708,0.10472,-1.0086e-08,-6.7487e-08,-3.6213e-08,-1.3996e-08,1.3559e-08,2.0441e-08,2.9672e-08,-2.4713e-08,-9.0676e-09,-8.9572e-09,-3.176e-08,-6.6314e-09
0.04,0,0.04,0.15708,0.10472,-1.5687e-08,-6.196e-08,-3.0715e-08,-1.4923e-08,1.084e-08,2.518e-08,2.6289e-08,-2.6036e-08,-1.0515e-08,-6.2309e-09,-3.6283e-08,-5.6031e-09
-0.04,0.04,0.04,0.15708,0.10472,-4.042e-09,-7.9261e-08,-4.6906e-08,-1.879e-08,1.5831e-08,1.1955e-08,3.1384e-08,-2.0876e-08,-5.1256e-09,-8.9165e-09,-2.4334e-08,-6.7389e-09
0,0.04,0.04,0.15708,0.10472,-8.6551e-09,-7.162e-08,-3.8528e-08,-1.8738e-08,1.4163e-08,1.8885e-08,2.7369e-08,-2.3017e-08,-5.6029e-09,-7.5871e-09,-2.7864e-08,-4.4518e-09
0.04,0.04,0.04,0.15708,0.10472,-1.5389e-08,-6.1285e-08,-3.4017e-08,-1.726e-08,1.0572e-08,2.2853e-08,2.6471e-08,-2.2266e-08,-5.0854e-09,-7.4763e-09,-3.677e-08,-3.5909e-09
0,0,0.08,0.15708,0.10472,-7.8634e-09,-8.1566e-08,-3.25e-08,-7.9545e-09,1.9095e-08,1.781e-08,2.4959e-08,-2.1885e-08,-1.4474e-08,-5.3715e-09,-3.0963e-08,-1.7458e-09
0,0,-0.08,0.05236,0.15708,-1.0523e-08,-4.1585e-08,-4.3412e-08,-2.8746e-08,-4.6781e-09,2.8776e-08,4.5779e-08,-3.2759e-08,4.0245e-09,-2.684e-08,-2.8782e-08,-1.4631e-08
-0.04,-0.04,-0.04,0.05236,0.15708,-4.9048e-09,-5.0085e-08,-4.0505e-08,-2.2992e-08,1.5563e-10,2.0929e-08,4.7444e-08,-3.4367e-08,-1.5821e-09,-1.9106e-08,-2.6419e-08,-1.9885e-08
0,-0.04,-0.04,0.05236,0.15708,-1.0443e-08,-4.6777e-08,-3.6022e-08,-2.2628e-08,2.74e-09,3.1797e-08,4.3016e-08,-3.6298e-08,-1.8153e-09,-1.9671e-08,-3.2663e-08,-1.6039e-08
0.04,-0.04,-0.04,0.05236,0.15708,-1.6327e-08,-4.4092e-08,-2.75e-08,-2.0578e-08,2.6733e-09,3.9404e-08,3.7161e-08,-3.7606e-08,-2.0794e-09,-1.861e-08,-3.901e-08,-1.2763e-08
-0.04,0,-0.04,0.05236,0.15708,-5.5916e-09,-4.9272e-08,-4.8666e-08,-2.9226e-08,-1.4282e-10,1.7196e-08,4.3208e-08,-2.9803e-08,1.4006e-09,-2.0564e-08,-2.6219e-08,-1.3607e-08
0,0,-0.04,0.05236,0.15708,-1.0006e-08,-4.9977e-08,-4.1527e-08,-2.6821e-08,2.5285e-09,2.5238e-08,3.9307e-08,-3.0129e-08,1.2979e-09,-2.1389e-08,-3.0587e-08,-1.1647e-08
0.04,0,-0.04,0.05236,0.15708,-1.442e-08,-4.5616e-08,-3.285e-08,-2.6311e-08,1.7997e-09,3.1938e-08,3.4491e-08,-2.9921e-08,2.1415e-09,-2.3118e-08,-3.6541e-08,-9.2966e-09
-0.04,0.04,-0.04,0.05236,0.15708,-5.7814e-09,-4.972e-08,-6.0363e-08,-3.5648e-08,-1.6806e-09,1.6377e-08,4.2202e-08,-2.4851e-08,3.7057e-09,-2.3291e-08,-2.4643e-08,-1.0856e-08
0,0.04,-0.04,0.05236,0.15708,-9.9143e-09,-5.1483e-08,-4.5491e-08,-3.4483e-08,1.8148e-09,2.0892e-08,3.7367e-08,-2.3371e-08,5.2227e-09,-2.4397e-08,-2.9088e-08,-8.6479e-09
0.04,0.04,-0.04,0.05236,0.15708,-1.2864e-08,-4.715e-08,-3.5786e-08,-3.2852e-08,1.6611e-09,2.7242e-08,3.2768e-08,-2.5776e-08,7.1843e-09,-2.5833e-08,-3.5223e-08,-7.2586e-09
0,-0.08,0,0.05236,0.15708,-9.8069e-09,-5.1601e-08,-2.8927e-08,-1.5416e-08,6.6874e-09,2.9087e-08,3.5903e-08,-3.8114e-08,-6.0979e-09,-1.3978e-08,-3.38e-08,-1.4877e-08
-0.04,-0.04,0,0.05236,0.15708,-3.344e-09,-5.8548e-08,-3.8932e-08,-1.9754e-08,7.0555e-09,1.9535e-08,3.8775e-08,-3.0359e-08,-3.4219e-09,-1.479e-08,-2.7148e-08,-1.597e-08
0,-0.04,0,0.05236,0.15708,-8.9915e-09,-5.488e-08,-3.2624e-08,-1.8684e-08,6.9221e-09,2.7033e-08,3.6448e-08,-3.0978e-08,-4.5374e-09,-1.506e-08,-3.2142e-08,-1.2544e-08
0.04,-0.04,0,0.05236,0.15708,-1.6151e-08,-5.1814e-08,-2.7721e-08,-1.8352e-08,6.507e-09,3.624e-08,3.1951e-08,-3.3317e-08,-6.1039e-09,-1.4643e-08,-3.8791e-08,-8.2328e-09
-0.08,0,0,0.05236,0.15708,-6.9414e-10,-6.2996e-08,-5.0961e-08,-2.4968e-08,7.5242e-09,1.2083e-08,4.1146e-08,-2.4957e-08,-1.535e-09,-1.5314e-08,-2.1881e-08,-1.2103e-08
-0.04,0,0,0.05236,0.15708,-4.959e-09,-6.2056e-08,-4.3321e-08,-2.3732e-08,8.3322e-09,1.8669e-08,3.6063e-08,-2.5812e-08,-1.5236e-09,-1.4678e-08,-2.5194e-08,-9.7783e-09
0,0,0,0.05236,0.15708,-1.0147e-08,-5.8545e-08,-3.9512e-08,-2.4193e-08,8.0226e-09,2.3464e-08,3.4408e-08,-2.6633e-08,-1.6701e-09,-1.5784e-08,-3.1922e-08,-7.6738e-09
0.04,0,0,0.05236,0.15708,-1.3499e-08,-5.4599e-08,-3.1272e-08,-2.3142e-08,5.9139e-09,3.2663e-08,2.9955e-08,-2.6728e-08,-1.6261e-09,-1.7219e-08,-3.8482e-08,-5.3175e-09
0.08,0,0,0.05236,0.15708,-2.0792e-08,-4.9506e-08,-2.6043e-08,-2.0635e-08,5.2854e-09,3.9168e-08,2.6521e-08,-2.7686e-08,-1.5547e-09,-1.6146e-08,-4.669e-08,-3.6257e-09
-0.04,0.04,0,0.05236,0.15708,-4.8599e-09,-6.28e-08,-5.1856e-08,-2.8391e-08,8.2414e-09,1.569e-08,3.4395e-08,-2.2729e-08,1.4867e-09,-1.6671e-08,-2.5409e-08,-8.4279e-09
0,0.04,0,0.05236,0.15708,-8.7912e-09,-6.0145e-08,-4.2811e-08,-3.2433e-08,5.4183e-09,2.0042e-08,3.0988e-08,-2.276e-08,2.4645e-09,-1.7684e-08,-3.0108e-08,-5.3771e-09
0.04,0.04,0,0.05236,0.15708,-1.3085e-08,-5.6657e-08,-3.4506e-08,-2.6909e-08,6.5473e-09,2.558e-08,2.9126e-08,-2.2856e-08,2.0725e-09,-1.732e-08,-3.5112e-08,-3.3509e-09
0,0.08,0,0.05236,0.15708,-8.1138e-09,-6.3391e-08,-4.8514e-08,-4.0607e-08,6.447e-09,1.6188e-08,2.9694e-08,-1.9692e-08,7.1712e-09,-1.7557e-08,-2.8384e-08,-3.1489e-09
-0.04,-0.04,0.04,0.05236,0.15708,-2.0714e-09,-7.0258e-08,-3.6157e-08,-1.6521e-08,1.4384e-08,1.9199e-08,3.2507e-08,-2.6556e-08,-6.3497e-09,-1.1031e-08,-2.7053e-08,-8.3588e-09
0,-0.04,0.04,0.05236,0.15708,-7.5564e-09,-6.3792e-08,-3.1302e-08,-1.6557e-08,1.2581e-08,2.4962e-08,2.9514e-08,-2.7262e-08,-7.7218e-09,-1.1548e-08,-3.2385e-08,-5.2291e-09
0.04,-0.04,0.04,0.05236,0.15708,-1.839e-08,-5.8853e-08,-2.8029e-08,-1.5363e-08,9.5208e-09,2.8864e-08,2.7004e-08,-2.7566e-08,-8.6774e-09,-1.0299e-08,-3.7537e-08,-3.5044e-09
-0.04,0,0.04,0.05236,0.15708,-2.5674e-09,-7.2982e-08,-3.9387e-08,-2.0955e-08,1.4229e-08,1.7083e-08,3.1251e-08,-2.2923e-08,-4.0292e-09,-1.1527e-08,-2.5994e-08,-3.1693e-09
0,0,0.04,0.05236,0.15708,-8.8514e-09,-6.7588e-08,-3.4843e-08,-1.9527e-08,1.2396e-08,2.2507e-08,2.8255e-08,-2.1584e-08,-5.334e-09,-1.1316e-08,-3.1906e-08,-2.2911e-09
0.04,0,0.04,0.05236,0.15708,-1.5012e-08,-6.3242e-08,-2.9992e-08,-1.8833e-08,1.0094e-08,2.6765e-08,2.5695e-08,-2.4818e-08,-5.087e-09,-1.0728e-08,-3.7506e-08,-1.7981e-09
-0.04,0.04,0.04,0.05236,0.15708,-2.9444e-09,-7.9219e-08,-4.4771e-08,-2.5763e-08,1.3534e-08,1.5152e-08,2.9977e-08,-1.8653e-08,-1.5352e-09,-1.1573e-08,-2.5385e-08,-3.3592e-10
0,0.04,0.04,0.05236,0.15708,-7.4403e-09,-7.236e-08,-3.9561e-08,-2.4622e-08,1.1927e-08,1.8642e-08,2.7064e-08,-2.0539e-08,-1.327e-09,-1.2e-08,-3.0239e-08,-1.2511e-09
0.04,0.04,0.04,0.05236,0.15708,-1.3694e-08,-6.6559e-08,-3.2644e-08,-2.2493e-08,1.0391e-08,2.3615e-08,2.5214e-08,-1.9831e-08,-1.974e-09,-8.6923e-09,-3.4528e-08,1.7398e-10
0,0,0.08,0.05236,0.15708,-6.3591e-09,-8.4357e-08,-3.1938e-08,-1.6417e-08,1.8682e-08,2.044e-08,2.499e-08,-1.9029e-08,-9.0887e-09,-6.9878e-09,-2.95e-08,3.2963e-09
0,0,-0.08,0.10472,0.15708,-1.0048e-08,-4.0373e-08,-4.7487e-08,-2.6524e-08,-3.9592e-09,2.7127e-08,4.4324e-08,-3.2855e-08,2.1726e-09,-2.6934e-08,-2.8962e-08,-1.5765e-08
-0.04,-0.04,-0.04,0.10472,0.15708,-4.8391e-09,-4.6074e-08,-4.3629e-08,-2.0792e-08,3.3356e-09,2.0757e-08,4.8784e-08,-3.3207e-08,-2.3488e-09,-1.8661e-08,-2.5986e-08,-2.1316e-08
0,-0.04,-0.04,0.10472,0.15708,-1.134e-08,-4.6394e-08,-3.7017e-08,-1.9892e-08,3.066e-09,2.9858e-08,4.1587e-08,-3.5997e-08,-2.6422e-09,-1.9387e-08,-3.1324e-08,-1.6914e-08
0.04,-0.04,-0.04,0.10472,0.15708,-1.6725e-08,-4.2644e-08,-3.0241e-08,-1.9113e-08,3.0432e-09,3.7131e-08,3.74e-08,-3.8369e-08,-4.2967e-09,-1.8593e-08,-3.86e-08,-1.4912e-08
-0.04,0,-0.04,0.10472,0.15708,-5.8166e-09,-4.9422e-08,-4.8748e-08,-2.4664e-08,1.3567e-09,1.4582e-08,4.6102e-08,-3.0362e-08,-5.7713e-10,-2.0038e-08,-2.4856e-08,-1.7668e-08
0,0,-0.04,0.10472,0.15708,-1.0006e-08,-4.8675e-08,-4.2213e-08,-2.4505e-08,2.438e-09,2.3974e-08,4.0988e-08,-3.0637e-08,-1.2307e-09,-2.0475e-08,-3.0658e-08,-1.2769e-08
0.04,0,-0.04,0.10472,0.15708,-1.4572e-08,-4.433e-08,-3.5058e-08,-2.2408e-08,2.7042e-09,3.3131e-08,3.4863e-08,-3.1771e-08,1.5828e-11,-2.1184e-08,-3.6798e-08,-1.063e-08
-0.04,0.04,-0.04,0.10472,0.15708,-5.8358e-09,-5.2776e-08,-5.5576e-08,-3.3225e-08,2.3208e-09,1.5668e-08,4.034e-08,-2.4406e-08,3.5224e-09,-2.059e-08,-2.3248e-08,-1.3781e-08
0,0.04,-0.04,0.10472,0.15708,-9.7401e-09,-4.9434e-08,-4.9322e-08,-3.1263e-08,1.3167e-09,1.9646e-08,3.5698e-08,-2.5336e-08,2.145e-09,-2.2807e-08,-2.8555e-08,-9.9013e-09
0.04,0.04,-0.04,0.10472,0.15708,-1.3879e-08,-4.6613e-08,-3.7603e-08,-2.9634e-08,2.2647e-09,2.7285e-08,3.1503e-08,-2.5301e-08,3.9949e-09,-2.3604e-08,-3.4135e-08,-8.2428e-09
0,-0.08,0,0.10472,0.15708,-9.1376e-09,-5.0168e-08,-2.9848e-08,-1.3261e-08,9.0409e-09,3.0067e-08,3.6139e-08,-3.9903e-08,-8.4608e-09,-1.3021e-08,-3.3929e-08,-1.8614e-08
-0.04,-0.04,0,0.10472,0.15708,-3.7267e-09,-5.8698e-08,-4.0454e-08,-1.7752e-08,8.3714e-09,1.776e-08,3.9399e-08,-3.0473e-08,-5.6033e-09,-1.4334e-08,-2.7187e-08,-1.8453e-08
0,-0.04,0,0.10472,0.15708,-9.9677e-09,-5.2399e-08,-3.4647e-08,-1.7604e-08,9.241e-09,2.6864e-08,3.5903e-08,-3.2682e-08,-6.4102e-09,-1.4106e-08,-3.3271e-08,-1.34e-08
0.04,-0.04,0,0.10472,0.15708,-1.7025e-08,-4.9785e-08,-2.8235e-08,-1.6139e-08,7.205e-09,3.1815e-08,3.3224e-08,-3.3347e-08,-8.0966e-09,-1.4007e-08,-3.9381e-08,-1.1217e-08
-0.08,0,0,0.10472,0.15708,-5.262e-10,-6.2353e-08,-5.3266e-08,-2.3686e-08,1.0831e-08,1.0803e-08,4.0453e-08,-2.5309e-08,-2.2418e-09,-1.4262e-08,-2.1844e-08,-1.6142e-08
-0.04,0,0,0.10472,0.15708,-4.7755e-09,-5.7616e-08,-4.7259e-08,-2.142e-08,8.6582e-09,1.8655e-08,3.5369e-08,-2.7535e-08,-2.8851e-09,-1.3833e-08,-2.5265e-08,-1.254e-08
0,0,0,0.10472,0.15708,-9.3289e-09,-5.659e-08,-3.8062e-08,-2.1532e-08,7.1445e-09,2.4184e-08,3.4304e-08,-2.7517e-08,-3.2441e-09,-1.5177e-08,-3.0902e-08,-8.1401e-09
0.04,0,0,0.10472,0.15708,-1.5401e-08,-5.3939e-08,-3.3244e-08,-1.8376e-08,7.1353e-09,3.0666e-08,3.006e-08,-2.8081e-08,-3.3024e-09,-1.5632e-08,-3.9083e-08,-7.328e-09
0.08,0,0,0.10472,0.15708,-2.4341e-08,-4.6819e-08,-2.6889e-08,-2.0064e-08,6.3252e-09,3.3844e-08,2.8047e-08,-2.8043e-08,-3.767e-09,-1.4563e-08,-4.4819e-08,-5.7687e-09
-0.04,0.04,0,0.10472,0.15708,-5.2402e-09,-6.4429e-08,-5.233e-08,-2.7392e-08,9.7136e-09,1.3792e-08,3.5614e-08,-2.2499e-08,6.2035e-11,-1.5928e-08,-2.4915e-08,-8.5469e-09
0,0.04,0,0.10472,0.15708,-9.1662e-09,-5.951e-08,-4.358e-08,-2.8315e-08,8.8506e-09,1.8073e-08,3.1514e-08,-2.4157e-08,-1.2817e-10,-1.5471e-08,-2.9005e-08,-7.1461e-09
0.04,0.04,0,0.10472,0.15708,-1.5255e-08,-5.4547e-08,-3.6807e-08,-2.586e-08,6.5125e-09,2.4662e-08,2.7737e-08,-2.4307e-08,9.6655e-10,-1.5722e-08,-3.4175e-08,-5.1504e-09
0,0.08,0,0.10472,0.15708,-8.4489e-09,-6.0257e-08,-4.6374e-08,-3.3894e-08,6.671e-09,1.4901e-08,3.0107e-08,-2.0606e-08,5.6667e-09,-1.7907e-08,-2.7393e-08,-5.3022e-09
-0.04,-0.04,0.04,0.10472,0.15708,-3.1602e-09,-6.9119e-08,-3.6668e-08,-1.4063e-08,1.5317e-08,1.9441e-08,3.1277e-08,-2.603e-08,-8.5101e-09,-9.9707e-09,-2.686e-08,-9.9604e-09
0,-0.04,0.04,0.10472,0.15708,-9.5977e-09,-6.218e-08,-3.1957e-08,-1.3396e-08,1.413e-08,2.4679e-08,3.0652e-08,-2.8361e-08,-9.4629e-09,-9.6626e-09,-3.3537e-08,-8.8852e-09
0.04,-0.04,0.04,0.10472,0.15708,-1.6527e-08,-5.8737e-08,-2.7897e-08,-1.2968e-08,1.1079e-08,2.8511e-08,2.6504e-08,-2.8105e-08,-1.0139e-08,-9.3526e-09,-3.8863e-08,-5.0698e-09
-0.04,0,0.04,0.10472,0.15708,-2.7615e-09,-7.1979e-08,-4.3987e-08,-1.9176e-08,1.5579e-08,1.5664e-08,3.3423e-08,-2.3585e-08,-6.6624e-09,-1.0592e-08,-2.4248e-08,-6.747e-09
0,0,0.04,0.10472,0.15708,-9.3338e-09,-7.1775e-08,-3.572e-08,-1.8753e-08,1.3838e-08,2.1539e-08,2.8278e-08,-2.3856e-08,-7.783e-09,-9.4547e-09,-2.9907e-08,-5.6624e-09
0.04,0,0.04,0.10472,0.15708,-1.6412e-08,-6.3353e-08,-3.1122e-08,-1.4015e-08,1.1616e-08,2.5625e-08,2.5919e-08,-2.5193e-08,-6.9452e-09,-1.0233e-08,-3.7199e-08,-2.4416e-09
-0.04,0.04,0.04,0.10472,0.15708,-3.0169e-09,-7.9599e-08,-4.6921e-08,-2.1071e-08,1.5645e-08,1.4563e-08,2.9907e-08,-2.0724e-08,-2.4134e-09,-1.11e-08,-2.4743e-08,-3.7791e-09
0,0.04,0.04,0.10472,0.15708,-7.588e-09,-7.0997e-08,-3.9288e-08,-2.1894e-08,1.3621e-08,1.8943e-08,2.8199e-08,-2.1135e-08,-3.3303e-09,-1.015e-08,-2.8537e-08,-1.84e-09
0.04,0.04,0.04,0.10472,0.15708,-1.4418e-08,-6.7678e-08,-3.1725e-08,-2.03e-08,1.1612e-08,2.1933e-08,2.6192e-08,-2.1965e-08,-3.1247e-09,-8.3958e-09,-3.4117e-08,-1.4852e-09
0,0,0.08,0.10472,0.15708,-8.0541e-09,-8.2543e-08,-3.3131e-08,-1.1779e-08,1.9284e-08,1.8447e-08,2.5509e-08,-2.1017e-08,-1.2421e-08,-5.9996e-09,-3.019e-08,6.3048e-10
0,0,-0.08,0.15708,0.15708,-1.1302e-08,-3.9873e-08,-4.536e-08,-2.4585e-08,-1.5221e-09,2.2243e-08,4.5006e-08,-3.3782e-08,7.7008e-10,-2.6793e-08,-2.7866e-08,-1.9321e-08
-0.04,-0.04,-0.04,0.15708,0.15708,-5.4387e-09,-4.6624e-08,-4.6621e-08,-1.822e-08,6.6625e-09,1.9352e-08,4.76e-08,-3.5674e-08,-4.1256e-09,-1.5883e-08,-2.569e-08,-2.4945e-08
0,-0.04,-0.04,0.15708,0.15708,-1.0782e-08,-4.4542e-08,-3.8529e-08,-1.8075e-08,3.2563e-09,2.8422e-08,4.2735e-08,-3.8975e-08,-4.4756e-09,-1.6876e-08,-3.0365e-08,-1.9742e-08
0.04,-0.04,-0.04,0.15708,0.15708,-1.6366e-08,-4.508e-08,-3.2202e-08,-1.6656e-08,5.247e-09,3.7643e-08,3.7323e-08,-3.9013e-08,-5.9746e-09,-1.8009e-08,-3.7457e-08,-1.5519e-08
-0.04,0,-0.04,0.15708,0.15708,-6.0973e-09,-4.8572e-08,-5.3357e-08,-2.371e-08,4.6856e-09,1.6771e-08,4.5565e-08,-2.9552e-08,-1.3871e-09,-1.8778e-08,-2.517e-08,-1.8688e-08
0,0,-0.04,0.15708,0.15708,-1.0975e-08,-4.8464e-08,-4.3452e-08,-2.2309e-08,4.9983e-09,2.1167e-08,3.9724e-08,-3.0093e-08,-2.0175e-09,-1.8521e-08,-3.0007e-08,-1.6642e-08
0.04,0,-0.04,0.15708,0.15708,-1.8317e-08,-4.4725e-08,-3.6272e-08,-2.2582e-08,3.0879e-09,2.8859e-08,3.4766e-08,-3.2685e-08,-1.905e-09,-1.9393e-08,-3.8474e-08,-1.2217e-08
-0.04,0.04,-0.04,0.15708,0.15708,-6.1798e-09,-5.0651e-08,-5.909e-08,-3.0024e-08,2.8332e-09,1.2821e-08,4.0965e-08,-2.5246e-08,1.2188e-09,-2.0127e-08,-2.3242e-08,-1.4074e-08
0,0.04,-0.04,0.15708,0.15708,-1.0501e-08,-4.9672e-08,-5.1597e-08,-2.9135e-08,3.3822e-09,1.7664e-08,3.6496e-08,-2.7263e-08,6.2604e-10,-2.1331e-08,-2.8739e-08,-1.2621e-08
0.04,0.04,-0.04,0.15708,0.15708,-1.5468e-08,-4.5758e-08,-4.1655e-08,-2.6605e-08,2.463e-09,2.563e-08,3.2636e-08,-2.7221e-08,2.9932e-09,-2.0793e-08,-3.4979e-08,-9.149e-09
0,-0.08,0,0.15708,0.15708,-8.7603e-09,-4.8574e-08,-3.15e-08,-1.1674e-08,1.0647e-08,2.9302e-08,3.9062e-08,-4.2689e-08,-8.9273e-09,-1.1715e-08,-3.2641e-08,-2.1283e-08
-0.04,-0.04,0,0.15708,0.15708,-4.5756e-09,-5.5584e-08,-4.2514e-08,-1.5664e-08,1.1199e-08,1.7357e-08,4.006e-08,-3.2981e-08,-7.1939e-09,-1.2467e-08,-2.583e-08,-1.7866e-08
0,-0.04,0,0.15708,0.15708,-1.0596e-08,-5.1918e-08,-3.7469e-08,-1.4909e-08,1.0271e-08,2.6338e-08,3.6036e-08,-3.5149e-08,-7.7995e-09,-1.2179e-08,-3.0711e-08,-1.5407e-08
0.04,-0.04,0,0.15708,0.15708,-1.8261e-08,-5.0849e-08,-2.9137e-08,-1.5274e-08,9.0649e-09,3.0951e-08,3.2491e-08,-3.5309e-08,-7.7624e-09,-1.3287e-08,-3.7574e-08,-1.5036e-08
-0.08,0,0,0.15708,0.15708,-3.6756e-10,-6.3239e-08,-5.6326e-08,-2.1694e-08,1.0044e-08,1.0936e-08,4.2333e-08,-2.6007e-08,-4.1615e-09,-1.3654e-08,-2.123e-08,-1.8245e-08
-0.04,0,0,0.15708,0.15708,-4.3319e-09,-6.0254e-08,-4.7952e-08,-1.9836e-08,8.9896e-09,1.5964e-08,3.5659e-08,-2.7828e-08,-3.9664e-09,-1.3741e-08,-2.5306e-08,-1.5139e-08
0,0,0,0.15708,0.15708,-1.176e-08,-5.7883e-08,-4.1429e-08,-1.9128e-08,9.4142e-09,2.1956e-08,3.407e-08,-2.82e-08,-4.7688e-09,-1.508e-08,-3.0062e-08,-1.1393e-08
0.04,0,0,0.15708,0.15708,-1.8054e-08,-5.1288e-08,-3.5119e-08,-1.6866e-08,8.0808e-09,2.7345e-08,3.1942e-08,-3.0283e-08,-5.5162e-09,-1.4469e-08,-3.7276e-08,-9.6878e-09
0.08,0,0,0.15708,0.15708,-2.4456e-08,-4.7939e-08,-2.6783e-08,-1.8228e-08,6.3901e-09,3.3251e-08,2.6944e-08,-2.9626e-08,-6.0895e-09,-1.3316e-08,-4.543e-08,-7.1905e-09
-0.04,0.04,0,0.15708,0.15708,-5.2789e-09,-6.4023e-08,-5.2849e-08,-2.4518e-08,9.4449e-09,1.3244e-08,3.4979e-08,-2.3139e-08,-1.22e-09,-1.4132e-08,-2.4338e-08,-1.134e-08
0,0.04,0,0.15708,0.15708,-8.8488e-09,-5.7825e-08,-4.5319e-08,-2.3508e-08,7.8514e-09,1.6965e-08,3.2102e-08,-2.3858e-08,-1.8384e-09,-1.6202e-08,-2.7975e-08,-7.7016e-09
0.04,0.04,0,0.15708,0.15708,-1.5265e-08,-5.1579e-08,-3.6825e-08,-2.2196e-08,7.4318e-09,2.3539e-08,2.902e-08,-2.4735e-08,-9.9403e-10,-1.3575e-08,-3.4116e-08,-7.639e-09
0,0.08,0,0.15708,0.15708,-8.935e-09,-6.2297e-08,-4.9849e-08,-3.1667e-08,5.9579e-09,1.4097e-08,2.8773e-08,-2.1216e-08,2.6713e-09,-1.7953e-08,-2.6892e-08,-6.147e-09
-0.04,-0.04,0.04,0.15708,0.15708,-1.0637e-09,-6.4006e-08,-3.8593e-08,-1.2254e-08,1.8495e-08,1.6304e-08,3.4026e-08,-2.7665e-08,-9.6657e-09,-9.1767e-09,-2.6487e-08,-1.5051e-08
0,-0.04,0.04,0.15708,0.15708,-8.2084e-09,-6.2276e-08,-3.4097e-08,-9.635e-09,1.4788e-08,2.2245e-08,2.94e-08,-3.017e-08,-1.0554e-08,-8.9066e-09,-3.0495e-08,-9.6703e-09
0.04,-0.04,0.04,0.15708,0.15708,-1.8623e-08,-5.646e-08,-2.79e-08,-1.0824e-08,1.1066e-08,2.8121e-08,2.7479e-08,-3.0872e-08,-1.3923e-08,-8.7508e-09,-3.9298e-08,-6.119e-09
-0.04,0,0.04,0.15708,0.15708,-4.0077e-09,-7.1109e-08,-4.2457e-08,-1.6183e-08,1.7298e-08,1.5048e-08,3.2377e-08,-2.5804e-08,-8.4961e-09,-1.0028e-08,-2.5419e-08,-1.037e-08
0,0,0.04,0.15708,0.15708,-8.8856e-09,-6.7938e-08,-3.6446e-08,-1.3416e-08,1.4e-08,2.1281e-08,2.9557e-08,-2.5834e-08,-9.0513e-09,-9.2162e-09,-3.0331e-08,-6.9795e-09
0.04,0,0.04,0.15708,0.15708,-1.7102e-08,-6.0738e-08,-3.1641e-08,-1.3721e-08,1.1768e-08,2.3958e-08,2.7303e-08,-2.6987e-08,-9.6848e-09,-8.74e-09,-3.5928e-08,-5.5097e-09
-0.04,0.04,0.04,0.15708,0.15708,-3.8515e-09,-7.6916e-08,-4.7248e-08,-2.0352e-08,1.7359e-08,1.3581e-08,3.0498e-08,-2.1811e-08,-5.2136e-09,-9.1375e-09,-2.4225e-08,-7.3159e-09
0,0.04,0.04,0.15708,0.15708,-8.0413e-09,-7.2573e-08,-4.1449e-08,-2.0513e-08,1.4768e-08,1.7216e-08,2.6939e-08,-2.0741e-08,-4.7255e-09,-8.7535e-09,-2.8767e-08,-4.4744e-09
0.04,0.04,0.04,0.15708,0.15708,-1.2552e-08,-6.4491e-08,-3.4139e-08,-1.7382e-08,1.1416e-08,2.0891e-08,2.6193e-08,-2.1895e-08,-6.0883e-09,-8.3876e-09,-3.4466e-08,-3.1881e-09
0,0,0.08,0.15708,0.15708,-6.981e-09,-8.0518e-08,-3.3506e-08,-7.9347e-09,2.0469e-08,1.7974e-08,2.459e-08,-2.1437e-08,-1.4325e-08,-5.2673e-09,-2.8878e-08,-5.998e-10
