0,0,-0.08,0.05236,0.05236,-9.1344e-09,-4.0602e-08,-3.9053e-08,-2.784e-08,-5.0632e-09,2.9807e-08,4.8162e-08,-3.4765e-08,3.6006e-09,-2.952e-08,-2.8014e-08,-1.4918e-08
-0.04,-0.04,-0.04,0.05236,0.05236,-5.6455e-09,-4.5671e-08,-4.0786e-08,-2.2057e-08,-7.6942e-10,2.1101e-08,4.7066e-08,-3.4806e-08,-2.3553e-09,-1.7811e-08,-2.5406e-08,-1.9562e-08
0,-0.04,-0.04,0.05236,0.05236,-9.5933e-09,-4.9231e-08,-3.5016e-08,-2.2701e-08,3.1261e-09,3.269e-08,4.2072e-08,-3.3714e-08,-1.7617e-09,-1.958e-08,-3.5222e-08,-1.5419e-08
0.04,-0.04,-0.04,0.05236,0.05236,-1.6659e-08,-4.3809e-08,-3.0586e-08,-2.0371e-08,-9.3789e-11,4.1486e-08,3.6413e-08,-3.5732e-08,-1.6583e-09,-2.1901e-08,-3.8523e-08,-1.2991e-08
-0.04,0,-0.04,0.05236,0.05236,-6.2955e-09,-5.0809e-08,-4.7909e-08,-2.7594e-08,1.3172e-09,1.648e-08,4.672e-08,-2.8225e-08,1.823e-10,-1.937e-08,-2.6038e-08,-1.6853e-08
0,0,-0.04,0.05236,0.05236,-1.2231e-08,-4.7844e-08,-3.5673e-08,-2.746e-08,-2.5618e-10,2.7493e-08,3.8614e-08,-2.8731e-08,2.9097e-09,-2.2724e-08,-3.1884e-08,-1.3672e-08
0.04,0,-0.04,0.05236,0.05236,-1.431e-08,-4.8256e-08,-3.118e-08,-2.7053e-08,8.6572e-10,3.5904e-08,3.7878e-08,-3.1281e-08,2.6776e-09,-2.2429e-08,-3.736e-08,-1.0154e-08
-0.04,0.04,-0.04,0.05236,0.05236,-6.2839e-09,-5.0737e-08,-6.2585e-08,-3.4447e-08,3.2301e-09,1.5628e-08,3.9312e-08,-2.312e-08,2.1545e-09,-2.2258e-08,-2.3904e-08,-9.5013e-09
0,0.04,-0.04,0.05236,0.05236,-7.5215e-09,-4.8746e-08,-4.5427e-08,-3.5524e-08,-7.9479e-10,2.1136e-08,3.6529e-08,-2.4925e-08,5.042e-09,-2.0575e-08,-2.8899e-08,-7.5431e-09
0.04,0.04,-0.04,0.05236,0.05236,-1.4082e-08,-4.7688e-08,-3.2676e-08,-3.0206e-08,4.7996e-09,2.8236e-08,3.1488e-08,-2.5782e-08,6.3365e-09,-1.9707e-08,-3.3671e-08,-7.144e-09
0,-0.08,0,0.05236,0.05236,-8.8235e-09,-5.5944e-08,-3.2205e-08,-1.5466e-08,9.3087e-09,2.5872e-08,3.5291e-08,-3.6671e-08,-6.6318e-09,-1.4626e-08,-3.5382e-08,-1.8532e-08
-0.04,-0.04,0,0.05236,0.05236,-4.2273e-09,-5.8381e-08,-3.5961e-08,-1.8385e-08,7.3318e-09,1.9441e-08,4.3375e-08,-2.9081e-08,-3.2311e-09,-1.3782e-08,-2.7058e-08,-1.8642e-08
0,-0.04,0,0.05236,0.05236,-1.0855e-08,-5.7032e-08,-3.0838e-08,-1.959e-08,5.2238e-09,2.9423e-08,3.6152e-08,-3.2464e-08,-4.5127e-09,-1.5397e-08,-3.351e-08,-1.5446e-08
0.04,-0.04,0,0.05236,0.05236,-1.7748e-08,-4.672e-08,-2.9148e-08,-1.7603e-08,6.5807e-09,3.557e-08,3.32e-08,-3.404e-08,-5.1502e-09,-1.4229e-08,-3.8293e-08,-9.4884e-09
-0.08,0,0,0.05236,0.05236,-1.6872e-09,-6.0954e-08,-5.3048e-08,-2.8847e-08,6.4653e-09,1.4529e-08,4.0104e-08,-2.4668e-08,-6.8605e-10,-1.4828e-08,-2.2083e-08,-1.0297e-08
-0.04,0,0,0.05236,0.05236,-4.3242e-09,-6.3883e-08,-4.8193e-08,-2.2848e-08,8.177e-09,1.6774e-08,3.538e-08,-2.7608e-08,-1.4655e-09,-1.5941e-08,-2.6628e-08,-9.2817e-09
0,0,0,0.05236,0.05236,-6.9478e-09,-5.6213e-08,-3.6712e-08,-2.5267e-08,8.2342e-09,2.1352e-08,3.1541e-08,-2.5356e-08,-1.5997e-09,-1.645e-08,-3.0798e-08,-7.6488e-09
0.04,0,0,0.05236,0.05236,-1.4133e-08,-5.5124e-08,-3.0169e-08,-2.2795e-08,8.2258e-09,3.4814e-08,3.2336e-08,-2.8134e-08,-1.5404e-09,-1.5219e-08,-3.7055e-08,-5.5476e-09
0.08,0,0,0.05236,0.05236,-2.2117e-08,-4.9267e-08,-2.7254e-08,-2.2697e-08,4.9768e-09,3.9039e-08,2.8557e-08,-2.8241e-08,-2.6847e-09,-1.9054e-08,-4.7566e-08,-3.0836e-09
-0.04,0.04,0,0.05236,0.05236,-4.9322e-09,-6.2658e-08,-4.6082e-08,-3.0026e-08,8.2855e-09,1.7295e-08,3.2449e-08,-2.2051e-08,6.659e-10,-1.5782e-08,-2.6181e-08,-6.9431e-09
0,0.04,0,0.05236,0.05236,-8.4391e-09,-6.216e-08,-3.9388e-08,-3.0193e-08,6.87e-09,1.9584e-08,3.1197e-08,-2.1161e-08,2.0552e-09,-1.3925e-08,-3.0294e-08,-5.5161e-09
0.04,0.04,0,0.05236,0.05236,-1.0585e-08,-5.5821e-08,-3.2136e-08,-2.8495e-08,6.5662e-09,2.532e-08,2.9179e-08,-2.3671e-08,8.5255e-10,-1.7594e-08,-3.3257e-08,-2.3719e-09
0,0.08,0,0.05236,0.05236,-8.3489e-09,-5.9211e-08,-4.588e-08,-3.5408e-08,6.0432e-09,1.7629e-08,2.9196e-08,-2.0532e-08,4.4748e-09,-1.7261e-08,-2.6793e-08,-4.0328e-09
-0.04,-0.04,0.04,0.05236,0.05236,-2.6192e-09,-7.2873e-08,-4.0291e-08,-1.8995e-08,1.0956e-08,1.8885e-08,3.2849e-08,-2.5816e-08,-5.9468e-09,-1.0487e-08,-2.7411e-08,-1.0639e-08
0,-0.04,0.04,0.05236,0.05236,-6.3719e-09,-6.889e-08,-3.5236e-08,-1.578e-08,1.1502e-08,2.4848e-08,2.8779e-08,-2.9214e-08,-9.8905e-09,-1.0223e-08,-3.0925e-08,-3.9575e-09
0.04,-0.04,0.04,0.05236,0.05236,-1.417e-08,-5.7809e-08,-2.6525e-08,-1.5363e-08,9.7415e-09,3.0288e-08,2.7486e-08,-2.448e-08,-1.1048e-08,-9.2339e-09,-3.9997e-08,-4.4799e-09
-0.04,0,0.04,0.05236,0.05236,-4.2891e-09,-7.5164e-08,-4.0949e-08,-2.0358e-08,1.5953e-08,1.7517e-08,3.2756e-08,-2.2728e-08,-5.7539e-09,-1.0131e-08,-2.6181e-08,-5.1489e-09
0,0,0.04,0.05236,0.05236,-8.5789e-09,-6.8827e-08,-3.2402e-08,-2.1966e-08,1.1776e-08,2.1289e-08,3.0256e-08,-2.3782e-08,-6.2103e-09,-1.0331e-08,-2.8836e-08,-2.8396e-09
0.04,0,0.04,0.05236,0.05236,-1.512e-08,-5.4704e-08,-3.0744e-08,-1.7837e-08,9.7488e-09,2.6939e-08,2.7856e-08,-2.491e-08,-4.2123e-09,-1.1432e-08,-3.3339e-08,4.9605e-10
-0.04,0.04,0.04,0.05236,0.05236,-1.9905e-09,-6.7962e-08,-4.6123e-08,-2.9091e-08,1.7001e-08,1.5962e-08,2.7432e-08,-2.0485e-08,-1.4358e-09,-9.7857e-09,-2.5189e-08,-1.8209e-09
0,0.04,0.04,0.05236,0.05236,-8.0452e-09,-6.8306e-08,-3.6751e-08,-2.7097e-08,1.2467e-08,1.7746e-08,2.6791e-08,-1.8949e-08,4.0377e-10,-9.7544e-09,-2.9027e-08,-4.4959e-10
0.04,0.04,0.04,0.05236,0.05236,-1.345e-08,-6.6235e-08,-3.4844e-08,-2.7585e-08,1.0191e-08,2.3524e-08,2.5478e-08,-2.0687e-08,3.5018e-10,-9.5735e-09,-3.3297e-08,2.9055e-10
0,0,0.08,0.05236,0.05236,-6.2885e-09,-7.8147e-08,-3.3697e-08,-1.6017e-08,1.6052e-08,1.9685e-08,2.4734e-08,-1.7434e-08,-9.1955e-09,-6.9821e-09,-2.9846e-08,4.623e-09
0,0,-0.08,0.10472,0.05236,-9.8608e-09,-4.2955e-08,-4.4348e-08,-2.7058e-08,-3.5391e-09,2.6193e-08,4.4888e-08,-3.304e-08,3.5419e-09,-2.8116e-08,-2.9614e-08,-1.8258e-08
-0.04,-0.04,-0.04,0.10472,0.05236,-6.2437e-09,-5.1292e-08,-3.986e-08,-1.8204e-08,4.1519e-09,2.1314e-08,4.5495e-08,-4.0245e-08,-3.1232e-09,-1.6219e-08,-2.6969e-08,-2.5341e-08
0,-0.04,-0.04,0.10472,0.05236,-7.662e-09,-4.7293e-08,-3.7136e-08,-2.2583e-08,1.4847e-09,3.4675e-08,4.0184e-08,-3.8492e-08,-3.0332e-09,-1.9749e-08,-3.1115e-08,-2.1168e-08
0.04,-0.04,-0.04,0.10472,0.05236,-1.4062e-08,-4.0869e-08,-3.0713e-08,-2.0531e-08,3.6451e-09,4.1629e-08,3.6899e-08,-3.8315e-08,-3.6793e-09,-1.9359e-08,-3.8397e-08,-1.6214e-08
-0.04,0,-0.04,0.10472,0.05236,-7.7695e-09,-5.0253e-08,-5.1839e-08,-2.5893e-08,-1.5819e-09,1.599e-08,4.6003e-08,-2.9661e-08,-1.3534e-10,-1.8166e-08,-2.5296e-08,-1.6348e-08
0,0,-0.04,0.10472,0.05236,-1.0959e-08,-4.7386e-08,-3.9506e-08,-2.3384e-08,2.9667e-09,2.5225e-08,3.9042e-08,-3.2252e-08,7.1883e-10,-1.9177e-08,-3.212e-08,-1.1825e-08
0.04,0,-0.04,0.10472,0.05236,-1.4012e-08,-4.3646e-08,-3.2406e-08,-2.2944e-08,1.6295e-09,3.4004e-08,3.3829e-08,-3.1641e-08,-3.8983e-10,-2.3863e-08,-3.6953e-08,-9.9122e-09
-0.04,0.04,-0.04,0.10472,0.05236,-6.8957e-09,-5.424e-08,-5.4816e-08,-2.8894e-08,-1.8776e-09,1.4242e-08,4.4386e-08,-2.2381e-08,2.1977e-09,-2.512e-08,-2.4338e-08,-1.2939e-08
0,0.04,-0.04,0.10472,0.05236,-9.1117e-09,-4.8041e-08,-4.4281e-08,-3.2545e-08,-2.1205e-10,2.4758e-08,3.5306e-08,-2.5764e-08,5.5568e-09,-2.2788e-08,-2.8702e-08,-1.0334e-08
0.04,0.04,-0.04,0.10472,0.05236,-1.3971e-08,-4.8637e-08,-3.6339e-08,-2.7212e-08,2.2604e-09,2.4598e-08,3.3162e-08,-2.6313e-08,3.6347e-10,-2.6478e-08,-3.3464e-08,-7.5764e-09
0,-0.08,0,0.10472,0.05236,-1.0233e-08,-4.6314e-08,-2.9702e-08,-1.4025e-08,8.03e-09,2.8885e-08,3.5217e-08,-4.2023e-08,-7.902e-09,-1.4855e-08,-3.5337e-08,-1.9319e-08
-0.04,-0.04,0,0.10472,0.05236,-4.7793e-09,-5.8604e-08,-4.3996e-08,-1.8696e-08,1.0718e-08,1.7882e-08,4.0929e-08,-3.2668e-08,-6.1231e-09,-1.3554e-08,-2.3818e-08,-1.5214e-08
0,-0.04,0,0.10472,0.05236,-8.3999e-09,-5.2003e-08,-3.5616e-08,-1.7451e-08,8.3622e-09,2.9586e-08,3.6617e-08,-2.943e-08,-6.1267e-09,-1.327e-08,-3.0001e-08,-1.602e-08
0.04,-0.04,0,0.10472,0.05236,-1.5758e-08,-4.8075e-08,-2.8401e-08,-1.7382e-08,8.6714e-09,3.3464e-08,3.3393e-08,-3.6652e-08,-7.2969e-09,-1.3252e-08,-3.9616e-08,-1.3416e-08
-0.08,0,0,0.10472,0.05236,8.3668e-10,-5.7728e-08,-4.6868e-08,-2.7292e-08,9.5573e-09,9.9595e-09,4.2408e-08,-2.476e-08,-2.8069e-09,-1.1898e-08,-2.1744e-08,-1.4783e-08
-0.04,0,0,0.10472,0.05236,-3.5095e-09,-6.0266e-08,-5.0521e-08,-2.0559e-08,8.2919e-09,1.7641e-08,3.6569e-08,-2.8463e-08,-3.929e-09,-1.7168e-08,-2.6754e-08,-1.5022e-08
0,0,0,0.10472,0.05236,-7.399e-09,-5.5263e-08,-3.4805e-08,-2.0832e-08,5.7273e-09,2.0707e-08,3.2826e-08,-2.5884e-08,-2.117e-09,-1.6841e-08,-2.9426e-08,-1.1528e-08
0.04,0,0,0.10472,0.05236,-1.584e-08,-5.2587e-08,-3.3723e-08,-2.1576e-08,7.3485e-09,3.1416e-08,3.0786e-08,-2.9508e-08,-2.131e-09,-1.4353e-08,-3.7994e-08,-8.1761e-09
0.08,0,0,0.10472,0.05236,-2.0833e-08,-4.6537e-08,-2.8739e-08,-1.877e-08,4.6413e-09,3.1759e-08,2.6525e-08,-2.8604e-08,-3.2489e-09,-1.3295e-08,-4.5881e-08,-5.0441e-09
-0.04,0.04,0,0.10472,0.05236,-6.8008e-09,-5.8305e-08,-4.7813e-08,-2.8931e-08,7.9915e-09,1.3589e-08,3.6729e-08,-2.265e-08,-1.2261e-10,-1.3766e-08,-2.3995e-08,-8.4837e-09
0,0.04,0,0.10472,0.05236,-7.0644e-09,-6.2841e-08,-4.523e-08,-2.9699e-08,5.8478e-09,2.159e-08,3.123e-08,-2.4225e-08,-8.9302e-11,-1.1447e-08,-3.1004e-08,-6.9497e-09
0.04,0.04,0,0.10472,0.05236,-1.4501e-08,-5.4406e-08,-3.6941e-08,-2.626e-08,6.8799e-09,2.5326e-08,2.7242e-08,-2.4701e-08,-2.7858e-10,-1.2322e-08,-3.3878e-08,-2.6215e-09
0,0.08,0,0.10472,0.05236,-6.4909e-09,-5.9671e-08,-4.4899e-08,-3.2262e-08,8.059e-09,1.4322e-08,2.9701e-08,-2.0408e-08,7.0723e-09,-1.5894e-08,-2.7552e-08,-5.8386e-09
-0.04,-0.04,0.04,0.10472,0.05236,3.773e-10,-7.042e-08,-3.5489e-08,-1.3647e-08,1.5208e-08,1.9343e-08,3.2019e-08,-2.8245e-08,-8.0852e-09,-9.7305e-09,-2.5221e-08,-1.2769e-08
0,-0.04,0.04,0.10472,0.05236,-7.885e-09,-6.7058e-08,-3.1972e-08,-1.5025e-08,1.3736e-08,2.2006e-08,3.0313e-08,-2.8259e-08,-8.0591e-09,-8.893e-09,-2.9008e-08,-8.2159e-09
0.04,-0.04,0.04,0.10472,0.05236,-1.5799e-08,-5.4609e-08,-2.8882e-08,-1.3267e-08,9.7216e-09,2.9389e-08,2.9115e-08,-2.5458e-08,-1.0868e-08,-8.5311e-09,-3.987e-08,-7.6806e-09
-0.04,0,0.04,0.10472,0.05236,-1.879e-09,-6.7999e-08,-3.8248e-08,-1.9198e-08,1.7638e-08,1.5963e-08,3.5025e-08,-2.2437e-08,-4.9125e-09,-1.1841e-08,-2.5796e-08,-3.3929e-09
0,0,0.04,0.10472,0.05236,-6.4605e-09,-7.0852e-08,-3.7131e-08,-1.763e-08,1.4213e-08,1.8742e-08,2.8705e-08,-2.3353e-08,-4.0128e-09,-1.0393e-08,-3.0188e-08,-4.0572e-09
0.04,0,0.04,0.10472,0.05236,-1.587e-08,-5.9883e-08,-2.8996e-08,-2.06e-08,1.1956e-08,2.6522e-08,2.5639e-08,-2.7287e-08,-9.6809e-09,-8.8435e-09,-3.9414e-08,-3.7779e-09
-0.04,0.04,0.04,0.10472,0.05236,-4.265e-09,-7.507e-08,-4.4024e-08,-2.5627e-08,1.7167e-08,1.5768e-08,3.2058e-08,-1.9094e-08,-1.2351e-09,-1.1151e-08,-2.7936e-08,-4.459e-09
0,0.04,0.04,0.10472,0.05236,-6.1731e-09,-7.4469e-08,-4.3161e-08,-2.3742e-08,1.3178e-08,2.0822e-08,2.6608e-08,-2.0762e-08,-2.6234e-09,-9.4953e-09,-2.7295e-08,-2.7682e-09
0.04,0.04,0.04,0.10472,0.05236,-1.2645e-08,-6.7601e-08,-3.23e-08,-1.91e-08,1.2392e-08,2.2376e-08,2.7014e-08,-2.0619e-08,-5.2153e-09,-1.0635e-08,-3.8208e-08,-1.8514e-09
0,0,0.08,0.10472,0.05236,-5.5026e-09,-7.7439e-08,-3.2075e-08,-1.0984e-08,1.8038e-08,2.0358e-08,2.4117e-08,-2.0165e-08,-1.2711e-08,-5.8485e-09,-3.0249e-08,2.1234e-09
0,0,-0.08,0.15708,0.05236,-1.2429e-08,-4.0354e-08,-5.1834e-08,-2.2568e-08,-2.7462e-09,2.1179e-08,4.3701e-08,-3.201e-08,4.9896e-10,-2.4281e-08,-2.8626e-08,-1.7365e-08
-0.04,-0.04,-0.04,0.15708,0.05236,-4.2e-09,-4.3543e-08,-4.2618e-08,-1.8161e-08,1.6984e-09,2.5124e-08,4.6325e-08,-3.5668e-08,-4.3152e-09,-1.6833e-08,-2.5746e-08,-2.1976e-08
0,-0.04,-0.04,0.15708,0.05236,-8.658e-09,-5.1149e-08,-4.3213e-08,-1.7328e-08,4.3983e-09,3.2009e-08,4.4212e-08,-3.8608e-08,-4.0409e-09,-1.872e-08,-2.9135e-08,-2.3625e-08
0.04,-0.04,-0.04,0.15708,0.05236,-1.69e-08,-4.5554e-08,-3.1907e-08,-1.3636e-08,3.0209e-09,3.8703e-08,3.734e-08,-4.1881e-08,-5.3498e-09,-1.9533e-08,-4.0787e-08,-1.6349e-08
-0.04,0,-0.04,0.15708,0.05236,-4.869e-09,-5.0303e-08,-6.0101e-08,-2.0585e-08,9.7936e-10,1.3984e-08,4.337e-08,-2.9062e-08,-1.3599e-09,-1.778e-08,-2.5407e-08,-2.0143e-08
0,0,-0.04,0.15708,0.05236,-8.5224e-09,-4.4511e-08,-4.4293e-08,-2.4874e-08,5.2486e-09,2.4529e-08,3.5144e-08,-3.1064e-08,-2.8248e-09,-1.9212e-08,-2.7535e-08,-1.8224e-08
0.04,0,-0.04,0.15708,0.05236,-1.1385e-08,-4.1655e-08,-3.432e-08,-2.1711e-08,3.3385e-09,2.8239e-08,3.6716e-08,-3.2678e-08,-3.0842e-09,-1.7657e-08,-3.6268e-08,-1.225e-08
-0.04,0.04,-0.04,0.15708,0.05236,-4.9588e-09,-5.2366e-08,-5.7644e-08,-3.3402e-08,1.3815e-09,1.2937e-08,4.2766e-08,-2.6447e-08,1.935e-09,-1.8532e-08,-2.4997e-08,-1.4557e-08
0,0.04,-0.04,0.15708,0.05236,-1.0802e-08,-5.2121e-08,-4.8005e-08,-2.8413e-08,1.8815e-09,2.0764e-08,4.0099e-08,-2.4964e-08,8.5991e-10,-1.955e-08,-2.5723e-08,-1.1088e-08
0.04,0.04,-0.04,0.15708,0.05236,-1.575e-08,-5.1145e-08,-3.8414e-08,-2.6699e-08,4.1149e-09,2.2947e-08,3.1879e-08,-2.7328e-08,1.374e-09,-2.2202e-08,-3.2297e-08,-1.2092e-08
0,-0.08,0,0.15708,0.05236,-9.4066e-09,-5.1973e-08,-3.1142e-08,-1.2701e-08,9.7645e-09,2.6211e-08,3.5498e-08,-3.7792e-08,-8.5726e-09,-1.3174e-08,-3.24e-08,-2.2242e-08
-0.04,-0.04,0,0.15708,0.05236,-2.4373e-09,-5.6757e-08,-4.1515e-08,-1.8103e-08,1.2015e-08,1.9054e-08,3.5541e-08,-3.3735e-08,-7.6198e-09,-1.3196e-08,-2.532e-08,-2.0759e-08
0,-0.04,0,0.15708,0.05236,-6.1009e-09,-5.2442e-08,-3.5149e-08,-1.5383e-08,7.3901e-09,2.6058e-08,3.7247e-08,-3.4778e-08,-7.6321e-09,-1.2941e-08,-3.2932e-08,-1.9757e-08
0.04,-0.04,0,0.15708,0.05236,-1.5026e-08,-4.6343e-08,-3.2976e-08,-1.516e-08,7.6878e-09,3.7742e-08,2.9538e-08,-3.9567e-08,-6.6957e-09,-1.4685e-08,-3.8082e-08,-1.155e-08
-0.08,0,0,0.15708,0.05236,-7.0202e-10,-6.3056e-08,-5.1308e-08,-1.8619e-08,9.9294e-09,9.2515e-09,4.6644e-08,-2.5405e-08,-2.7109e-09,-1.2837e-08,-1.9986e-08,-2.0391e-08
-0.04,0,0,0.15708,0.05236,-2.804e-09,-6.3391e-08,-4.8724e-08,-1.934e-08,9.434e-09,1.6502e-08,3.7141e-08,-2.5396e-08,-6.0336e-09,-1.4416e-08,-2.399e-08,-1.5395e-08
0,0,0,0.15708,0.05236,-9.3263e-09,-5.8188e-08,-4.2665e-08,-1.8947e-08,7.8307e-09,2.1848e-08,3.5026e-08,-2.9661e-08,-5.5924e-09,-1.3136e-08,-3.2015e-08,-1.3978e-08
0.04,0,0,0.15708,0.05236,-1.2659e-08,-5.1213e-08,-3.349e-08,-1.9099e-08,6.7928e-09,2.5975e-08,2.7433e-08,-2.9694e-08,-4.8591e-09,-1.0518e-08,-3.2751e-08,-1.0043e-08
0.08,0,0,0.15708,0.05236,-2.3694e-08,-4.8003e-08,-2.8048e-08,-1.7736e-08,6.6924e-09,3.402e-08,2.5841e-08,-2.7362e-08,-6.4206e-09,-9.3722e-09,-4.3284e-08,-5.5885e-09
-0.04,0.04,0,0.15708,0.05236,-4.932e-09,-5.7362e-08,-5.3408e-08,-2.3214e-08,9.0245e-09,1.4356e-08,3.3182e-08,-2.3013e-08,-4.1047e-09,-1.5418e-08,-2.4743e-08,-1.132e-08
0,0.04,0,0.15708,0.05236,-8.0822e-09,-5.6844e-08,-4.4083e-08,-2.5134e-08,6.4032e-09,1.6497e-08,3.3079e-08,-2.397e-08,-2.6289e-09,-1.5555e-08,-2.8597e-08,-8.9245e-09
0.04,0.04,0,0.15708,0.05236,-1.4297e-08,-5.3e-08,-3.9154e-08,-2.2778e-08,7.1149e-09,2.1142e-08,2.7951e-08,-2.6013e-08,-3.4871e-09,-1.2202e-08,-3.7027e-08,-8.142e-09
0,0.08,0,0.15708,0.05236,-7.346e-09,-5.3627e-08,-4.8089e-08,-3.3844e-08,8.5706e-09,1.4643e-08,2.9899e-08,-2.0193e-08,2.0265e-09,-1.4907e-08,-2.7545e-08,-5.4214e-09
-0.04,-0.04,0.04,0.15708,0.05236,-1.6672e-09,-6.5895e-08,-3.9583e-08,-1.1555e-08,1.8075e-08,1.8457e-08,3.1836e-08,-2.9932e-08,-9.596e-09,-8.3649e-09,-2.6494e-08,-1.7324e-08
0,-0.04,0.04,0.15708,0.05236,-6.5946e-09,-6.6549e-08,-3.6437e-08,-1.0629e-08,1.2319e-08,2.326e-08,2.9073e-08,-2.9307e-08,-1.0961e-08,-8.063e-09,-3.2844e-08,-1.1328e-08
0.04,-0.04,0.04,0.15708,0.05236,-1.9104e-08,-5.6431e-08,-2.8057e-08,-1.0736e-08,1.0979e-08,3.0979e-08,2.8921e-08,-2.6271e-08,-1.2309e-08,-6.0524e-09,-3.909e-08,-5.9881e-09
-0.04,0,0.04,0.15708,0.05236,-3.004e-09,-6.5343e-08,-4.0223e-08,-1.3987e-08,1.6738e-08,1.5653e-08,3.0872e-08,-2.3248e-08,-7.9401e-09,-8.4806e-09,-2.5568e-08,-1.1643e-08
0,0,0.04,0.15708,0.05236,-6.9101e-09,-6.2472e-08,-3.6393e-08,-1.3656e-08,1.4739e-08,1.9673e-08,2.9529e-08,-2.3588e-08,-8.3275e-09,-6.2877e-09,-2.7289e-08,-7.4404e-09
0.04,0,0.04,0.15708,0.05236,-1.3499e-08,-6.1115e-08,-3.3765e-08,-1.5924e-08,1.0162e-08,2.6752e-08,3.0202e-08,-2.6769e-08,-1.0923e-08,-5.6956e-09,-3.5049e-08,-4.238e-09
-0.04,0.04,0.04,0.15708,0.05236,-3.8844e-09,-7.326e-08,-4.7083e-08,-1.7555e-08,1.8752e-08,1.2864e-08,3.053e-08,-2.1562e-08,-5.346e-09,-8.2011e-09,-2.2497e-08,-6.7344e-09
0,0.04,0.04,0.15708,0.05236,-6.1891e-09,-7.0472e-08,-4.1797e-08,-1.9628e-08,1.4144e-08,1.6246e-08,2.6977e-08,-2.2226e-08,-8.0993e-09,-5.0458e-09,-2.9754e-08,-6.9692e-09
0.04,0.04,0.04,0.15708,0.05236,-1.5358e-08,-6.3601e-08,-3.0119e-08,-1.6846e-08,1.2015e-08,2.0004e-08,2.5345e-08,-2.1352e-08,-5.9591e-09,-4.0457e-09,-3.6459e-08,-4.3503e-09
0,0,0.08,0.15708,0.05236,-5.8459e-09,-7.8709e-08,-3.4734e-08,-9.906e-09,1.9334e-08,1.9233e-08,2.3297e-08,-2.3535e-08,-1.3393e-08,-4.7617e-09,-3.1508e-08,-1.6728e-09
0,0,-0.08,0.05236,0.10472,-9.8785e-09,-4.3308e-08,-4.2745e-08,-2.9283e-08,-1.9214e-09,3.4412e-08,3.9874e-08,-3.1352e-08,1.626e-09,-2.5225e-08,-3.0597e-08,-1.5636e-08
-0.04,-0.04,-0.04,0.05236,0.10472,-3.026e-09,-5.0224e-08,-4.216e-08,-2.1934e-08,1.2777e-09,2.2828e-08,5.1507e-08,-3.7166e-08,-1.3635e-09,-1.8544e-08,-2.7676e-08,-1.9835e-08
0,-0.04,-0.04,0.05236,0.10472,-1.0364e-08,-4.889e-08,-3.3508e-08,-2.4002e-08,2.1616e-09,2.6493e-08,4.2834e-08,-3.6615e-08,-1.757e-09,-2.0197e-08,-3.2823e-08,-1.6376e-08
0.04,-0.04,-0.04,0.05236,0.10472,-1.4678e-08,-4.5237e-08,-2.8442e-08,-1.879e-08,1.5666e-09,3.6668e-08,3.7856e-08,-3.8215e-08,-2.2329e-09,-2.0219e-08,-3.8902e-08,-1.2109e-08
-0.04,0,-0.04,0.05236,0.10472,-4.7139e-09,-5.1975e-08,-4.374e-08,-2.8025e-08,1.4801e-09,1.8585e-08,4.2363e-08,-2.9976e-08,-1.159e-10,-2.0129e-08,-2.4933e-08,-1.3203e-08
0,0,-0.04,0.05236,0.10472,-1.0585e-08,-4.9167e-08,-4.4709e-08,-2.6468e-08,7.9091e-10,2.8762e-08,3.9897e-08,-2.9714e-08,1.8482e-09,-2.1107e-08,-2.9824e-08,-1.2498e-08
0.04,0,-0.04,0.05236,0.10472,-1.4022e-08,-4.5315e-08,-3.2858e-08,-2.607e-08,1.5741e-09,3.0801e-08,3.6269e-08,-3.2772e-08,1.6658e-09,-2.2931e-08,-3.587e-08,-8.7407e-09
-0.04,0.04,-0.04,0.05236,0.10472,-5.5749e-09,-5.4621e-08,-6.0271e-08,-3.3111e-08,1.2301e-09,1.6745e-08,4.3122e-08,-2.4609e-08,3.9578e-09,-2.1572e-08,-2.5484e-08,-1.1498e-08
0,0.04,-0.04,0.05236,0.10472,-9.4607e-09,-4.8672e-08,-4.6685e-08,-3.4474e-08,1.714e-10,2.1444e-08,3.4897e-08,-2.5729e-08,5.0598e-09,-2.4622e-08,-2.6019e-08,-8.0869e-09
0.04,0.04,-0.04,0.05236,0.10472,-1.2893e-08,-4.6432e-08,-3.9675e-08,-3.2674e-08,1.6118e-09,2.1525e-08,3.1677e-08,-2.9243e-08,6.8381e-09,-2.3624e-08,-3.654e-08,-6.4974e-09
0,-0.08,0,0.05236,0.10472,-5.9377e-09,-4.9159e-08,-3.0543e-08,-1.4952e-08,5.248e-09,3.3973e-08,3.7532e-08,-3.6652e-08,-7.003e-09,-1.4882e-08,-3.3562e-08,-1.1909e-08
-0.04,-0.04,0,0.05236,0.10472,-4.2628e-09,-5.8359e-08,-3.6734e-08,-2.0133e-08,8.3316e-09,2.1564e-08,3.6819e-08,-3.0664e-08,-3.4654e-09,-1.2371e-08,-2.6393e-08,-1.5823e-08
0,-0.04,0,0.05236,0.10472,-1.0144e-08,-5.0646e-08,-3.4002e-08,-2.0546e-08,7.1693e-09,2.8612e-08,3.2448e-08,-2.9165e-08,-4.6501e-09,-1.5529e-08,-3.3206e-08,-8.8526e-09
0.04,-0.04,0,0.05236,0.10472,-1.4951e-08,-5.0525e-08,-2.3753e-08,-1.7395e-08,7.4925e-09,3.4617e-08,2.948e-08,-3.2545e-08,-5.1943e-09,-1.3729e-08,-3.7698e-08,-8.6231e-09
-0.08,0,0,0.05236,0.10472,-1.0604e-09,-5.8845e-08,-4.7237e-08,-2.4021e-08,8.1257e-09,1.2454e-08,4.1044e-08,-2.4599e-08,5.8207e-11,-1.604e-08,-2.4273e-08,-1.3622e-08
-0.04,0,0,0.05236,0.10472,-4.8709e-09,-6.5094e-08,-4.6671e-08,-2.3808e-08,1.1362e-08,1.863e-08,3.9484e-08,-2.6943e-08,-2.5035e-09,-1.5957e-08,-2.506e-08,-9.6801e-09
0,0,0,0.05236,0.10472,-8.6636e-09,-5.4618e-08,-3.5448e-08,-2.3853e-08,4.3048e-09,2.3423e-08,3.2994e-08,-2.6707e-08,-1.7889e-09,-1.5614e-08,-2.9221e-08,-9.6316e-09
0.04,0,0,0.05236,0.10472,-1.4285e-08,-5.129e-08,-3.0827e-08,-2.3182e-08,5.6353e-09,3.2478e-08,3.163e-08,-2.8344e-08,-4.1906e-10,-1.5776e-08,-3.7817e-08,-5.8505e-09
0.08,0,0,0.05236,0.10472,-2.0024e-08,-4.8684e-08,-2.6711e-08,-2.0974e-08,6.904e-09,4.0056e-08,2.7027e-08,-2.7155e-08,-2.441e-09,-1.8093e-08,-4.4204e-08,-3.3122e-09
-0.04,0.04,0,0.05236,0.10472,-3.9438e-09,-6.1272e-08,-4.8623e-08,-3.2897e-08,4.0264e-09,1.5782e-08,3.3848e-08,-2.438e-08,8.3713e-11,-1.7639e-08,-2.5317e-08,-6.4816e-09
0,0.04,0,0.05236,0.10472,-8.1853e-09,-5.9494e-08,-4.008e-08,-2.8716e-08,6.776e-09,1.9015e-08,3.2404e-08,-2.2429e-08,2.8808e-09,-1.6214e-08,-2.9663e-08,-8.6034e-09
0.04,0.04,0,0.05236,0.10472,-1.3256e-08,-5.8938e-08,-3.8069e-08,-2.8151e-08,7.1222e-09,2.553e-08,2.9595e-08,-2.2926e-08,2.5502e-09,-1.7664e-08,-3.7426e-08,-5.4349e-09
0,0.08,0,0.05236,0.10472,-7.6635e-09,-6.509e-08,-4.6446e-08,-4.4201e-08,3.7451e-09,1.5854e-08,2.9886e-08,-2.0076e-08,6.1668e-09,-1.6236e-08,-2.7703e-08,-4.9272e-09
-0.04,-0.04,0.04,0.05236,0.10472,-1.0339e-09,-6.4896e-08,-3.4706e-08,-1.6586e-08,1.7261e-08,1.7537e-08,3.3136e-08,-2.7071e-08,-7.7518e-09,-1.1128e-08,-2.8824e-08,-9.0008e-09
0,-0.04,0.04,0.05236,0.10472,-7.7099e-09,-6.469e-08,-3.0784e-08,-1.5785e-08,1.2631e-08,2.6429e-08,2.8122e-08,-2.4981e-08,-8.0533e-09,-9.43e-09,-3.2374e-08,-7.6533e-09
0.04,-0.04,0.04,0.05236,0.10472,-1.7447e-08,-6.2527e-08,-3.0074e-08,-1.6962e-08,1.1483e-08,2.8884e-08,2.8788e-08,-2.9011e-08,-8.9046e-09,-1.0035e-08,-3.8276e-08,-3.9142e-09
-0.04,0,0.04,0.05236,0.10472,-4.2777e-09,-7.3787e-08,-4.0355e-08,-2.0387e-08,1.2382e-08,1.7283e-08,2.9712e-08,-2.1324e-08,-4.8024e-09,-1.0919e-08,-2.6727e-08,-2.1918e-09
0,0,0.04,0.05236,0.10472,-8.5887e-09,-6.6461e-08,-3.4902e-08,-1.9217e-08,1.0855e-08,1.7668e-08,2.9578e-08,-2.2079e-08,-7.2639e-09,-9.5562e-09,-3.1756e-08,-3.2024e-09
0.04,0,0.04,0.05236,0.10472,-1.4564e-08,-6.2856e-08,-3.0192e-08,-1.8726e-08,1.0825e-08,2.4375e-08,2.3722e-08,-2.1839e-08,-5.0086e-09,-8.8381e-09,-3.4498e-08,-2.3908e-11
-0.04,0.04,0.04,0.05236,0.10472,-2.0664e-09,-7.6863e-08,-4.7514e-08,-2.9312e-08,1.6701e-08,1.514e-08,3.0591e-08,-1.964e-08,-3.8304e-11,-1.1894e-08,-2.5429e-08,-3.2988e-09
0,0.04,0.04,0.05236,0.10472,-9.6174e-09,-6.7782e-08,-3.5628e-08,-2.3945e-08,1.3906e-08,1.6367e-08,2.6937e-08,-1.9235e-08,-9.2126e-10,-8.4664e-09,-2.8852e-08,1.4043e-11
0.04,0.04,0.04,0.05236,0.10472,-1.184e-08,-6.5194e-08,-2.9914e-08,-2.7091e-08,1.3613e-08,2.4794e-08,2.4383e-08,-2.0096e-08,-1.9014e-09,-1.2267e-08,-3.6002e-08,1.878e-10
0,0,0.08,0.05236,0.10472,-4.542e-09,-7.5656e-08,-3.1704e-08,-1.4677e-08,1.5496e-08,2.1616e-08,2.3375e-08,-1.9677e-08,-9.063e-09,-7.3447e-09,-2.9729e-08,1.071e-09
0,0,-0.08,0.10472,0.10472,-1.1927e-08,-3.9369e-08,-4.4762e-08,-2.6161e-08,-4.7986e-09,2.3647e-08,4.4698e-08,-3.1705e-08,2.3591e-09,-2.5342e-08,-2.9377e-08,-1.8032e-08
-0.04,-0.04,-0.04,0.10472,0.10472,-2.8078e-09,-4.4993e-08,-4.2196e-08,-1.986e-08,2.0961e-09,1.8415e-08,4.9437e-08,-3.73e-08,-2.6518e-09,-1.9204e-08,-2.7787e-08,-2.2664e-08
0,-0.04,-0.04,0.10472,0.10472,-1.0119e-08,-4.6588e-08,-3.4061e-08,-1.8666e-08,2.6295e-09,3.2993e-08,4.2172e-08,-3.6777e-08,-3.0013e-09,-2.1332e-08,-3.021e-08,-1.9571e-08
0.04,-0.04,-0.04,0.10472,0.10472,-1.7269e-08,-4.2159e-08,-3.2419e-08,-1.7597e-08,2.924e-09,3.6425e-08,3.5057e-08,-3.5218e-08,-4.2219e-09,-1.8507e-08,-4.1844e-08,-1.3318e-08
-0.04,0,-0.04,0.10472,0.10472,-7.1875e-09,-5.4667e-08,-4.9441e-08,-2.2829e-08,7.0909e-11,1.7057e-08,4.5467e-08,-2.8268e-08,-1.9087e-09,-1.9302e-08,-2.5747e-08,-1.9698e-08
0,0,-0.04,0.10472,0.10472,-1.2795e-08,-4.9709e-08,-4.2338e-08,-2.7485e-08,1.8964e-09,2.4324e-08,3.9615e-08,-3.1666e-08,1.5386e-09,-1.9207e-08,-3.2743e-08,-1.2387e-08
0.04,0,-0.04,0.10472,0.10472,-1.6679e-08,-4.4529e-08,-3.4162e-08,-2.2259e-08,3.1231e-09,3.5391e-08,3.5219e-08,-3.5621e-08,6.888e-10,-2.0603e-08,-3.6753e-08,-1.0059e-08
-0.04,0.04,-0.04,0.10472,0.10472,-4.6332e-09,-5.0503e-08,-6.1112e-08,-3.4096e-08,2.2975e-10,1.1044e-08,4.2008e-08,-2.4643e-08,2.5951e-09,-2.0168e-08,-2.4203e-08,-1.3483e-08
0,0.04,-0.04,0.10472,0.10472,-9.0741e-09,-5.0307e-08,-4.6844e-08,-3.0807e-08,8.7064e-10,1.9956e-08,3.5636e-08,-2.4714e-08,2.4773e-09,-2.5661e-08,-2.8668e-08,-1.0627e-08
0.04,0.04,-0.04,0.10472,0.10472,-1.3868e-08,-4.9703e-08,-3.6299e-08,-2.7727e-08,6.1276e-10,2.3632e-08,3.0753e-08,-2.6584e-08,5.1467e-09,-2.398e-08,-3.4988e-08,-7.9884e-09
0,-0.08,0,0.10472,0.10472,-1.0696e-08,-5.5228e-08,-3.0605e-08,-1.2387e-08,6.0821e-09,2.7371e-08,3.1436e-08,-4.138e-08,-9.2812e-09,-1.4577e-08,-3.2701e-08,-2.1451e-08
-0.04,-0.04,0,0.10472,0.10472,-1.8395e-09,-5.6698e-08,-3.8904e-08,-1.9082e-08,9.9652e-09,1.8992e-08,3.8367e-08,-2.8233e-08,-4.7286e-09,-1.3754e-08,-2.7191e-08,-1.4649e-08
0,-0.04,0,0.10472,0.10472,-1.1073e-08,-5.4185e-08,-3.4689e-08,-1.6508e-08,9.5465e-09,2.758e-08,3.7199e-08,-3.399e-08,-5.6429e-09,-1.3826e-08,-3.1681e-08,-1.816e-08
0.04,-0.04,0,0.10472,0.10472,-1.5713e-08,-4.6001e-08,-3.066e-08,-1.7094e-08,5.9542e-09,3.0575e-08,3.1249e-08,-3.4754e-08,-5.4753e-09,-1.5981e-08,-4.0307e-08,-9.7505e-09
-0.08,0,0,0.10472,0.10472,-1.1439e-09,-5.8352e-08,-5.862e-08,-2.3394e-08,9.0941e-09,1.1684e-08,4.0768e-08,-2.4651e-08,-2.1499e-09,-1.3085e-08,-2.0549e-08,-1.4421e-08
-0.04,0,0,0.10472,0.10472,-3.2729e-09,-5.973e-08,-4.3123e-08,-2.563e-08,5.8763e-09,2.0286e-08,3.6985e-08,-2.5923e-08,-3.8763e-09,-1.5476e-08,-2.5826e-08,-1.267e-08
0,0,0,0.10472,0.10472,-9.2687e-09,-5.9096e-08,-4.1302e-08,-2.2881e-08,6.2668e-09,2.8443e-08,3.5147e-08,-2.8266e-08,-3.1905e-09,-1.518e-08,-3.4822e-08,-9.8817e-09
0.04,0,0,0.10472,0.10472,-1.5904e-08,-5.3571e-08,-3.0687e-08,-2.0958e-08,7.9424e-09,3.1047e-08,2.9845e-08,-2.671e-08,-1.612e-09,-1.7584e-08,-3.5662e-08,-6.8563e-09
0.08,0,0,0.10472,0.10472,-2.1445e-08,-4.8144e-08,-2.7066e-08,-1.6991e-08,7.476e-09,3.9517e-08,2.8184e-08,-2.5607e-08,-4.8528e-09,-1.4325e-08,-4.7816e-08,-3.5857e-09
-0.04,0.04,0,0.10472,0.10472,-3.9206e-09,-6.2103e-08,-5.2938e-08,-2.8178e-08,5.4865e-09,1.5658e-08,3.542e-08,-2.2531e-08,2.8548e-10,-1.3975e-08,-2.5427e-08,-7.799e-09
0,0.04,0,0.10472,0.10472,-9.9712e-09,-6.184e-08,-4.562e-08,-2.5773e-08,9.1916e-09,2.0152e-08,3.1483e-08,-2.258e-08,-6.1034e-11,-1.7477e-08,-2.7221e-08,-5.1201e-09
0.04,0.04,0,0.10472,0.10472,-1.2918e-08,-5.3404e-08,-3.6122e-08,-2.3096e-08,6.4818e-09,2.6687e-08,2.8676e-08,-2.4364e-08,-8.7219e-10,-1.6647e-08,-3.593e-08,-4.1089e-09
0,0.08,0,0.10472,0.10472,-7.5304e-09,-5.3326e-08,-4.5587e-08,-3.6163e-08,7.1249e-09,1.7121e-08,2.8915e-08,-2.1326e-08,4.917e-09,-1.7759e-08,-2.7865e-08,-5.6894e-09
-0.04,-0.04,0.04,0.10472,0.10472,-2.4543e-09,-7.0573e-08,-3.6362e-08,-1.4378e-08,1.5878e-08,1.8777e-08,3.2995e-08,-2.6639e-08,-8.3083e-09,-9.3481e-09,-2.6905e-08,-1.3408e-08
0,-0.04,0.04,0.10472,0.10472,-1.1259e-08,-6.6575e-08,-3.4171e-08,-1.4442e-08,1.1312e-08,2.1465e-08,2.9448e-08,-2.9598e-08,-9.8659e-09,-9.9329e-09,-3.3286e-08,-7.2805e-09
0.04,-0.04,0.04,0.10472,0.10472,-1.9517e-08,-5.8376e-08,-2.5332e-08,-1.2521e-08,1.3011e-08,2.986e-08,2.5319e-08,-2.8389e-08,-1.1357e-08,-8.5853e-09,-4.0563e-08,-5.5282e-09
-0.04,0,0.04,0.10472,0.10472,-3.2968e-09,-7.2981e-08,-4.3027e-08,-1.6025e-08,1.5049e-08,1.6885e-08,3.3627e-08,-2.3924e-08,-4.5884e-09,-1.0852e-08,-2.5619e-08,-6.246e-09
0,0,0.04,0.10472,0.10472,-8.852e-09,-6.511e-08,-3.5073e-08,-1.6042e-08,1.2564e-08,2.3103e-08,2.9042e-08,-2.3597e-08,-6.4677e-09,-1.0131e-08,-3.1245e-08,-6.9127e-09
0.04,0,0.04,0.10472,0.10472,-1.5335e-08,-6.6763e-08,-3.0485e-08,-1.4247e-08,1.0668e-08,2.5324e-08,2.5516e-08,-2.5198e-08,-7.8197e-09,-1.1926e-08,-3.8036e-08,-3.4524e-09
-0.04,0.04,0.04,0.10472,0.10472,-2.7228e-09,-7.0743e-08,-4.4832e-08,-2.2465e-08,1.3975e-08,1.2271e-08,3.2482e-08,-1.8461e-08,-2.7133e-09,-7.2587e-09,-2.5016e-08,-3.5411e-09
0,0.04,0.04,0.10472,0.10472,-7.8153e-09,-7.1718e-08,-4.0896e-08,-2.062e-08,1.105e-08,1.708e-08,2.6598e-08,-2.2203e-08,-2.7548e-09,-9.818e-09,-3.0103e-08,-3.6729e-09
0.04,0.04,0.04,0.10472,0.10472,-1.3522e-08,-6.7957e-08,-3.2055e-08,-2.2677e-08,1.2075e-08,2.0479e-08,2.5904e-08,-2.1728e-08,-5.6001e-09,-8.2748e-09,-3.2364e-08,-9.4554e-10
0,0,0.08,0.10472,0.10472,-3.6241e-09,-8.1219e-08,-3.1845e-08,-1.039e-08,1.9072e-08,1.7638e-08,2.6698e-08,-2.0761e-08,-1.2709e-08,-6.5647e-09,-2.7519e-08,-1.2307e-09
0,0,-0.08,0.15708,0.10472,-1.0074e-08,-4.3307e-08,-4.9458e-08,-2.5458e-08,-4.2578e-09,2.631e-08,4.9009e-08,-3.3244e-08,3.0271e-10,-2.2671e-08,-2.7276e-08,-1.884e-08
-0.04,-0.04,-0.04,0.15708,0.10472,-3.0976e-09,-4.8041e-08,-4.1628e-08,-1.9769e-08,7.442e-09,2.0061e-08,4.5937e-08,-3.682e-08,-4.3967e-09,-1.755e-08,-2.5886e-08,-2.5364e-08
0,-0.04,-0.04,0.15708,0.10472,-1.164e-08,-4.2732e-08,-3.854e-08,-1.8051e-08,4.5548e-09,2.4072e-08,3.8608e-08,-3.786e-08,-3.6774e-09,-1.6694e-08,-3.0553e-08,-1.7859e-08
0.04,-0.04,-0.04,0.15708,0.10472,-1.5884e-08,-4.2703e-08,-2.9141e-08,-1.6982e-08,5.0202e-09,3.9338e-08,3.6469e-08,-3.6558e-08,-4.4788e-09,-1.9648e-08,-4.0055e-08,-1.609e-08
-0.04,0,-0.04,0.15708,0.10472,-6.8462e-09,-5.261e-08,-5.5053e-08,-2.3747e-08,1.5887e-09,1.5396e-08,4.6473e-08,-3.0599e-08,-1.4338e-09,-2.0029e-08,-2.5113e-08,-2.2885e-08
0,0,-0.04,0.15708,0.10472,-8.362e-09,-5.1931e-08,-3.9773e-08,-2.2224e-08,4.0996e-09,2.2336e-08,3.7751e-08,-3.1579e-08,-1.4485e-09,-2.0088e-08,-2.9726e-08,-1.4041e-08
0.04,0,-0.04,0.15708,0.10472,-1.5711e-08,-4.599e-08,-3.4719e-08,-2.2128e-08,2.5101e-09,2.8714e-08,3.5638e-08,-3.2399e-08,-2.1981e-09,-1.9512e-08,-3.8199e-08,-1.2906e-08
-0.04,0.04,-0.04,0.15708,0.10472,-5.6366e-09,-5.0934e-08,-5.7699e-08,-2.7577e-08,1.0895e-09,1.3183e-08,4.4657e-08,-2.4984e-08,-1.0715e-10,-2.1988e-08,-2.3277e-08,-1.5304e-08
0,0.04,-0.04,0.15708,0.10472,-1.1785e-08,-5.4127e-08,-4.7297e-08,-2.8241e-08,2.2052e-09,1.702e-08,3.8313e-08,-2.6065e-08,2.2346e-09,-1.9203e-08,-2.7521e-08,-1.3568e-08
0.04,0.04,-0.04,0.15708,0.10472,-1.5528e-08,-4.7508e-08,-4.503e-08,-2.6675e-08,2.884e-09,2.558e-08,3.2447e-08,-2.7489e-08,2.8866e-09,-1.883e-08,-3.393e-08,-9.2061e-09
0,-0.08,0,0.15708,0.10472,-9.1385e-09,-5.1241e-08,-3.1371e-08,-1.3955e-08,8.5438e-09,2.9417e-08,3.7392e-08,-4.0445e-08,-9.1568e-09,-1.1898e-08,-3.4526e-08,-2.0354e-08
-0.04,-0.04,0,0.15708,0.10472,-1.9921e-09,-5.2138e-08,-3.8145e-08,-1.3446e-08,9.3843e-09,1.7885e-08,4.0411e-08,-3.3784e-08,-6.4153e-09,-1.2809e-08,-2.5975e-08,-2.4316e-08
0,-0.04,0,0.15708,0.10472,-9.0017e-09,-5.4827e-08,-3.73e-08,-1.5376e-08,9.9849e-09,2.8848e-08,3.5069e-08,-3.3657e-08,-6.7298e-09,-1.4021e-08,-3.2414e-08,-1.3042e-08
0.04,-0.04,0,0.15708,0.10472,-1.5298e-08,-4.8813e-08,-3.1281e-08,-1.4368e-08,1.0073e-08,3.0007e-08,3.3411e-08,-3.3682e-08,-8.3502e-09,-1.4431e-08,-3.6718e-08,-1.2517e-08
-0.08,0,0,0.15708,0.10472,-2.1139e-09,-6.5476e-08,-5.2508e-08,-2.0318e-08,1.5933e-08,1.1584e-08,4.6119e-08,-2.8705e-08,-4.3594e-09,-1.1362e-08,-2.3276e-08,-1.7919e-08
-0.04,0,0,0.15708,0.10472,-4.3809e-09,-6.0244e-08,-5.0155e-08,-1.7659e-08,9.112e-09,1.7531e-08,3.7425e-08,-2.6408e-08,-5.0783e-09,-1.2001e-08,-2.5255e-08,-1.6852e-08
0,0,0,0.15708,0.10472,-7.7362e-09,-5.6742e-08,-4.0076e-08,-1.9215e-08,8.5706e-09,2.6662e-08,3.2924e-08,-3.0805e-08,-4.6126e-09,-1.3339e-08,-3.1651e-08,-1.1903e-08
0.04,0,0,0.15708,0.10472,-1.3851e-08,-5.453e-08,-3.3493e-08,-1.7149e-08,7.8452e-09,2.7372e-08,2.9799e-08,-3.0395e-08,-8.2523e-09,-1.288e-08,-3.599e-08,-1.0905e-08
0.08,0,0,0.15708,0.10472,-2.3029e-08,-5.0237e-08,-2.672e-08,-1.4874e-08,7.5868e-09,3.0139e-08,2.8655e-08,-3.0201e-08,-2.5011e-09,-1.2027e-08,-4.6421e-08,-6.956e-09
-0.04,0.04,0,0.15708,0.10472,-5.4633e-09,-6.7768e-08,-5.4192e-08,-2.3874e-08,1.0387e-08,1.3244e-08,3.7864e-08,-2.3142e-08,-1.9118e-09,-1.5718e-08,-2.5666e-08,-1.2645e-08
0,0.04,0,0.15708,0.10472,-7.5846e-09,-5.8902e-08,-4.2201e-08,-2.1516e-08,7.8236e-09,1.9814e-08,3.0137e-08,-2.4513e-08,-4.5564e-10,-1.4288e-08,-2.7482e-08,-8.459e-09
0.04,0.04,0,0.15708,0.10472,-1.6437e-08,-5.5295e-08,-3.712e-08,-2.2468e-08,6.2581e-09,2.2143e-08,2.7652e-08,-2.3265e-08,-1.6457e-09,-1.3919e-08,-3.5449e-08,-5.3231e-09
0,0.08,0,0.15708,0.10472,-9.1871e-09,-5.9257e-08,-4.7624e-08,-3.0943e-08,7.2868e-09,1.6339e-08,3.0585e-08,-2.2671e-08,2.2495e-09,-1.6062e-08,-2.6641e-08,-5.8063e-09
-0.04,-0.04,0.04,0.15708,0.10472,-4.531e-09,-7.0699e-08,-3.6718e-08,-1.1504e-08,1.808e-08,1.6931e-08,2.8444e-08,-2.7958e-08,-9.884e-09,-8.7945e-09,-2.9192e-08,-1.0813e-08
0,-0.04,0.04,0.15708,0.10472,-8.9911e-09,-6.0775e-08,-3.1798e-08,-1.0519e-08,1.5368e-08,2.2729e-08,3.1419e-08,-2.8924e-08,-1.1489e-08,-8.8282e-09,-3.2721e-08,-7.2925e-09
0.04,-0.04,0.04,0.15708,0.10472,-1.3253e-08,-5.35e-08,-2.8445e-08,-9.3667e-09,1.1864e-08,2.8606e-08,2.9819e-08,-3.2848e-08,-1.5234e-08,-9.3952e-09,-3.6693e-08,-5.255e-09
-0.04,0,0.04,0.15708,0.10472,-8.5581e-10,-7.0988e-08,-3.9475e-08,-1.567e-08,1.7025e-08,1.4194e-08,3.1487e-08,-2.6084e-08,-6.438e-09,-9.6944e-09,-2.4955e-08,-9.7508e-09
0,0,0.04,0.15708,0.10472,-9.4101e-09,-6.9605e-08,-3.88e-08,-1.3589e-08,1.4116e-08,1.9988e-08,2.932e-08,-2.746e-08,-6.8907e-09,-7.5545e-09,-3.07e-08,-6.9138e-09
0.04,0,0.04,0.15708,0.10472,-1.6289e-08,-6.4845e-08,-3.0969e-08,-1.3726e-08,1.1697e-08,2.3242e-08,2.6955e-08,-2.5317e-08,-1.1596e-08,-7.0522e-09,-3.399e-08,-4.3351e-09
-0.04,0.04,0.04,0.15708,0.10472,-2.3754e-09,-7.5005e-08,-4.6961e-08,-2.2094e-08,1.4407e-08,1.1524e-08,2.9781e-08,-2.0183e-08,-4.7375e-09,-7.7806e-09,-2.5947e-08,-6.3077e-09
0,0.04,0.04,0.15708,0.10472,-8.9058e-09,-6.4691e-08,-3.8304e-08,-1.9495e-08,1.4927e-08,1.7639e-08,2.9536e-08,-2.2813e-08,-5.5785e-09,-8.0608e-09,-3.0341e-08,-6.4447e-09
0.04,0.04,0.04,0.15708,0.10472,-1.567e-08,-6.6692e-08,-3.2433e-08,-1.763e-08,1.2233e-08,2.1291e-08,2.4555e-08,-2.2443e-08,-7.5659e-09,-5.7232e-09,-3.4438e-08,-2.8531e-09
0,0,0.08,0.15708,0.10472,-3.9429e-09,-8.1449e-08,-3.2832e-08,-8.1513e-09,1.8294e-08,1.9391e-08,2.3555e-08,-2.2249e-08,-1.3402e-08,-3.6874e-09,-2.8975e-08,-1.6411e-09
0,0,-0.08,0.05236,0.15708,-9.986e-09,-4.2037e-08,-4.5997e-08,-2.5538e-08,-3.4378e-09,2.3724e-08,4.546e-08,-3.2762e-08,3.5333e-09,-2.9628e-08,-2.9319e-08,-1.5469e-08
-0.04,-0.04,-0.04,0.05236,0.15708,-6.9242e-09,-4.6594e-08,-4.1448e-08,-2.3356e-08,4.6412e-10,2.458e-08,4.9115e-08,-3.6179e-08,-2.1172e-09,-1.9549e-08,-2.8401e-08,-2.0417e-08
0,-0.04,-0.04,0.05236,0.15708,-1.1616e-08,-4.855e-08,-3.3974e-08,-2.1799e-08,2.7335e-09,3.1548e-08,4.2945e-08,-3.7669e-08,1.4838e-10,-1.8637e-08,-3.1782e-08,-1.2976e-08
0.04,-0.04,-0.04,0.05236,0.15708,-1.6353e-08,-4.5193e-08,-2.8093e-08,-2.0205e-08,1.9077e-09,3.7637e-08,3.8141e-08,-3.4931e-08,-4.3378e-09,-2.027e-08,-3.8499e-08,-1.1533e-08
-0.04,0,-0.04,0.05236,0.15708,-5.6475e-09,-5.1526e-08,-5.1495e-08,-3.0459e-08,1.4029e-09,1.6842e-08,4.2084e-08,-2.8745e-08,3.2904e-09,-2.3193e-08,-2.5647e-08,-1.4031e-08
0,0,-0.04,0.05236,0.15708,-1.1237e-08,-4.6767e-08,-3.8785e-08,-2.653e-08,1.9395e-09,2.6653e-08,4.2e-08,-3.1501e-08,9.0165e-10,-2.3059e-08,-2.7711e-08,-1.1668e-08
0.04,0,-0.04,0.05236,0.15708,-1.5291e-08,-4.6553e-08,-3.5749e-08,-2.6006e-08,1.6223e-10,3.0834e-08,3.4806e-08,-2.9787e-08,3.1323e-09,-2.2499e-08,-4.0061e-08,-8.1455e-09
-0.04,0.04,-0.04,0.05236,0.15708,-5.2298e-09,-5.4339e-08,-6.0314e-08,-3.3599e-08,1.9151e-10,1.4145e-08,4.2519e-08,-2.4428e-08,4.0697e-09,-2.5144e-08,-2.2759e-08,-9.7069e-09
0,0.04,-0.04,0.05236,0.15708,-8.8516e-09,-4.6617e-08,-5.0176e-08,-3.2328e-08,-2.6941e-10,2.1838e-08,3.6789e-08,-2.5657e-08,5.4923e-09,-2.17e-08,-2.8253e-08,-9.1168e-09
0.04,0.04,-0.04,0.05236,0.15708,-1.4164e-08,-4.392e-08,-3.4924e-08,-2.9565e-08,-6.3799e-10,2.8271e-08,3.018e-08,-2.4306e-08,6.4121e-09,-2.8211e-08,-3.4416e-08,-6.4112e-09
0,-0.08,0,0.05236,0.15708,-9.4656e-09,-5.1756e-08,-2.7781e-08,-1.7382e-08,7.5484e-09,3.0811e-08,3.4782e-08,-3.4456e-08,-7.7907e-09,-1.3742e-08,-3.2447e-08,-1.5967e-08
-0.04,-0.04,0,0.05236,0.15708,-4.7138e-09,-6.1454e-08,-3.9861e-08,-1.9064e-08,5.5581e-09,2.1608e-08,3.6761e-08,-2.8107e-08,-3.4742e-09,-1.5918e-08,-2.6852e-08,-1.4149e-08
0,-0.04,0,0.05236,0.15708,-1.0172e-08,-5.5414e-08,-3.05e-08,-1.9044e-08,6.4871e-09,2.7385e-08,3.666e-08,-3.4161e-08,-5.6116e-09,-1.6396e-08,-3.1325e-08,-1.5211e-08
0.04,-0.04,0,0.05236,0.15708,-1.5337e-08,-5.2007e-08,-2.9156e-08,-1.6223e-08,8.5642e-09,3.4362e-08,3.0964e-08,-3.4807e-08,-5.5945e-09,-1.5376e-08,-4.1984e-08,-8.622e-09
-0.08,0,0,0.05236,0.15708,1.0992e-09,-6.5862e-08,-5.2124e-08,-2.3417e-08,1.1272e-08,1.1764e-08,4.0144e-08,-2.4772e-08,-2.0312e-09,-1.3203e-08,-2.1305e-08,-1.1289e-08
-0.04,0,0,0.05236,0.15708,-3.0607e-09,-5.787e-08,-4.4739e-08,-2.2952e-08,9.7432e-09,1.8449e-08,3.5869e-08,-2.7437e-08,-5.2155e-10,-1.5891e-08,-2.5192e-08,-5.8726e-09
0,0,0,0.05236,0.15708,-7.5692e-09,-6.1725e-08,-4.0442e-08,-2.3273e-08,6.1698e-09,2.4164e-08,3.5309e-08,-2.8063e-08,-3.3505e-10,-1.6436e-08,-3.0092e-08,-6.0555e-09
0.04,0,0,0.05236,0.15708,-1.3885e-08,-5.2202e-08,-3.186e-08,-2.3503e-08,4.4972e-09,3.0367e-08,3.1655e-08,-2.8515e-08,-3.9312e-09,-1.537e-08,-3.5089e-08,-7.0263e-09
0.08,0,0,0.05236,0.15708,-2.2595e-08,-4.7187e-08,-2.5934e-08,-2.0479e-08,4.7893e-09,3.9703e-08,2.8108e-08,-2.9187e-08,-4.4529e-10,-1.7251e-08,-4.5458e-08,-5.423e-09
-0.04,0.04,0,0.05236,0.15708,-2.8547e-09,-6.0906e-08,-4.845e-08,-3.1591e-08,1.0564e-08,1.5987e-08,3.6428e-08,-2.148e-08,1.2531e-09,-1.5973e-08,-2.5178e-08,-2.7149e-09
0,0.04,0,0.05236,0.15708,-1.0351e-08,-6.3236e-08,-4.369e-08,-3.0595e-08,7.7805e-09,1.9445e-08,3.0541e-08,-2.5044e-08,5.6398e-09,-1.777e-08,-3.1585e-08,-5.89e-09
0.04,0.04,0,0.05236,0.15708,-1.6981e-08,-4.9539e-08,-3.9098e-08,-3.0131e-08,6.0265e-09,2.6244e-08,2.8e-08,-2.4571e-08,2.8112e-09,-1.6748e-08,-3.6536e-08,-4.3332e-09
0,0.08,0,0.05236,0.15708,-9.3919e-09,-5.6825e-08,-4.4813e-08,-3.9146e-08,4.8955e-09,1.7233e-08,3.0036e-08,-1.9024e-08,1.083e-08,-1.7452e-08,-2.7511e-08,-2.1722e-09
-0.04,-0.04,0.04,0.05236,0.15708,-3.3725e-09,-6.9103e-08,-3.5393e-08,-1.5788e-08,1.5685e-08,1.8734e-08,3.069e-08,-2.5124e-08,-7.556e-09,-1.223e-08,-2.7001e-08,-9.7727e-09
0,-0.04,0.04,0.05236,0.15708,-9.6973e-09,-6.3219e-08,-3.1094e-08,-1.7527e-08,1.2789e-08,2.5153e-08,3.2653e-08,-3.0871e-08,-7.4979e-09,-9.2264e-09,-3.3748e-08,-6.5756e-09
0.04,-0.04,0.04,0.05236,0.15708,-1.2842e-08,-5.4807e-08,-2.6911e-08,-1.5209e-08,8.6461e-09,2.7372e-08,2.7961e-08,-2.6901e-08,-1.1319e-08,-1.1196e-08,-4.0753e-08,-1.4954e-09
-0.04,0,0.04,0.05236,0.15708,-1.3814e-09,-7.5919e-08,-4.0893e-08,-2.2438e-08,1.2698e-08,1.7326e-08,3.0248e-08,-2.1859e-08,-3.9462e-09,-1.0292e-08,-2.4109e-08,-2.2683e-09
0,0,0.04,0.05236,0.15708,-6.8991e-09,-7.4071e-08,-3.7339e-08,-1.9126e-08,1.1732e-08,2.1783e-08,2.9722e-08,-2.4601e-08,-5.7286e-09,-1.1334e-08,-3.0101e-08,-2.8341e-09
0.04,0,0.04,0.05236,0.15708,-1.3712e-08,-6.5887e-08,-2.9274e-08,-1.8541e-08,1.0789e-08,2.5978e-08,2.7545e-08,-2.208e-08,-5.6062e-09,-8.4057e-09,-3.697e-08,-3.9108e-09
-0.04,0.04,0.04,0.05236,0.15708,-2.9112e-09,-7.7948e-08,-4.485e-08,-2.6906e-08,1.3293e-08,1.4864e-08,2.9314e-08,-1.8809e-08,-2.0416e-09,-1.1924e-08,-2.3283e-08,-2.7513e-09
0,0.04,0.04,0.05236,0.15708,-8.6972e-09,-6.7278e-08,-3.6158e-08,-2.2947e-08,1.4361e-08,1.9631e-08,2.7103e-08,-2.1215e-08,-1.3599e-09,-1.015e-08,-2.8231e-08,-4.0911e-10
0.04,0.04,0.04,0.05236,0.15708,-1.5418e-08,-7.1307e-08,-3.156e-08,-2.3786e-08,1.0128e-08,2.0431e-08,2.4473e-08,-2.0436e-08,-1.836e-10,-9.3423e-09,-3.3512e-08,-4.3537e-10
0,0,0.08,0.05236,0.15708,-6.8781e-09,-8.6509e-08,-3.424e-08,-1.5613e-08,1.9953e-08,1.9034e-08,2.3804e-08,-1.9393e-08,-1.2343e-08,-7.5149e-09,-2.8434e-08,4.7517e-09
0,0,-0.08,0.10472,0.15708,-8.3784e-09,-3.893e-08,-4.3906e-08,-2.6772e-08,-2.9816e-09,2.6649e-08,4.819e-08,-3.2757e-08,7.1005e-10,-2.5938e-08,-2.7867e-08,-1.7302e-08
-0.04,-0.04,-0.04,0.10472,0.15708,-3.8436e-09,-4.9553e-08,-4.4837e-08,-2.2044e-08,4.7407e-09,2.0431e-08,4.9236e-08,-3.5964e-08,-4.116e-09,-1.7667e-08,-2.3228e-08,-2.1844e-08
0,-0.04,-0.04,0.10472,0.15708,-9.7262e-09,-4.7091e-08,-3.6121e-08,-2.1423e-08,3.9575e-09,2.4969e-08,4.0246e-08,-3.5713e-08,-2.1226e-09,-1.7485e-08,-3.078e-08,-1.3796e-08
0.04,-0.04,-0.04,0.10472,0.15708,-1.6422e-08,-4.063e-08,-3.4165e-08,-2.138e-08,3.8308e-09,3.2893e-08,3.5972e-08,-3.5941e-08,-2.5971e-09,-1.6784e-08,-3.7446e-08,-1.3517e-08
-0.04,0,-0.04,0.10472,0.15708,-6.1389e-09,-5.1813e-08,-5.089e-08,-2.5277e-08,4.6392e-10,2.0575e-08,4.358e-08,-3.1071e-08,-5.8142e-10,-2.1609e-08,-2.5836e-08,-1.7709e-08
0,0,-0.04,0.10472,0.15708,-1.0251e-08,-5.1187e-08,-4.5234e-08,-2.6578e-08,2.3583e-09,2.421e-08,3.9559e-08,-3.184e-08,-1.3207e-09,-2.0244e-08,-3.1023e-08,-1.1614e-08
0.04,0,-0.04,0.10472,0.15708,-1.7357e-08,-4.3901e-08,-3.0425e-08,-2.3193e-08,3.4976e-09,2.9645e-08,3.7144e-08,-3.0565e-08,1.4258e-09,-1.9982e-08,-3.7269e-08,-9.16e-09
-0.04,0.04,-0.04,0.10472,0.15708,-6.5563e-09,-5.2638e-08,-5.2453e-08,-2.9344e-08,2.6224e-09,1.4073e-08,4.4375e-08,-2.4084e-08,8.705e-10,-1.8729e-08,-2.3957e-08,-1.3499e-08
0,0.04,-0.04,0.10472,0.15708,-9.8597e-09,-4.8917e-08,-4.5241e-08,-2.9508e-08,1.1101e-09,2.2221e-08,3.5302e-08,-2.6616e-08,2.3125e-09,-2.1066e-08,-2.8264e-08,-1.1843e-08
0.04,0.04,-0.04,0.10472,0.15708,-1.4862e-08,-4.7606e-08,-4.2692e-08,-2.9062e-08,3.6858e-09,3.0859e-08,3.3248e-08,-2.5775e-08,4.0937e-09,-2.2838e-08,-3.4959e-08,-7.6135e-09
0,-0.08,0,0.10472,0.15708,-9.8808e-09,-4.9666e-08,-3.1087e-08,-1.4851e-08,9.194e-09,3.2327e-08,3.6027e-08,-4.2606e-08,-6.9069e-09,-1.4787e-08,-3.0829e-08,-1.4198e-08
-0.04,-0.04,0,0.10472,0.15708,-4.4082e-09,-5.4666e-08,-4.2125e-08,-2.0898e-08,9.7472e-09,1.8278e-08,3.6417e-08,-2.9353e-08,-5.0128e-09,-1.4185e-08,-2.4206e-08,-1.5391e-08
0,-0.04,0,0.10472,0.15708,-9.0567e-09,-5.2897e-08,-3.7337e-08,-1.8244e-08,7.0991e-09,2.7555e-08,3.6079e-08,-3.0501e-08,-5.6805e-09,-1.3548e-08,-3.0726e-08,-1.4653e-08
0.04,-0.04,0,0.10472,0.15708,-1.7274e-08,-5.1455e-08,-3.0387e-08,-1.6738e-08,6.6818e-09,3.0717e-08,3.2474e-08,-3.4382e-08,-6.5422e-09,-1.2229e-08,-3.7165e-08,-1.2135e-08
-0.08,0,0,0.10472,0.15708,-3.2825e-10,-6.4992e-08,-4.8097e-08,-2.4766e-08,1.0652e-08,1.2291e-08,4.0301e-08,-2.6508e-08,-2.8377e-09,-1.359e-08,-2.0389e-08,-1.6719e-08
-0.04,0,0,0.10472,0.15708,-4.4646e-09,-5.6561e-08,-4.4146e-08,-2.4723e-08,1.1318e-08,1.604e-08,3.6603e-08,-2.719e-08,-2.0402e-09,-1.4076e-08,-2.549e-08,-1.2419e-08
0,0,0,0.10472,0.15708,-7.3857e-09,-5.7884e-08,-4.0569e-08,-2.0568e-08,6.7765e-09,2.3335e-08,3.4411e-08,-2.7338e-08,-4.0992e-09,-1.4445e-08,-3.0164e-08,-1.2171e-08
0.04,0,0,0.10472,0.15708,-1.7825e-08,-5.4763e-08,-3.2035e-08,-1.9968e-08,7.4619e-09,2.9953e-08,2.9139e-08,-2.878e-08,-4.6896e-09,-1.2613e-08,-4.099e-08,-8.6685e-09
0.08,0,0,0.10472,0.15708,-2.5272e-08,-4.8423e-08,-2.8666e-08,-1.8375e-08,7.0775e-09,3.385e-08,2.6638e-08,-2.8762e-08,-1.6288e-09,-1.12e-08,-4.2854e-08,-5.8625e-09
-0.04,0.04,0,0.10472,0.15708,-3.8152e-09,-6.3508e-08,-5.0156e-08,-2.5379e-08,8.2913e-09,1.5426e-08,3.4299e-08,-2.3336e-08,-5.144e-10,-1.5144e-08,-2.5267e-08,-8.6965e-09
0,0.04,0,0.10472,0.15708,-9.9008e-09,-5.9093e-08,-4.7105e-08,-2.9102e-08,7.5357e-09,1.9132e-08,3.2484e-08,-2.4245e-08,-9.4199e-10,-1.4801e-08,-3.0127e-08,-6.2772e-09
0.04,0.04,0,0.10472,0.15708,-1.3055e-08,-5.4118e-08,-3.6121e-08,-2.5301e-08,7.6131e-09,2.4703e-08,2.9733e-08,-2.3571e-08,2.0967e-09,-1.8662e-08,-3.4333e-08,-4.4569e-09
0,0.08,0,0.10472,0.15708,-9.0562e-09,-6.0134e-08,-4.8628e-08,-3.1992e-08,7.7495e-09,1.7136e-08,2.6877e-08,-1.9438e-08,6.6896e-09,-1.3824e-08,-2.5449e-08,-4.1591e-09
-0.04,-0.04,0.04,0.10472,0.15708,-3.9464e-10,-6.5918e-08,-3.5686e-08,-1.3137e-08,1.9759e-08,1.928e-08,3.0409e-08,-2.5097e-08,-9.6026e-09,-1.0476e-08,-2.8925e-08,-1.0794e-08
0,-0.04,0.04,0.10472,0.15708,-1.0571e-08,-6.298e-08,-2.8729e-08,-1.2568e-08,1.3293e-08,2.3495e-08,2.9669e-08,-2.7324e-08,-1.0224e-08,-1.0811e-08,-3.2244e-08,-9.3591e-09
0.04,-0.04,0.04,0.10472,0.15708,-1.6397e-08,-5.6559e-08,-2.6355e-08,-1.2711e-08,1.0409e-08,2.9345e-08,2.7019e-08,-2.8901e-08,-1.075e-08,-9.1895e-09,-3.811e-08,-5.0465e-09
-0.04,0,0.04,0.10472,0.15708,-3.3777e-09,-7.2732e-08,-4.4382e-08,-2.0434e-08,1.482e-08,1.6401e-08,3.3472e-08,-2.2703e-08,-7.1915e-09,-1.0246e-08,-2.6702e-08,-5.711e-09
0,0,0.04,0.10472,0.15708,-1.0242e-08,-6.507e-08,-3.8484e-08,-1.701e-08,1.3791e-08,1.9686e-08,2.937e-08,-2.3516e-08,-9.4268e-09,-1.1804e-08,-3.1373e-08,-7.3686e-09
0.04,0,0.04,0.10472,0.15708,-1.3869e-08,-6.1778e-08,-2.8427e-08,-1.6917e-08,1.0474e-08,2.8773e-08,2.5977e-08,-2.5963e-08,-9.7095e-09,-7.2986e-09,-3.5029e-08,-2.1348e-09
-0.04,0.04,0.04,0.10472,0.15708,-5.0185e-09,-8.3854e-08,-4.5876e-08,-2.3669e-08,1.9164e-08,1.3814e-08,2.8692e-08,-2.0232e-08,-1.8548e-09,-1.0031e-08,-2.5018e-08,-5.1851e-09
0,0.04,0.04,0.10472,0.15708,-8.299e-09,-7.6899e-08,-3.8505e-08,-2.4807e-08,1.3751e-08,1.8695e-08,2.7937e-08,-2.0752e-08,-3.5107e-09,-7.8143e-09,-2.8515e-08,-1.448e-09
0.04,0.04,0.04,0.10472,0.15708,-1.4174e-08,-6.6417e-08,-3.3088e-08,-2.0917e-08,1.0041e-08,2.4536e-08,2.5903e-08,-2.0094e-08,-7.851e-09,-9.4183e-09,-3.4748e-08,-1.8686e-09
0,0,0.08,0.10472,0.15708,-5.8705e-09,-8.2047e-08,-3.2062e-08,-1.469e-08,1.7927e-08,1.8031e-08,2.502e-08,-1.9274e-08,-9.9422e-09,-5.5292e-09,-2.6782e-08,1.6684e-09
0,0,-0.08,0.15708,0.15708,-1.0195e-08,-3.8901e-08,-4.979e-08,-2.5146e-08,-2.2547e-09,2.7443e-08,4.2532e-08,-3.2354e-08,6.7964e-11,-2.4851e-08,-2.7614e-08,-1.7688e-08
-0.04,-0.04,-0.04,0.15708,0.15708,-6.4974e-09,-4.3917e-08,-4.7257e-08,-1.5851e-08,4.9914e-09,1.9596e-08,4.9505e-08,-3.0825e-08,-4.5115e-09,-1.6713e-08,-2.3777e-08,-2.1353e-08
0,-0.04,-0.04,0.15708,0.15708,-1.2085e-08,-4.4597e-08,-3.6455e-08,-1.7638e-08,6.7949e-09,2.9267e-08,4.4665e-08,-3.8276e-08,-4.2385e-09,-1.7394e-08,-3.1429e-08,-1.9991e-08
0.04,-0.04,-0.04,0.15708,0.15708,-1.5921e-08,-4.4582e-08,-3.0326e-08,-1.66e-08,3.736e-09,3.6328e-08,3.5266e-08,-4.24e-08,-5.7514e-09,-1.8026e-08,-3.6588e-08,-1.468e-08
-0.04,0,-0.04,0.15708,0.15708,-6.7112e-09,-4.9554e-08,-5.2359e-08,-2.3033e-08,3.6348e-09,1.5838e-08,4.4035e-08,-3.1491e-08,-2.8801e-09,-1.9367e-08,-2.7022e-08,-1.597e-08
0,0,-0.04,0.15708,0.15708,-1.2002e-08,-5.0365e-08,-4.252e-08,-2.4524e-08,3.906e-09,2.6024e-08,4.0759e-08,-3.1158e-08,-2.9719e-09,-2.0894e-08,-2.9787e-08,-1.5551e-08
0.04,0,-0.04,0.15708,0.15708,-1.5059e-08,-4.2119e-08,-3.3062e-08,-1.8924e-08,3.6106e-09,2.8089e-08,3.4718e-08,-3.1479e-08,-1.5901e-09,-2.0117e-08,-3.3337e-08,-1.1385e-08
-0.04,0.04,-0.04,0.15708,0.15708,-6.1603e-09,-5.0758e-08,-5.6213e-08,-2.7489e-08,2.0159e-09,1.1058e-08,4.5489e-08,-2.7524e-08,1.5641e-10,-2.2182e-08,-2.362e-08,-1.323e-08
0,0.04,-0.04,0.15708,0.15708,-1.1532e-08,-4.7145e-08,-4.8484e-08,-2.7109e-08,3.8408e-09,1.6719e-08,3.918e-08,-2.5887e-08,1.0619e-09,-1.7494e-08,-2.8174e-08,-1.4029e-08
0.04,0.04,-0.04,0.15708,0.15708,-1.421e-08,-4.6734e-08,-4.41e-08,-2.5721e-08,1.7845e-09,2.8049e-08,3.0816e-08,-2.6265e-08,3.3737e-09,-2.3274e-08,-3.7252e-08,-9.72e-09
0,-0.08,0,0.15708,0.15708,-1.2256e-08,-4.8267e-08,-3.1367e-08,-1.3122e-08,1.1861e-08,2.6777e-08,3.8228e-08,-4.618e-08,-9.0434e-09,-1.3679e-08,-3.2226e-08,-2.0356e-08
-0.04,-0.04,0,0.15708,0.15708,-4.0647e-09,-5.5773e-08,-4.295e-08,-1.3808e-08,1.3206e-08,1.9183e-08,4.1924e-08,-3.2123e-08,-6.2471e-09,-1.3092e-08,-2.6414e-08,-1.9013e-08
0,-0.04,0,0.15708,0.15708,-1.1433e-08,-5.2619e-08,-3.5287e-08,-1.6511e-08,8.9475e-09,2.1136e-08,4.3634e-08,-3.2136e-08,-8.5747e-09,-1.2293e-08,-3.1288e-08,-1.46e-08
0.04,-0.04,0,0.15708,0.15708,-1.692e-08,-5.1363e-08,-3.0945e-08,-1.2874e-08,8.8475e-09,3.4181e-08,3.1981e-08,-3.5976e-08,-9.6596e-09,-1.3975e-08,-3.7311e-08,-1.0887e-08
-0.08,0,0,0.15708,0.15708,-2.1013e-09,-5.9531e-08,-6.0623e-08,-2.1519e-08,7.6334e-09,1.2101e-08,4.3183e-08,-2.6487e-08,-4.5944e-09,-1.3492e-08,-2.0061e-08,-1.9863e-08
-0.04,0,0,0.15708,0.15708,-6.175e-09,-6.1182e-08,-4.7851e-08,-1.8848e-08,8.8867e-09,1.545e-08,3.59e-08,-2.9066e-08,-4.4902e-09,-1.3232e-08,-2.5476e-08,-1.7566e-08
0,0,0,0.15708,0.15708,-1.0113e-08,-5.9504e-08,-4.0181e-08,-1.9049e-08,9.2259e-09,2.4051e-08,3.0966e-08,-2.8778e-08,-4.7989e-09,-1.2875e-08,-3.015e-08,-1.284e-08
0.04,0,0,0.15708,0.15708,-1.7257e-08,-5.313e-08,-3.1264e-08,-1.8464e-08,1.0297e-08,2.728e-08,3.2281e-08,-2.9708e-08,-6.3017e-09,-1.2528e-08,-3.5335e-08,-8.7831e-09
0.08,0,0,0.15708,0.15708,-2.0709e-08,-4.8153e-08,-2.8404e-08,-1.7498e-08,5.5122e-09,3.7645e-08,2.7715e-08,-2.8444e-08,-4.5195e-09,-1.2932e-08,-4.7715e-08,-6.6018e-09
-0.04,0.04,0,0.15708,0.15708,-3.7766e-09,-6.587e-08,-5.6658e-08,-2.4631e-08,9.5212e-09,1.2475e-08,3.7901e-08,-2.2361e-08,-1.7479e-09,-1.3711e-08,-2.5949e-08,-1.1086e-08
0,0.04,0,0.15708,0.15708,-1.1827e-08,-5.7282e-08,-4.6884e-08,-2.4696e-08,1.0506e-08,1.8676e-08,3.108e-08,-2.2289e-08,-2.3329e-09,-1.2818e-08,-2.8689e-08,-9.1699e-09
0.04,0.04,0,0.15708,0.15708,-1.4782e-08,-5.6084e-08,-3.8516e-08,-2.2906e-08,5.7674e-09,2.0946e-08,2.7464e-08,-2.3756e-08,-2.6283e-09,-1.8867e-08,-3.3843e-08,-6.0047e-09
0,0.08,0,0.15708,0.15708,-9.0815e-09,-6.915e-08,-5.1066e-08,-3.0355e-08,7.4176e-09,1.3743e-08,2.9807e-08,-2.0388e-08,5.0246e-09,-1.7269e-08,-2.5879e-08,-7.7708e-09
-0.04,-0.04,0.04,0.15708,0.15708,-2.448e-09,-6.7571e-08,-3.7924e-08,-1.1074e-08,1.89e-08,1.5719e-08,2.9455e-08,-3.0106e-08,-9.2876e-09,-7.9662e-09,-2.6109e-08,-1.7076e-08
0,-0.04,0.04,0.15708,0.15708,-1.0834e-08,-6.1052e-08,-3.8756e-08,-1.1596e-08,1.4498e-08,2.153e-08,3.0945e-08,-2.9118e-08,-1.2402e-08,-8.4206e-09,-3.531e-08,-1.2867e-08
0.04,-0.04,0.04,0.15708,0.15708,-1.7805e-08,-5.7347e-08,-2.7168e-08,-1.1763e-08,1.0569e-08,2.8185e-08,2.7458e-08,-3.0004e-08,-1.3481e-08,-7.9646e-09,-3.903e-08,-6.4503e-09
-0.04,0,0.04,0.15708,0.15708,-3.083e-09,-8.0831e-08,-4.5278e-08,-1.3453e-08,1.2867e-08,1.5192e-08,3.1946e-08,-2.4811e-08,-7.2977e-09,-9.2654e-09,-2.639e-08,-9.2197e-09
0,0,0.04,0.15708,0.15708,-7.4767e-09,-6.3801e-08,-3.5424e-08,-1.2584e-08,1.3404e-08,1.8661e-08,2.9208e-08,-2.5421e-08,-8.3278e-09,-8.6302e-09,-3.1561e-08,-5.5458e-09
0.04,0,0.04,0.15708,0.15708,-1.7207e-08,-5.9603e-08,-2.9702e-08,-1.4271e-08,1.1668e-08,2.3713e-08,2.4124e-08,-2.5634e-08,-8.9971e-09,-1.1876e-08,-3.4792e-08,-4.5382e-09
-0.04,0.04,0.04,0.15708,0.15708,-5.575e-09,-7.7554e-08,-4.5886e-08,-1.8531e-08,1.7729e-08,1.2154e-08,3.0815e-08,-2.0679e-08,-7.3332e-09,-8.5716e-09,-2.394e-08,-8.7193e-09
0,0.04,0.04,0.15708,0.15708,-8.664e-09,-6.7604e-08,-3.9069e-08,-1.5079e-08,1.7278e-08,1.6512e-08,2.5482e-08,-2.2665e-08,-4.3757e-09,-9.0685e-09,-2.9042e-08,-5.5081e-09
0.04,0.04,0.04,0.15708,0.15708,-1.5299e-08,-6.5252e-08,-3.5026e-08,-1.9255e-08,1.0349e-08,2.1221e-08,2.6071e-08,-2.2937e-08,-3.4436e-09,-4.3854e-09,-3.604e-08,-2.9044e-09
0,0,0.08,0.15708,0.15708,-4.4051e-09,-8.1228e-08,-3.5671e-08,-7.1305e-09,1.9595e-08,1.6328e-08,2.3183e-08,-2.36e-08,-1.5752e-08,-6.791e-09,-2.8422e-08,5.0811e-11
