0,0,-0.2,0.034907,0.034907,-2.3402e-09,-1.7655e-08,1.6098e-09,1.0829e-08,2.6788e-08,2.1074e-08,5.9031e-08,8.6803e-09,2.5032e-08
-0.1,-0.1,-0.1,0.034907,0.034907,5.6485e-09,-2.104e-08,-8.8851e-09,1.3325e-08,2.4477e-08,5.4637e-08,6.811e-08,-4.8236e-09,-9.5109e-09
0,-0.1,-0.1,0.034907,0.034907,6.2058e-09,-1.8388e-08,-1.2615e-08,2.0295e-08,3.0105e-08,3.7065e-08,4.5126e-08,8.6174e-09,-2.1219e-08
0.1,-0.1,-0.1,0.034907,0.034907,6.4635e-09,-1.5468e-08,-1.8252e-08,2.5483e-08,3.3545e-08,2.5182e-08,2.9817e-08,2.4964e-08,-2.8711e-08
-0.1,0,-0.1,0.034907,0.034907,7.2946e-09,-3.1163e-08,-8.2049e-09,4.9453e-09,3.009e-08,3.5269e-08,7.806e-08,-5.93e-09,3.3391e-09
0,0,-0.1,0.034907,0.034907,7.9563e-09,-2.6252e-08,-1.1374e-08,7.8392e-09,3.7658e-08,2.6196e-08,4.9803e-08,1.5638e-08,8.6864e-10
0.1,0,-0.1,0.034907,0.034907,7.8172e-09,-2.1171e-08,-1.5858e-08,9.7771e-09,4.244e-08,1.9146e-08,3.2059e-08,4.3021e-08,-5.8653e-11
-0.1,0.1,-0.1,0.034907,0.034907,9.6587e-09,-4.7621e-08,-7.3372e-09,3.3659e-10,3.3503e-08,2.3408e-08,7.5799e-08,-8.1391e-09,7.6931e-09
0,0.1,-0.1,0.034907,0.034907,1.0401e-08,-3.8207e-08,-9.9248e-09,1.3642e-09,4.2418e-08,1.858e-08,4.8669e-08,2.2636e-08,7.8309e-09
0.1,0.1,-0.1,0.034907,0.034907,8.7736e-09,-2.919e-08,-1.3475e-08,1.9476e-09,4.8154e-08,1.4413e-08,3.146e-08,6.3669e-08,8.3373e-09
0,-0.2,0,0.034907,0.034907,9.1427e-09,-1.4512e-08,-2.43e-08,4.2406e-08,2.6825e-08,5.7933e-08,2.772e-08,5.976e-09,-6.4592e-08
-0.1,-0.1,0,0.034907,0.034907,1.0099e-08,-2.4314e-08,-1.5518e-08,5.5705e-09,3.0572e-08,5.5295e-08,4.177e-08,6.0615e-10,-2.0493e-08
0,-0.1,0,0.034907,0.034907,1.2783e-08,-2.082e-08,-2.4782e-08,1.3089e-08,4.013e-08,3.8726e-08,3.2768e-08,9.9215e-09,-3.0717e-08
0.1,-0.1,0,0.034907,0.034907,1.5733e-08,-1.7163e-08,-4.3066e-08,1.9316e-08,4.6477e-08,2.6798e-08,2.4221e-08,2.0212e-08,-3.6664e-08
-0.2,0,0,0.034907,0.034907,1.0134e-08,-4.3689e-08,-9.9275e-09,-3.8602e-09,2.6814e-08,4.2341e-08,5.0106e-08,-7.2728e-09,-3.3103e-09
-0.1,0,0,0.034907,0.034907,1.3662e-08,-3.8045e-08,-1.4743e-08,-2.2305e-09,4.0136e-08,3.4143e-08,4.6198e-08,1.2578e-09,-7.2292e-09
0,0,0,0.034907,0.034907,1.8318e-08,-3.0984e-08,-2.3182e-08,-1.7727e-10,5.421e-08,2.6134e-08,3.5508e-08,1.4638e-08,-1.1026e-08
0.1,0,0,0.034907,0.034907,2.3961e-08,-2.4204e-08,-3.9298e-08,1.2378e-09,6.4029e-08,1.9523e-08,2.5792e-08,2.9737e-08,-1.2829e-08
0.2,0,0,0.034907,0.034907,2.9735e-08,-1.8525e-08,-7.377e-08,8.4319e-10,6.443e-08,1.4507e-08,1.8529e-08,4.0992e-08,-1.1268e-08
-0.1,0.1,0,0.034907,0.034907,1.8548e-08,-6.3484e-08,-1.3218e-08,-5.24e-09,4.648e-08,2.2162e-08,4.5043e-08,1.25e-09,-3.2252e-10
0,0.1,0,0.034907,0.034907,2.6792e-08,-4.7932e-08,-2.0095e-08,-5.0353e-09,6.4052e-08,1.8046e-08,3.4795e-08,1.8616e-08,-1.4364e-09
0.1,0.1,0,0.034907,0.034907,3.8207e-08,-3.4748e-08,-3.2328e-08,-5.0262e-09,7.6684e-08,1.4294e-08,2.5361e-08,3.869e-08,-1.7359e-09
0,0.2,0,0.034907,0.034907,3.9502e-08,-7.6727e-08,-1.6455e-08,-6.2055e-09,6.4412e-08,1.2799e-08,3.0904e-08,1.9555e-08,2.6061e-09
-0.1,-0.1,0.1,0.034907,0.034907,1.3116e-08,-2.3123e-08,-1.9383e-08,-1.2165e-08,3.5992e-08,3.7071e-08,2.3157e-08,2.7988e-09,-2.1847e-08
0,-0.1,0.1,0.034907,0.034907,1.7288e-08,-1.9779e-08,-3.1043e-08,-9.032e-09,5.2035e-08,2.9635e-08,2.1556e-08,9.0713e-09,-2.8862e-08
0.1,-0.1,0.1,0.034907,0.034907,2.2148e-08,-1.632e-08,-5.3558e-08,-5.7473e-09,6.3888e-08,2.2456e-08,1.7917e-08,1.5594e-08,-3.2612e-08
-0.1,0,0.1,0.034907,0.034907,1.7645e-08,-3.5714e-08,-1.8693e-08,-1.4384e-08,5.2099e-08,2.4402e-08,2.4791e-08,3.6806e-09,-1.146e-08
0,0,0.1,0.034907,0.034907,2.4908e-08,-2.9094e-08,-2.9591e-08,-1.5419e-08,7.905e-08,2.0434e-08,2.2927e-08,1.199e-08,-1.4819e-08
0.1,0,0.1,0.034907,0.034907,3.4404e-08,-2.2796e-08,-5.011e-08,-1.6333e-08,1.006e-07,1.6369e-08,1.887e-08,2.0726e-08,-1.6398e-08
-0.1,0.1,0.1,0.034907,0.034907,2.3445e-08,-5.8437e-08,-1.6899e-08,-1.3056e-08,6.4034e-08,1.6672e-08,2.4233e-08,4.0605e-09,-4.822e-09
0,0.1,0.1,0.034907,0.034907,3.6082e-08,-4.4288e-08,-2.5905e-08,-1.4555e-08,1.008e-07,1.4449e-08,2.2512e-08,1.4171e-08,-6.2406e-09
0.1,0.1,0.1,0.034907,0.034907,5.5394e-08,-3.2333e-08,-4.1757e-08,-1.5786e-08,1.3181e-07,1.2067e-08,1.8584e-08,2.4943e-08,-6.7708e-09
0,0,0.2,0.034907,0.034907,2.5852e-08,-2.1343e-08,-2.9481e-08,-3.6565e-08,1.1239e-07,1.1695e-08,1.3959e-08,9.4583e-09,-1.469e-08
0,0,-0.2,0.12217,0.034907,-2.8138e-10,-1.9214e-08,2.2835e-09,1.2915e-08,2.6058e-08,1.9509e-08,5.9252e-08,1.0501e-08,3.0693e-08
-0.1,-0.1,-0.1,0.12217,0.034907,6.6159e-09,-2.1831e-08,-9.1076e-09,1.6202e-08,2.3175e-08,5.2558e-08,6.9072e-08,-4.4773e-09,-3.6802e-09
0,-0.1,-0.1,0.12217,0.034907,7.9274e-09,-1.8934e-08,-1.2937e-08,2.3974e-08,2.8498e-08,3.5042e-08,4.582e-08,9.8638e-09,-1.3006e-08
0.1,-0.1,-0.1,0.12217,0.034907,9.2077e-09,-1.5815e-08,-1.8734e-08,2.9737e-08,3.1736e-08,2.3536e-08,3.0286e-08,2.7264e-08,-1.8967e-08
-0.1,0,-0.1,0.12217,0.034907,8.2051e-09,-3.2574e-08,-7.8434e-09,7.2533e-09,2.9147e-08,3.458e-08,7.7918e-08,-5.7763e-09,7.3484e-09
0,0,-0.1,0.12217,0.034907,9.9673e-09,-2.7158e-08,-1.0643e-08,1.0658e-08,3.6447e-08,2.5242e-08,4.9759e-08,1.6755e-08,6.0269e-09
0.1,0,-0.1,0.12217,0.034907,1.1581e-08,-2.1701e-08,-1.4256e-08,1.2936e-08,4.1042e-08,1.8198e-08,3.2045e-08,4.5356e-08,5.7231e-09
-0.1,0.1,-0.1,0.12217,0.034907,1.0207e-08,-5.0276e-08,-6.5078e-09,2.0831e-09,3.3152e-08,2.3273e-08,7.437e-08,-8.3508e-09,1.0329e-08
0,0.1,-0.1,0.12217,0.034907,1.2406e-08,-3.9731e-08,-8.4307e-09,3.4148e-09,4.1912e-08,1.8177e-08,4.7792e-08,2.3085e-08,1.0999e-08
0.1,0.1,-0.1,0.12217,0.034907,1.3723e-08,-2.9986e-08,-1.0603e-08,4.1867e-09,4.7531e-08,1.3904e-08,3.0917e-08,6.5077e-08,1.1748e-08
0,-0.2,0,0.12217,0.034907,1.0341e-08,-1.4438e-08,-2.5479e-08,4.956e-08,2.4256e-08,5.5678e-08,2.82e-08,6.7807e-09,-5.7928e-08
-0.1,-0.1,0,0.12217,0.034907,1.085e-08,-2.4294e-08,-1.5727e-08,9.4594e-09,2.8565e-08,5.5521e-08,4.1936e-08,9.3667e-10,-1.6254e-08
0,-0.1,0,0.12217,0.034907,1.4216e-08,-2.0726e-08,-2.5082e-08,1.8387e-08,3.7514e-08,3.7932e-08,3.3003e-08,1.0736e-08,-2.5197e-08
0.1,-0.1,0,0.12217,0.034907,1.8118e-08,-1.7034e-08,-4.3511e-08,2.5717e-08,4.3429e-08,2.58e-08,2.443e-08,2.1551e-08,-3.0402e-08
-0.2,0,0,0.12217,0.034907,1.0231e-08,-4.3933e-08,-9.758e-09,-1.7766e-09,2.5802e-08,4.4311e-08,4.9558e-08,-7.3836e-09,-8.6437e-10
-0.1,0,0,0.12217,0.034907,1.4262e-08,-3.8064e-08,-1.4419e-08,5.9768e-10,3.86e-08,3.4796e-08,4.5914e-08,1.4357e-09,-3.9584e-09
0,0,0,0.12217,0.034907,1.9888e-08,-3.0865e-08,-2.2532e-08,3.4123e-09,5.2094e-08,2.6018e-08,3.5357e-08,1.5272e-08,-7.0028e-09
0.1,0,0,0.12217,0.034907,2.7148e-08,-2.4032e-08,-3.7886e-08,5.3597e-09,6.1474e-08,1.9079e-08,2.5707e-08,3.0892e-08,-8.4152e-09
0.2,0,0,0.12217,0.034907,3.5079e-08,-1.8352e-08,-7.0348e-08,5.0165e-09,6.1796e-08,1.3982e-08,1.8478e-08,4.2541e-08,-7.0371e-09
-0.1,0.1,0,0.12217,0.034907,1.8654e-08,-6.3619e-08,-1.2466e-08,-3.2674e-09,4.5879e-08,2.2827e-08,4.4288e-08,1.1604e-09,2.0432e-09
0,0.1,0,0.12217,0.034907,2.8104e-08,-4.7785e-08,-1.8752e-08,-2.6666e-09,6.3107e-08,1.8199e-08,3.4231e-08,1.8798e-08,1.3402e-09
0.1,0.1,0,0.12217,0.034907,4.2179e-08,-3.4517e-08,-2.9775e-08,-2.4069e-09,7.5454e-08,1.4155e-08,2.4964e-08,3.9222e-08,1.2289e-09
0,0.2,0,0.12217,0.034907,3.9477e-08,-7.6551e-08,-1.4804e-08,-4.6387e-09,6.5035e-08,1.3039e-08,3.0051e-08,1.9077e-08,4.4905e-09
-0.1,-0.1,0.1,0.12217,0.034907,1.355e-08,-2.2233e-08,-1.9586e-08,-7.4469e-09,3.2882e-08,3.932e-08,2.304e-08,3.0533e-09,-1.8923e-08
0,-0.1,0.1,0.12217,0.034907,1.8241e-08,-1.901e-08,-3.1339e-08,-2.16e-09,4.7667e-08,3.0071e-08,2.1568e-08,9.5894e-09,-2.5284e-08
0.1,-0.1,0.1,0.12217,0.034907,2.3838e-08,-1.5701e-08,-5.4017e-08,2.964e-09,5.8537e-08,2.2166e-08,1.7974e-08,1.6385e-08,-2.8688e-08
-0.1,0,0.1,0.12217,0.034907,1.7812e-08,-3.4192e-08,-1.8459e-08,-1.1305e-08,4.9537e-08,2.62e-08,2.4533e-08,3.8115e-09,-8.9824e-09
0,0,0.1,0.12217,0.034907,2.5747e-08,-2.7875e-08,-2.9139e-08,-1.1374e-08,7.5144e-08,2.1105e-08,2.2762e-08,1.2346e-08,-1.1891e-08
0.1,0,0.1,0.12217,0.034907,3.6406e-08,-2.1891e-08,-4.9193e-08,-1.1592e-08,9.5543e-08,1.6434e-08,1.8763e-08,2.1326e-08,-1.3251e-08
-0.1,0.1,0.1,0.12217,0.034907,2.2989e-08,-5.5644e-08,-1.6302e-08,-1.1082e-08,6.2978e-08,1.8015e-08,2.385e-08,3.9996e-09,-2.8732e-09
0,0.1,0.1,0.12217,0.034907,3.6303e-08,-4.2295e-08,-2.4884e-08,-1.2148e-08,9.8898e-08,1.511e-08,2.2168e-08,1.423e-08,-4.01e-09
0.1,0.1,0.1,0.12217,0.034907,5.7289e-08,-3.1012e-08,-3.9931e-08,-1.3107e-08,1.2909e-07,1.2287e-08,1.8309e-08,2.5147e-08,-4.4143e-09
0,0,0.2,0.12217,0.034907,2.5924e-08,-1.9319e-08,-2.9265e-08,-3.2985e-08,1.0484e-07,1.2866e-08,1.3816e-08,9.6601e-09,-1.2612e-08
0,0,-0.2,0.20944,0.034907,1.7779e-09,-2.063e-08,2.9402e-09,1.4908e-08,2.5127e-08,1.7796e-08,5.9018e-08,1.2256e-08,3.6115e-08
-0.1,-0.1,-0.1,0.20944,0.034907,7.5343e-09,-2.2464e-08,-9.2608e-09,1.8964e-08,2.1696e-08,5.0093e-08,6.9493e-08,-4.0938e-09,2.147e-09
0,-0.1,-0.1,0.20944,0.034907,9.5909e-09,-1.9344e-08,-1.316e-08,2.7484e-08,2.6675e-08,3.2756e-08,4.6161e-08,1.104e-08,-4.7553e-09
0.1,-0.1,-0.1,0.20944,0.034907,1.1885e-08,-1.6046e-08,-1.9074e-08,3.3783e-08,2.9687e-08,2.1712e-08,3.0522e-08,2.9363e-08,-9.1655e-09
-0.1,0,-0.1,0.20944,0.034907,9.0551e-09,-3.3754e-08,-7.4223e-09,9.514e-09,2.7979e-08,3.3639e-08,7.7161e-08,-5.574e-09,1.1288e-08
0,0,-0.1,0.20944,0.034907,1.1905e-08,-2.7868e-08,-9.8307e-09,1.3407e-08,3.4954e-08,2.4101e-08,4.9328e-08,1.7745e-08,1.1116e-08
0.1,0,-0.1,0.20944,0.034907,1.5261e-08,-2.2072e-08,-1.2546e-08,1.601e-08,3.9326e-08,1.7114e-08,3.1784e-08,4.7337e-08,1.1432e-08
-0.1,0.1,-0.1,0.20944,0.034907,1.0681e-08,-5.2579e-08,-5.6289e-09,3.8192e-09,3.2541e-08,2.2968e-08,7.236e-08,-8.4915e-09,1.2881e-08
0,0.1,-0.1,0.20944,0.034907,1.4321e-08,-4.0971e-08,-6.8724e-09,5.4467e-09,4.1077e-08,1.7639e-08,4.6545e-08,2.335e-08,1.4077e-08
0.1,0.1,-0.1,0.20944,0.034907,1.8573e-08,-3.0564e-08,-7.6499e-09,6.4026e-09,4.6534e-08,1.329e-08,3.0136e-08,6.5955e-08,1.5062e-08
0,-0.2,0,0.20944,0.034907,1.1464e-08,-1.4258e-08,-2.6464e-08,5.6374e-08,2.151e-08,5.3019e-08,2.8461e-08,7.5356e-09,-5.086e-08
-0.1,-0.1,0,0.20944,0.034907,1.152e-08,-2.41e-08,-1.5816e-08,1.3295e-08,2.6344e-08,5.5357e-08,4.177e-08,1.2614e-09,-1.1911e-08
0,-0.1,0,0.20944,0.034907,1.5546e-08,-2.0481e-08,-2.5191e-08,2.3577e-08,3.4618e-08,3.6864e-08,3.2982e-08,1.1469e-08,-1.9518e-08
0.1,-0.1,0,0.20944,0.034907,2.0372e-08,-1.6781e-08,-4.3625e-08,3.1967e-08,4.0057e-08,2.4611e-08,2.4451e-08,2.2727e-08,-2.395e-08
-0.2,0,0,0.20944,0.034907,1.0252e-08,-4.3873e-08,-9.5144e-09,3.2715e-10,2.4593e-08,4.5975e-08,4.8603e-08,-7.4357e-09,1.5809e-09
-0.1,0,0,0.20944,0.034907,1.4757e-08,-3.7816e-08,-1.3987e-08,3.433e-09,3.6767e-08,3.5203e-08,4.5265e-08,1.6037e-09,-6.7021e-10
0,0,0,0.20944,0.034907,2.1314e-08,-3.0526e-08,-2.1711e-08,6.9943e-09,4.9577e-08,2.5712e-08,3.4929e-08,1.5786e-08,-2.9452e-09
0.1,0,0,0.20944,0.034907,3.0143e-08,-2.3685e-08,-3.6188e-08,9.4649e-09,5.8445e-08,1.8493e-08,2.5423e-08,3.1805e-08,-3.9611e-09
0.2,0,0,0.20944,0.034907,4.0184e-08,-1.8043e-08,-6.64e-08,9.1768e-09,5.8685e-08,1.3352e-08,1.8285e-08,4.3755e-08,-2.7753e-09
-0.1,0.1,0,0.20944,0.034907,1.8621e-08,-6.332e-08,-1.1619e-08,-1.2635e-09,4.4918e-08,2.3327e-08,4.3185e-08,1.0634e-09,4.387e-09
0,0.1,0,0.20944,0.034907,2.9212e-08,-4.7302e-08,-1.7267e-08,-2.6837e-10,6.1664e-08,1.822e-08,3.3401e-08,1.8831e-08,4.0976e-09
0.1,0.1,0,0.20944,0.034907,4.5859e-08,-3.4037e-08,-2.6999e-08,2.4198e-10,7.3623e-08,1.3911e-08,2.4375e-08,3.9439e-08,4.174e-09
0,0.2,0,0.20944,0.034907,3.9165e-08,-7.5842e-08,-1.3042e-08,-3.0323e-09,6.5137e-08,1.3183e-08,2.8968e-08,1.8448e-08,6.3372e-09
-0.1,-0.1,0.1,0.20944,0.034907,1.3883e-08,-2.1181e-08,-1.964e-08,-2.6468e-09,2.9532e-08,4.1293e-08,2.274e-08,3.2848e-09,-1.5866e-08
0,-0.1,0.1,0.20944,0.034907,1.9061e-08,-1.8102e-08,-3.1397e-08,4.7815e-09,4.2953e-08,3.029e-08,2.1412e-08,1.0034e-08,-2.1528e-08
0.1,-0.1,0.1,0.20944,0.034907,2.5357e-08,-1.4965e-08,-5.4064e-08,1.1737e-08,5.2767e-08,2.1712e-08,1.7892e-08,1.705e-08,-2.4565e-08
-0.1,0,0.1,0.20944,0.034907,1.7846e-08,-3.2424e-08,-1.8084e-08,-8.1276e-09,4.6598e-08,2.7811e-08,2.408e-08,3.9132e-09,-6.4452e-09
0,0,0.1,0.20944,0.034907,2.6396e-08,-2.6454e-08,-2.8466e-08,-7.2223e-09,7.0666e-08,2.1623e-08,2.2418e-08,1.2606e-08,-8.8851e-09
0.1,0,0.1,0.20944,0.034907,3.8147e-08,-2.0824e-08,-4.7903e-08,-6.7327e-09,8.9758e-08,1.6379e-08,1.851e-08,2.1758e-08,-1.0016e-08
-0.1,0.1,0.1,0.20944,0.034907,2.236e-08,-5.2458e-08,-1.5582e-08,-9.0198e-09,6.1425e-08,1.9228e-08,2.3279e-08,3.9081e-09,-9.0821e-10
0,0.1,0.1,0.20944,0.034907,3.6257e-08,-3.9997e-08,-2.3676e-08,-9.641e-09,9.6205e-08,1.5661e-08,2.1652e-08,1.4177e-08,-1.7561e-09
0.1,0.1,0.1,0.20944,0.034907,5.8775e-08,-2.9464e-08,-3.7807e-08,-1.0319e-08,1.2533e-07,1.2417e-08,1.7893e-08,2.5153e-08,-2.0325e-09
0,0,0.2,0.20944,0.034907,2.5802e-08,-1.7148e-08,-2.8826e-08,-2.9148e-08,9.6511e-08,1.3942e-08,1.3565e-08,9.7867e-09,-1.0445e-08
0,0,-0.2,0.29671,0.034907,3.8232e-09,-2.1896e-08,3.5748e-09,1.6791e-08,2.4003e-08,1.5942e-08,5.8329e-08,1.3927e-08,4.1269e-08
-0.1,-0.1,-0.1,0.29671,0.034907,8.3972e-09,-2.2937e-08,-9.3435e-09,2.1589e-08,2.0055e-08,4.7253e-08,6.9367e-08,-3.6755e-09,7.9311e-09
0,-0.1,-0.1,0.29671,0.034907,1.1185e-08,-1.9613e-08,-1.3283e-08,3.0794e-08,2.4652e-08,3.0221e-08,4.6143e-08,1.2134e-08,3.4766e-09
0.1,-0.1,-0.1,0.29671,0.034907,1.4477e-08,-1.616e-08,-1.9268e-08,3.7582e-08,2.7415e-08,1.9722e-08,3.0523e-08,3.1239e-08,6.2677e-10
-0.1,0,-0.1,0.29671,0.034907,9.8384e-09,-3.4696e-08,-6.9446e-09,1.1709e-08,2.6598e-08,3.2449e-08,7.5794e-08,-5.3239e-09,1.5134e-08
0,0,-0.1,0.29671,0.034907,1.3757e-08,-2.8378e-08,-8.9436e-09,1.6064e-08,3.3194e-08,2.2779e-08,4.8514e-08,1.8597e-08,1.6105e-08
0.1,0,-0.1,0.29671,0.034907,1.8832e-08,-2.2283e-08,-1.074e-08,1.8975e-08,3.731e-08,1.59e-08,3.1279e-08,4.8944e-08,1.7032e-08
-0.1,0.1,-0.1,0.29671,0.034907,1.1076e-08,-5.4519e-08,-4.7071e-09,5.5315e-09,3.1678e-08,2.2493e-08,6.979e-08,-8.5594e-09,1.5335e-08
0,0.1,-0.1,0.29671,0.034907,1.6132e-08,-4.192e-08,-5.2613e-09,7.4442e-09,3.9922e-08,1.697e-08,4.4941e-08,2.3428e-08,1.7046e-08
0.1,0.1,-0.1,0.29671,0.034907,2.3291e-08,-3.092e-08,-4.6365e-09,8.5781e-09,4.5173e-08,1.2577e-08,2.9124e-08,6.6289e-08,1.8259e-08
0,-0.2,0,0.29671,0.034907,1.2502e-08,-1.3974e-08,-2.7247e-08,6.2781e-08,1.8611e-08,4.9971e-08,2.8502e-08,8.2345e-09,-4.345e-08
-0.1,-0.1,0,0.29671,0.034907,1.2104e-08,-2.3733e-08,-1.5785e-08,1.7045e-08,2.3928e-08,5.4803e-08,4.1272e-08,1.5778e-09,-7.498e-09
0,-0.1,0,0.29671,0.034907,1.6762e-08,-2.0088e-08,-2.5109e-08,2.8615e-08,3.1468e-08,3.5526e-08,3.2703e-08,1.2115e-08,-1.3725e-08
0.1,-0.1,0,0.29671,0.034907,2.2482e-08,-1.6404e-08,-4.3407e-08,3.8012e-08,3.6392e-08,2.3238e-08,2.4282e-08,2.3726e-08,-1.7361e-08
-0.2,0,0,0.29671,0.034907,1.0196e-08,-4.351e-08,-9.1985e-09,2.4353e-09,2.3196e-08,4.732e-08,4.7251e-08,-7.4284e-09,4.0082e-09
-0.1,0,0,0.29671,0.034907,1.5143e-08,-3.7301e-08,-1.3448e-08,6.2542e-09,3.4654e-08,3.5357e-08,4.4258e-08,1.7607e-09,2.6119e-09
0,0,0,0.29671,0.034907,2.2585e-08,-2.9967e-08,-2.0726e-08,1.0541e-08,4.6683e-08,2.5219e-08,3.4229e-08,1.6177e-08,1.1176e-09
0.1,0,0,0.29671,0.034907,3.2926e-08,-2.3166e-08,-3.4217e-08,1.3522e-08,5.4972e-08,1.777e-08,2.4943e-08,3.2466e-08,5.0214e-10
0.2,0,0,0.29671,0.034907,4.5015e-08,-1.7601e-08,-6.1955e-08,1.3292e-08,5.513e-08,1.2623e-08,1.7952e-08,4.4622e-08,1.4877e-09
-0.1,0.1,0,0.29671,0.034907,1.8451e-08,-6.2589e-08,-1.0684e-08,7.5713e-10,4.3607e-08,2.3659e-08,4.1744e-08,9.5978e-10,6.6927e-09
0,0.1,0,0.29671,0.034907,3.0107e-08,-4.6483e-08,-1.5652e-08,2.142e-09,5.9736e-08,1.8106e-08,3.2313e-08,1.8714e-08,6.8172e-09
0.1,0.1,0,0.29671,0.034907,4.9219e-08,-3.3309e-08,-2.4021e-08,2.9015e-09,7.1213e-08,1.3564e-08,2.3598e-08,3.9338e-08,7.0794e-09
0,0.2,0,0.29671,0.034907,3.8565e-08,-7.4604e-08,-1.1182e-08,-1.3977e-09,6.4719e-08,1.323e-08,2.7664e-08,1.7673e-08,8.1338e-09
-0.1,-0.1,0.1,0.29671,0.034907,1.4112e-08,-1.9974e-08,-1.9544e-08,2.2016e-09,2.5969e-08,4.2977e-08,2.2258e-08,3.4916e-09,-1.27e-08
0,-0.1,0.1,0.29671,0.034907,1.974e-08,-1.706e-08,-3.1215e-08,1.1743e-08,3.7935e-08,3.0291e-08,2.1089e-08,1.0401e-08,-1.7626e-08
0.1,-0.1,0.1,0.29671,0.034907,2.6693e-08,-1.4118e-08,-5.3697e-08,2.0509e-08,4.6628e-08,2.1099e-08,1.767e-08,1.7582e-08,-2.0275e-08
-0.1,0,0.1,0.29671,0.034907,1.7746e-08,-3.042e-08,-1.7572e-08,-4.874e-09,4.3309e-08,2.9225e-08,2.3436e-08,3.985e-09,-3.8674e-09
0,0,0.1,0.29671,0.034907,2.6851e-08,-2.4837e-08,-2.7577e-08,-2.9906e-09,6.5661e-08,2.1984e-08,2.1899e-08,1.2767e-08,-5.8233e-09
0.1,0,0.1,0.29671,0.034907,3.9614e-08,-1.9602e-08,-4.6252e-08,-1.7883e-09,8.3307e-08,1.6203e-08,1.8115e-08,2.202e-08,-6.7195e-09
-0.1,0.1,0.1,0.29671,0.034907,2.1562e-08,-4.8891e-08,-1.4745e-08,-6.8818e-09,5.9394e-08,2.0302e-08,2.2526e-08,3.7866e-09,1.0588e-09
0,0.1,0.1,0.29671,0.034907,3.594e-08,-3.7404e-08,-2.2289e-08,-7.0505e-09,9.2755e-08,1.6097e-08,2.0967e-08,1.4012e-08,5.0454e-10
0.1,0.1,0.1,0.29671,0.034907,5.9835e-08,-2.7696e-08,-3.5401e-08,-7.4396e-09,1.2058e-07,1.2455e-08,1.7339e-08,2.4958e-08,3.5733e-10
0,0,0.2,0.29671,0.034907,2.5484e-08,-1.4844e-08,-2.8168e-08,-2.5074e-08,8.7497e-08,1.4916e-08,1.3208e-08,9.8369e-09,-8.2048e-09
0,0,-0.2,0.034907,0.12217,-2.4533e-09,-1.7689e-08,1.763e-09,1.0845e-08,2.6811e-08,2.1062e-08,5.9161e-08,8.4044e-09,2.5059e-08
-0.1,-0.1,-0.1,0.034907,0.12217,5.5821e-09,-2.1054e-08,-8.7839e-09,1.338e-08,2.4524e-08,5.4568e-08,6.8111e-08,-4.9257e-09,-9.4046e-09
0,-0.1,-0.1,0.034907,0.12217,6.1267e-09,-1.8402e-08,-1.2455e-08,2.0335e-08,3.0139e-08,3.7031e-08,4.5159e-08,8.4935e-09,-2.1146e-08
0.1,-0.1,-0.1,0.034907,0.12217,6.3787e-09,-1.5481e-08,-1.7978e-08,2.5493e-08,3.3559e-08,2.5169e-08,2.9855e-08,2.4845e-08,-2.8719e-08
-0.1,0,-0.1,0.034907,0.12217,7.2025e-09,-3.1189e-08,-8.1062e-09,4.9776e-09,3.0145e-08,3.5215e-08,7.8076e-08,-6.062e-09,3.3902e-09
0,0,-0.1,0.034907,0.12217,7.836e-09,-2.6277e-08,-1.1221e-08,7.8604e-09,3.7697e-08,2.616e-08,4.9848e-08,1.547e-08,8.9641e-10
0.1,0,-0.1,0.034907,0.12217,7.6757e-09,-2.1192e-08,-1.5604e-08,9.7794e-09,4.2455e-08,1.9126e-08,3.2104e-08,4.286e-08,-7.1999e-11
-0.1,0.1,-0.1,0.034907,0.12217,9.5349e-09,-4.7675e-08,-7.2507e-09,3.5478e-10,3.3561e-08,2.3369e-08,7.5813e-08,-8.2979e-09,7.7168e-09
0,0.1,-0.1,0.034907,0.12217,1.0219e-08,-3.8255e-08,-9.7974e-09,1.3747e-09,4.246e-08,1.8551e-08,4.8713e-08,2.2423e-08,7.8401e-09
0.1,0.1,-0.1,0.034907,0.12217,8.5276e-09,-2.9225e-08,-1.328e-08,1.9466e-09,4.8168e-08,1.4393e-08,3.1506e-08,6.3465e-08,8.3255e-09
0,-0.2,0,0.034907,0.12217,9.0927e-09,-1.4516e-08,-2.4183e-08,4.2526e-08,2.6867e-08,5.7839e-08,2.7708e-08,5.9114e-09,-6.4498e-08
-0.1,-0.1,0,0.034907,0.12217,1.0038e-08,-2.4322e-08,-1.5432e-08,5.643e-09,3.0646e-08,5.5161e-08,4.1722e-08,5.3148e-10,-2.0417e-08
0,-0.1,0,0.034907,0.12217,1.2709e-08,-2.0826e-08,-2.4648e-08,1.3146e-08,4.0187e-08,3.8644e-08,3.276e-08,9.8375e-09,-3.0669e-08
0.1,-0.1,0,0.034907,0.12217,1.5653e-08,-1.7167e-08,-4.2842e-08,1.933e-08,4.6502e-08,2.6754e-08,2.423e-08,2.0134e-08,-3.667e-08
-0.2,0,0,0.034907,0.12217,1.0073e-08,-4.3704e-08,-9.8688e-09,-3.8203e-09,2.6903e-08,4.2241e-08,4.9962e-08,-7.3398e-09,-3.2618e-09
-0.1,0,0,0.034907,0.12217,1.3577e-08,-3.8058e-08,-1.4657e-08,-2.1928e-09,4.0226e-08,3.4058e-08,4.6149e-08,1.1664e-09,-7.1873e-09
0,0,0,0.034907,0.12217,1.8205e-08,-3.0994e-08,-2.3052e-08,-1.5171e-10,5.4281e-08,2.6073e-08,3.5503e-08,1.4533e-08,-1.1004e-08
0.1,0,0,0.034907,0.12217,2.3826e-08,-2.421e-08,-3.9088e-08,1.24e-09,6.406e-08,1.9484e-08,2.5804e-08,2.9639e-08,-1.2838e-08
0.2,0,0,0.034907,0.12217,2.9603e-08,-1.8528e-08,-7.3402e-08,8.1674e-10,6.4406e-08,1.4482e-08,1.8546e-08,4.0926e-08,-1.131e-08
-0.1,0.1,0,0.034907,0.12217,1.8436e-08,-6.3508e-08,-1.3143e-08,-5.2208e-09,4.6579e-08,2.2108e-08,4.4993e-08,1.1448e-09,-3.005e-10
0,0.1,0,0.034907,0.12217,2.6624e-08,-4.7947e-08,-1.9987e-08,-5.0244e-09,6.4132e-08,1.8002e-08,3.4789e-08,1.8492e-08,-1.4273e-09
0.1,0.1,0,0.034907,0.12217,3.7972e-08,-3.4756e-08,-3.2166e-08,-5.0282e-09,7.6716e-08,1.4261e-08,2.5373e-08,3.8576e-08,-1.7447e-09
0,0.2,0,0.034907,0.12217,3.9263e-08,-7.6755e-08,-1.6374e-08,-6.2011e-09,6.4488e-08,1.2768e-08,3.0896e-08,1.9421e-08,2.609e-09
-0.1,-0.1,0.1,0.034907,0.12217,1.3064e-08,-2.3124e-08,-1.932e-08,-1.2082e-08,3.6108e-08,3.6895e-08,2.3099e-08,2.7446e-09,-2.1796e-08
0,-0.1,0.1,0.034907,0.12217,1.7225e-08,-1.9776e-08,-3.0951e-08,-8.9631e-09,5.2134e-08,2.9518e-08,2.153e-08,9.0133e-09,-2.8832e-08
0.1,-0.1,0.1,0.034907,0.12217,2.208e-08,-1.6315e-08,-5.3421e-08,-5.7306e-09,6.3935e-08,2.2385e-08,1.791e-08,1.5541e-08,-3.2616e-08
-0.1,0,0.1,0.034907,0.12217,1.7577e-08,-3.5712e-08,-1.863e-08,-1.4347e-08,5.2252e-08,2.4297e-08,2.4729e-08,3.6171e-09,-1.1429e-08
0,0,0.1,0.034907,0.12217,2.4817e-08,-2.9086e-08,-2.9501e-08,-1.5394e-08,7.9187e-08,2.0354e-08,2.2901e-08,1.1921e-08,-1.4803e-08
0.1,0,0.1,0.034907,0.12217,3.4295e-08,-2.2785e-08,-4.9978e-08,-1.6334e-08,1.0067e-07,1.6313e-08,1.8863e-08,2.0664e-08,-1.6404e-08
-0.1,0.1,0.1,0.034907,0.12217,2.336e-08,-5.8423e-08,-1.6842e-08,-1.3039e-08,6.4212e-08,1.6608e-08,2.4171e-08,3.9898e-09,-4.8038e-09
0,0.1,0.1,0.034907,0.12217,3.5953e-08,-4.4265e-08,-2.5828e-08,-1.4546e-08,1.0097e-07,1.4395e-08,2.2485e-08,1.4094e-08,-6.2332e-09
0.1,0.1,0.1,0.034907,0.12217,5.5216e-08,-3.231e-08,-4.1653e-08,-1.579e-08,1.3189e-07,1.2025e-08,1.8576e-08,2.4873e-08,-6.7774e-09
0,0,0.2,0.034907,0.12217,2.5788e-08,-2.132e-08,-2.9432e-08,-3.6551e-08,1.1267e-07,1.1608e-08,1.3927e-08,9.4116e-09,-1.4679e-08
0,0,-0.2,0.12217,0.12217,-6.7592e-10,-1.9333e-08,2.8186e-09,1.2971e-08,2.6139e-08,1.9469e-08,5.9706e-08,9.5332e-09,3.0787e-08
-0.1,-0.1,-0.1,0.12217,0.12217,6.3841e-09,-2.188e-08,-8.7545e-09,1.6396e-08,2.3337e-08,5.2314e-08,6.9076e-08,-4.8346e-09,-3.3109e-09
0,-0.1,-0.1,0.12217,0.12217,7.6513e-09,-1.8984e-08,-1.2378e-08,2.4117e-08,2.8616e-08,3.4922e-08,4.5936e-08,9.4298e-09,-1.2752e-08
0.1,-0.1,-0.1,0.12217,0.12217,8.9117e-09,-1.5859e-08,-1.7778e-08,2.9773e-08,3.1783e-08,2.349e-08,3.0419e-08,2.6849e-08,-1.8996e-08
-0.1,0,-0.1,0.12217,0.12217,7.8835e-09,-3.2665e-08,-7.4989e-09,7.3664e-09,2.9336e-08,3.4391e-08,7.7974e-08,-6.2381e-09,7.5261e-09
0,0,-0.1,0.12217,0.12217,9.5472e-09,-2.7246e-08,-1.0108e-08,1.0732e-08,3.6586e-08,2.5118e-08,4.9914e-08,1.6166e-08,6.1234e-09
0.1,0,-0.1,0.12217,0.12217,1.1087e-08,-2.1774e-08,-1.3371e-08,1.2944e-08,4.1094e-08,1.8127e-08,3.2204e-08,4.4792e-08,5.6767e-09
-0.1,0.1,-0.1,0.12217,0.12217,9.7746e-09,-5.0465e-08,-6.2058e-09,2.1469e-09,3.3353e-08,2.3137e-08,7.442e-08,-8.906e-09,1.0411e-08
0,0.1,-0.1,0.12217,0.12217,1.1769e-08,-3.9898e-08,-7.986e-09,3.4516e-09,4.2059e-08,1.8073e-08,4.7945e-08,2.2341e-08,1.1031e-08
0.1,0.1,-0.1,0.12217,0.12217,1.2865e-08,-3.0111e-08,-9.9248e-09,4.1833e-09,4.7582e-08,1.3832e-08,3.1075e-08,6.4365e-08,1.1707e-08
0,-0.2,0,0.12217,0.12217,1.0166e-08,-1.4453e-08,-2.5068e-08,4.9985e-08,2.4402e-08,5.5348e-08,2.8157e-08,6.5546e-09,-5.7604e-08
-0.1,-0.1,0,0.12217,0.12217,1.0633e-08,-2.4322e-08,-1.5425e-08,9.7139e-09,2.882e-08,5.5047e-08,4.1766e-08,6.7546e-10,-1.599e-08
0,-0.1,0,0.12217,0.12217,1.3956e-08,-2.0748e-08,-2.4614e-08,1.8588e-08,3.7714e-08,3.7647e-08,3.2975e-08,1.0442e-08,-2.503e-08
0.1,-0.1,0,0.12217,0.12217,1.7835e-08,-1.7049e-08,-4.2729e-08,2.5769e-08,4.3515e-08,2.5643e-08,2.4462e-08,2.1278e-08,-3.0421e-08
-0.2,0,0,0.12217,0.12217,1.0019e-08,-4.3984e-08,-9.5534e-09,-1.6371e-09,2.6112e-08,4.3961e-08,4.9056e-08,-7.6177e-09,-6.9562e-10
-0.1,0,0,0.12217,0.12217,1.3966e-08,-3.811e-08,-1.4122e-08,7.2998e-10,3.8914e-08,3.45e-08,4.5743e-08,1.1161e-09,-3.813e-09
0,0,0,0.12217,0.12217,1.9494e-08,-3.09e-08,-2.2079e-08,3.502e-09,5.2344e-08,2.5804e-08,3.5338e-08,1.4903e-08,-6.926e-09
0.1,0,0,0.12217,0.12217,2.6676e-08,-2.4053e-08,-3.7152e-08,5.3673e-09,6.158e-08,1.8939e-08,2.5749e-08,3.0551e-08,-8.447e-09
0.2,0,0,0.12217,0.12217,3.4614e-08,-1.8363e-08,-6.9067e-08,4.9237e-09,6.1711e-08,1.3896e-08,1.8539e-08,4.231e-08,-7.1832e-09
-0.1,0.1,0,0.12217,0.12217,1.8264e-08,-6.3705e-08,-1.2204e-08,-3.2001e-09,4.6225e-08,2.2637e-08,4.4115e-08,7.9286e-10,2.1198e-09
0,0.1,0,0.12217,0.12217,2.7513e-08,-4.7842e-08,-1.8373e-08,-2.6281e-09,6.3385e-08,1.8046e-08,3.4211e-08,1.8364e-08,1.3718e-09
0.1,0.1,0,0.12217,0.12217,4.1358e-08,-3.4548e-08,-2.9211e-08,-2.4137e-09,7.5564e-08,1.4042e-08,2.5006e-08,3.8823e-08,1.1981e-09
0,0.2,0,0.12217,0.12217,3.8641e-08,-7.6651e-08,-1.4523e-08,-4.6235e-09,6.5299e-08,1.2929e-08,3.0021e-08,1.8611e-08,4.5008e-09
-0.1,-0.1,0.1,0.12217,0.12217,1.3367e-08,-2.2236e-08,-1.9365e-08,-7.1582e-09,3.3286e-08,3.8704e-08,2.2837e-08,2.8638e-09,-1.8746e-08
0,-0.1,0.1,0.12217,0.12217,1.8021e-08,-1.9e-08,-3.1021e-08,-1.9177e-09,4.801e-08,2.9662e-08,2.1477e-08,9.3866e-09,-2.518e-08
0.1,-0.1,0.1,0.12217,0.12217,2.36e-08,-1.5683e-08,-5.3542e-08,3.023e-09,5.8702e-08,2.1917e-08,1.7947e-08,1.6199e-08,-2.8703e-08
-0.1,0,0.1,0.12217,0.12217,1.7571e-08,-3.4184e-08,-1.8237e-08,-1.1174e-08,5.0071e-08,2.5835e-08,2.4317e-08,3.5895e-09,-8.8739e-09
0,0,0.1,0.12217,0.12217,2.5427e-08,-2.7846e-08,-2.8823e-08,-1.1285e-08,7.562e-08,2.0826e-08,2.2669e-08,1.2105e-08,-1.1836e-08
0.1,0,0.1,0.12217,0.12217,3.6024e-08,-2.1853e-08,-4.873e-08,-1.1592e-08,9.5773e-08,1.624e-08,1.8738e-08,2.1107e-08,-1.3273e-08
-0.1,0.1,0.1,0.12217,0.12217,2.2691e-08,-5.5597e-08,-1.6105e-08,-1.1024e-08,6.3599e-08,1.779e-08,2.3634e-08,3.7528e-09,-2.8099e-09
0,0.1,0.1,0.12217,0.12217,3.5852e-08,-4.2218e-08,-2.4615e-08,-1.2117e-08,9.9466e-08,1.492e-08,2.2075e-08,1.396e-08,-3.984e-09
0.1,0.1,0.1,0.12217,0.12217,5.6664e-08,-3.0934e-08,-3.9567e-08,-1.3121e-08,1.2936e-07,1.2142e-08,1.8284e-08,2.4903e-08,-4.4374e-09
0,0,0.2,0.12217,0.12217,2.5701e-08,-1.9238e-08,-2.9094e-08,-3.2933e-08,1.0579e-07,1.2564e-08,1.3705e-08,9.4968e-09,-1.2575e-08
0,0,-0.2,0.20944,0.12217,1.1053e-09,-2.0834e-08,3.8534e-09,1.5004e-08,2.5265e-08,1.7726e-08,5.9792e-08,1.0596e-08,3.6275e-08
-0.1,-0.1,-0.1,0.20944,0.12217,7.1386e-09,-2.2548e-08,-8.6584e-09,1.9298e-08,2.1972e-08,4.9673e-08,6.9503e-08,-4.7047e-09,2.774e-09
0,-0.1,-0.1,0.20944,0.12217,9.1195e-09,-1.943e-08,-1.2207e-08,2.773e-08,2.6876e-08,3.2549e-08,4.6359e-08,1.0297e-08,-4.3259e-09
0.1,-0.1,-0.1,0.20944,0.12217,1.138e-08,-1.6122e-08,-1.7443e-08,3.3844e-08,2.9766e-08,2.1633e-08,3.075e-08,2.8653e-08,-9.2162e-09
-0.1,0,-0.1,0.20944,0.12217,8.5061e-09,-3.391e-08,-6.8346e-09,9.7077e-09,2.8301e-08,3.3314e-08,7.7255e-08,-6.363e-09,1.1591e-08
0,0,-0.1,0.20944,0.12217,1.1188e-08,-2.802e-08,-8.919e-09,1.3534e-08,3.519e-08,2.3888e-08,4.9594e-08,1.6736e-08,1.128e-08
0.1,0,-0.1,0.20944,0.12217,1.4417e-08,-2.2198e-08,-1.1036e-08,1.6024e-08,3.9415e-08,1.6991e-08,3.2056e-08,4.6373e-08,1.1353e-08
-0.1,0.1,-0.1,0.20944,0.12217,9.9422e-09,-5.2903e-08,-5.1138e-09,3.9284e-09,3.2884e-08,2.2735e-08,7.2443e-08,-9.4391e-09,1.3022e-08
0,0.1,-0.1,0.20944,0.12217,1.3232e-08,-4.1258e-08,-6.1136e-09,5.5097e-09,4.1328e-08,1.7462e-08,4.6805e-08,2.2079e-08,1.4132e-08
0.1,0.1,-0.1,0.20944,0.12217,1.7107e-08,-3.0778e-08,-6.4921e-09,6.3969e-09,4.6619e-08,1.3168e-08,3.0405e-08,6.4737e-08,1.4992e-08
0,-0.2,0,0.20944,0.12217,1.1165e-08,-1.4284e-08,-2.5763e-08,5.7105e-08,2.1759e-08,5.245e-08,2.8388e-08,7.1491e-09,-5.0313e-08
-0.1,-0.1,0,0.20944,0.12217,1.115e-08,-2.4148e-08,-1.5302e-08,1.3731e-08,2.6778e-08,5.4544e-08,4.1481e-08,8.1508e-10,-1.1463e-08
0,-0.1,0,0.20944,0.12217,1.5101e-08,-2.052e-08,-2.4393e-08,2.3922e-08,3.4957e-08,3.6374e-08,3.2933e-08,1.0966e-08,-1.9236e-08
0.1,-0.1,0,0.20944,0.12217,1.989e-08,-1.6807e-08,-4.2291e-08,3.2057e-08,4.0203e-08,2.4342e-08,2.4505e-08,2.226e-08,-2.3984e-08
-0.2,0,0,0.20944,0.12217,9.8896e-09,-4.3962e-08,-9.1655e-09,5.659e-10,2.512e-08,4.5376e-08,4.7746e-08,-7.8353e-09,1.8681e-09
-0.1,0,0,0.20944,0.12217,1.4251e-08,-3.7897e-08,-1.348e-08,3.6598e-09,3.73e-08,3.4694e-08,4.4972e-08,1.0579e-09,-4.2311e-10
0,0,0,0.20944,0.12217,2.0641e-08,-3.0586e-08,-2.0939e-08,7.1484e-09,5.0002e-08,2.5346e-08,3.4897e-08,1.5156e-08,-2.8148e-09
0.1,0,0,0.20944,0.12217,2.9336e-08,-2.3722e-08,-3.4938e-08,9.4782e-09,5.8624e-08,1.8254e-08,2.5495e-08,3.1222e-08,-4.0151e-09
0.2,0,0,0.20944,0.12217,3.9388e-08,-1.8063e-08,-6.422e-08,9.0176e-09,5.8541e-08,1.3205e-08,1.839e-08,4.3361e-08,-3.0236e-09
-0.1,0.1,0,0.20944,0.12217,1.7955e-08,-6.3473e-08,-1.1173e-08,-1.1482e-09,4.5508e-08,2.3003e-08,4.2889e-08,4.3619e-10,4.5175e-09
0,0.1,0,0.20944,0.12217,2.8201e-08,-4.7401e-08,-1.6622e-08,-2.0245e-10,6.2136e-08,1.7957e-08,3.3367e-08,1.809e-08,4.1514e-09
0.1,0.1,0,0.20944,0.12217,4.4453e-08,-3.4091e-08,-2.6039e-08,2.3043e-10,7.3811e-08,1.3718e-08,2.4446e-08,3.8757e-08,4.1216e-09
0,0.2,0,0.20944,0.12217,3.7735e-08,-7.6022e-08,-1.2562e-08,-3.0063e-09,6.5588e-08,1.2996e-08,2.8915e-08,1.7654e-08,6.3548e-09
-0.1,-0.1,0.1,0.20944,0.12217,1.3571e-08,-2.1187e-08,-1.9263e-08,-2.1514e-09,3.0218e-08,4.0239e-08,2.2393e-08,2.9612e-09,-1.5566e-08
0,-0.1,0.1,0.20944,0.12217,1.8685e-08,-1.8086e-08,-3.0854e-08,5.1986e-09,4.3535e-08,2.9591e-08,2.1256e-08,9.6876e-09,-2.1353e-08
0.1,-0.1,0.1,0.20944,0.12217,2.495e-08,-1.4936e-08,-5.3254e-08,1.1839e-08,5.3044e-08,2.1286e-08,1.7845e-08,1.6733e-08,-2.459e-08
-0.1,0,0.1,0.20944,0.12217,1.7434e-08,-3.2411e-08,-1.7706e-08,-7.9035e-09,4.7506e-08,2.7187e-08,2.3711e-08,3.5343e-09,-6.2608e-09
0,0,0.1,0.20944,0.12217,2.585e-08,-2.6405e-08,-2.7928e-08,-7.0699e-09,7.1473e-08,2.1145e-08,2.2259e-08,1.2195e-08,-8.792e-09
0.1,0,0.1,0.20944,0.12217,3.7492e-08,-2.0761e-08,-4.7117e-08,-6.7337e-09,9.0146e-08,1.6047e-08,1.8468e-08,2.1385e-08,-1.0055e-08
-0.1,0.1,0.1,0.20944,0.12217,2.185e-08,-5.238e-08,-1.5246e-08,-8.92e-09,6.2482e-08,1.8843e-08,2.2909e-08,3.4869e-09,-8.0052e-10
0,0.1,0.1,0.20944,0.12217,3.5484e-08,-3.9867e-08,-2.3218e-08,-9.5886e-09,9.717e-08,1.5337e-08,2.1492e-08,1.3715e-08,-1.7119e-09
0.1,0.1,0.1,0.20944,0.12217,5.7702e-08,-2.9333e-08,-3.7188e-08,-1.0343e-08,1.2578e-07,1.2168e-08,1.785e-08,2.4735e-08,-2.0718e-09
0,0,0.2,0.20944,0.12217,2.542e-08,-1.7011e-08,-2.8535e-08,-2.9061e-08,9.8117e-08,1.3427e-08,1.3375e-08,9.508e-09,-1.0381e-08
0,0,-0.2,0.29671,0.12217,2.8776e-09,-2.2183e-08,4.8595e-09,1.6927e-08,2.4196e-08,1.5844e-08,5.9418e-08,1.1585e-08,4.1495e-08
-0.1,-0.1,-0.1,0.29671,0.12217,7.8402e-09,-2.3056e-08,-8.4965e-09,2.206e-08,2.0442e-08,4.6656e-08,6.9382e-08,-4.536e-09,8.8095e-09
0,-0.1,-0.1,0.29671,0.12217,1.0521e-08,-1.9735e-08,-1.1944e-08,3.1142e-08,2.4935e-08,2.9928e-08,4.6423e-08,1.1087e-08,4.0768e-09
0.1,-0.1,-0.1,0.29671,0.12217,1.3765e-08,-1.6267e-08,-1.6975e-08,3.7669e-08,2.7526e-08,1.961e-08,3.0844e-08,3.0237e-08,5.5561e-10
-0.1,0,-0.1,0.29671,0.12217,9.0658e-09,-3.4918e-08,-6.1183e-09,1.1983e-08,2.7048e-08,3.1988e-08,7.5925e-08,-6.4347e-09,1.5559e-08
0,0,-0.1,0.29671,0.12217,1.2748e-08,-2.8594e-08,-7.6615e-09,1.6244e-08,3.3525e-08,2.2478e-08,4.8887e-08,1.7176e-08,1.6335e-08
0.1,0,-0.1,0.29671,0.12217,1.7644e-08,-2.2461e-08,-8.616e-09,1.8995e-08,3.7433e-08,1.5726e-08,3.1661e-08,4.7584e-08,1.6921e-08
-0.1,0.1,-0.1,0.29671,0.12217,1.0036e-08,-5.498e-08,-3.9827e-09,5.6856e-09,3.216e-08,2.2165e-08,6.99e-08,-9.8918e-09,1.5534e-08
0,0.1,-0.1,0.29671,0.12217,1.46e-08,-4.2328e-08,-4.194e-09,7.5333e-09,4.0274e-08,1.6719e-08,4.5304e-08,2.1641e-08,1.7124e-08
0.1,0.1,-0.1,0.29671,0.12217,2.1228e-08,-3.1224e-08,-3.0071e-09,8.5703e-09,4.5293e-08,1.2404e-08,2.9502e-08,6.4575e-08,1.8161e-08
0,-0.2,0,0.29671,0.12217,1.2082e-08,-1.401e-08,-2.6262e-08,6.3817e-08,1.8959e-08,4.9164e-08,2.84e-08,7.6898e-09,-4.2688e-08
-0.1,-0.1,0,0.29671,0.12217,1.1584e-08,-2.3802e-08,-1.5062e-08,1.7663e-08,2.4535e-08,5.3651e-08,4.0866e-08,9.4941e-10,-6.8714e-09
0,-0.1,0,0.29671,0.12217,1.6135e-08,-2.0143e-08,-2.3986e-08,2.9104e-08,3.1942e-08,3.4833e-08,3.2634e-08,1.1406e-08,-1.3331e-08
0.1,-0.1,0,0.29671,0.12217,2.1801e-08,-1.6442e-08,-4.1533e-08,3.814e-08,3.6596e-08,2.2859e-08,2.4358e-08,2.3068e-08,-1.7409e-08
-0.2,0,0,0.29671,0.12217,9.6859e-09,-4.3636e-08,-8.7081e-09,2.7723e-09,2.3935e-08,4.6473e-08,4.6044e-08,-7.9904e-09,4.4112e-09
-0.1,0,0,0.29671,0.12217,1.443e-08,-3.7418e-08,-1.2736e-08,6.5748e-09,3.5401e-08,3.4638e-08,4.3844e-08,9.9271e-10,2.9584e-09
0,0,0,0.29671,0.12217,2.1636e-08,-3.0053e-08,-1.9641e-08,1.076e-08,4.7278e-08,2.4701e-08,3.4184e-08,1.529e-08,1.3002e-09
0.1,0,0,0.29671,0.12217,3.1787e-08,-2.3219e-08,-3.2461e-08,1.3541e-08,5.5223e-08,1.7433e-08,2.5044e-08,3.1645e-08,4.2635e-10
0.2,0,0,0.29671,0.12217,4.3891e-08,-1.7629e-08,-5.8896e-08,1.3067e-08,5.4929e-08,1.2416e-08,1.8099e-08,4.4068e-08,1.1398e-09
-0.1,0.1,0,0.29671,0.12217,1.7512e-08,-6.2809e-08,-1.0057e-08,9.1991e-10,4.4435e-08,2.3201e-08,4.1326e-08,7.8141e-11,6.876e-09
0,0.1,0,0.29671,0.12217,2.8683e-08,-4.6628e-08,-1.4746e-08,2.2352e-09,6.0399e-08,1.7736e-08,3.2264e-08,1.7672e-08,6.8926e-09
0.1,0.1,0,0.29671,0.12217,4.7234e-08,-3.3388e-08,-2.2672e-08,2.8853e-09,7.1475e-08,1.3292e-08,2.3697e-08,3.8379e-08,7.0059e-09
0,0.2,0,0.29671,0.12217,3.655e-08,-7.4867e-08,-1.0508e-08,-1.3609e-09,6.5353e-08,1.2966e-08,2.7587e-08,1.6559e-08,8.1585e-09
-0.1,-0.1,0.1,0.29671,0.12217,1.3673e-08,-1.9982e-08,-1.9015e-08,2.903e-09,2.693e-08,4.149e-08,2.177e-08,3.0361e-09,-1.2279e-08
0,-0.1,0.1,0.29671,0.12217,1.921e-08,-1.7038e-08,-3.0453e-08,1.2335e-08,3.8749e-08,2.9305e-08,2.0869e-08,9.9134e-09,-1.7381e-08
0.1,-0.1,0.1,0.29671,0.12217,2.6117e-08,-1.4077e-08,-5.2561e-08,2.0655e-08,4.7015e-08,2.0499e-08,1.7605e-08,1.7136e-08,-2.0311e-08
-0.1,0,0.1,0.29671,0.12217,1.7166e-08,-3.0403e-08,-1.7042e-08,-4.5573e-09,4.4581e-08,2.8344e-08,2.2916e-08,3.4519e-09,-3.609e-09
0,0,0.1,0.29671,0.12217,2.608e-08,-2.4769e-08,-2.6822e-08,-2.7747e-09,6.6788e-08,2.1311e-08,2.1675e-08,1.2189e-08,-5.693e-09
0.1,0,0.1,0.29671,0.12217,3.8688e-08,-1.9515e-08,-4.515e-08,-1.7893e-09,8.3848e-08,1.5735e-08,1.8055e-08,2.1494e-08,-6.7734e-09
-0.1,0.1,0.1,0.29671,0.12217,2.0843e-08,-4.8784e-08,-1.4272e-08,-6.741e-09,6.0876e-08,1.976e-08,2.2005e-08,3.1946e-09,1.2099e-09
0,0.1,0.1,0.29671,0.12217,3.485e-08,-3.7224e-08,-2.1648e-08,-6.9766e-09,9.4105e-08,1.564e-08,2.0742e-08,1.3363e-08,5.6654e-10
0.1,0.1,0.1,0.29671,0.12217,5.8317e-08,-2.7513e-08,-3.4534e-08,-7.4732e-09,1.2121e-07,1.2104e-08,1.7278e-08,2.4371e-08,3.0223e-10
0,0,0.2,0.29671,0.12217,2.4946e-08,-1.4651e-08,-2.776e-08,-2.4952e-08,8.9737e-08,1.4191e-08,1.294e-08,9.4449e-09,-8.116e-09
0,0,-0.2,0.034907,0.20944,-2.5718e-09,-1.7718e-08,1.9129e-09,1.0854e-08,2.6836e-08,2.1055e-08,5.9287e-08,8.1249e-09,2.5067e-08
-0.1,-0.1,-0.1,0.034907,0.20944,5.5132e-09,-2.1065e-08,-8.6827e-09,1.3426e-08,2.4573e-08,5.4504e-08,6.8108e-08,-5.028e-09,-9.3166e-09
0,-0.1,-0.1,0.034907,0.20944,6.0429e-09,-1.8414e-08,-1.2295e-08,2.0364e-08,3.0177e-08,3.7003e-08,4.5189e-08,8.3666e-09,-2.1097e-08
0.1,-0.1,-0.1,0.034907,0.20944,6.2861e-09,-1.5492e-08,-1.7704e-08,2.5489e-08,3.3577e-08,2.5161e-08,2.9891e-08,2.4721e-08,-2.8757e-08
-0.1,0,-0.1,0.034907,0.20944,7.1083e-09,-3.121e-08,-8.0092e-09,5.0024e-09,3.0201e-08,3.5163e-08,7.809e-08,-6.1933e-09,3.4286e-09
0,0,-0.1,0.034907,0.20944,7.7104e-09,-2.6299e-08,-1.1071e-08,7.8727e-09,3.774e-08,2.6128e-08,4.9891e-08,1.53e-08,9.082e-10
0.1,0,-0.1,0.034907,0.20944,7.5236e-09,-2.121e-08,-1.5357e-08,9.7718e-09,4.2473e-08,1.9108e-08,3.2149e-08,4.2693e-08,-1.0291e-10
-0.1,0.1,-0.1,0.034907,0.20944,9.4101e-09,-4.7719e-08,-7.1672e-09,3.6752e-10,3.3619e-08,2.3331e-08,7.5831e-08,-8.4547e-09,7.7321e-09
0,0.1,-0.1,0.034907,0.20944,1.0031e-08,-3.8297e-08,-9.6754e-09,1.3788e-09,4.2502e-08,1.8522e-08,4.8758e-08,2.2211e-08,7.8394e-09
0.1,0.1,-0.1,0.034907,0.20944,8.2682e-09,-2.9257e-08,-1.3096e-08,1.9388e-09,4.8184e-08,1.4374e-08,3.1552e-08,6.3257e-08,8.3032e-09
0,-0.2,0,0.034907,0.20944,9.0392e-09,-1.452e-08,-2.4062e-08,4.2623e-08,2.6916e-08,5.7752e-08,2.7693e-08,5.8447e-09,-6.4424e-08
-0.1,-0.1,0,0.034907,0.20944,9.9738e-09,-2.433e-08,-1.5345e-08,5.703e-09,3.0724e-08,5.5025e-08,4.1672e-08,4.5637e-10,-2.0355e-08
0,-0.1,0,0.034907,0.20944,1.263e-08,-2.0832e-08,-2.4514e-08,1.3186e-08,4.0251e-08,3.8565e-08,3.275e-08,9.7514e-09,-3.0638e-08
0.1,-0.1,0,0.034907,0.20944,1.5565e-08,-1.7171e-08,-4.2618e-08,1.9325e-08,4.6535e-08,2.6712e-08,2.4238e-08,2.0052e-08,-3.6694e-08
-0.2,0,0,0.034907,0.20944,1.0013e-08,-4.3717e-08,-9.811e-09,-3.7871e-09,2.6993e-08,4.2136e-08,4.982e-08,-7.4058e-09,-3.2211e-09
-0.1,0,0,0.034907,0.20944,1.3491e-08,-3.807e-08,-1.4574e-08,-2.1639e-09,4.032e-08,3.3972e-08,4.61e-08,1.0752e-09,-7.1557e-09
0,0,0,0.034907,0.20944,1.8088e-08,-3.1003e-08,-2.2924e-08,-1.3725e-10,5.4358e-08,2.6013e-08,3.5498e-08,1.4426e-08,-1.0994e-08
0.1,0,0,0.034907,0.20944,2.3682e-08,-2.4215e-08,-3.8882e-08,1.2296e-09,6.4097e-08,1.9445e-08,2.5816e-08,2.9539e-08,-1.286e-08
0.2,0,0,0.034907,0.20944,2.9454e-08,-1.8532e-08,-7.3046e-08,7.778e-10,6.4389e-08,1.4459e-08,1.8563e-08,4.0855e-08,-1.1364e-08
-0.1,0.1,0,0.034907,0.20944,1.8325e-08,-6.3531e-08,-1.3071e-08,-5.2076e-09,4.6678e-08,2.2052e-08,4.4946e-08,1.0407e-09,-2.8586e-10
0,0.1,0,0.034907,0.20944,2.6452e-08,-4.7962e-08,-1.9883e-08,-5.0206e-09,6.4213e-08,1.7958e-08,3.4785e-08,1.8368e-08,-1.4268e-09
0.1,0.1,0,0.034907,0.20944,3.7727e-08,-3.4765e-08,-3.2013e-08,-5.0379e-09,7.675e-08,1.423e-08,2.5386e-08,3.846e-08,-1.7625e-09
0,0.2,0,0.034907,0.20944,3.9026e-08,-7.6781e-08,-1.6299e-08,-6.2015e-09,6.4559e-08,1.2736e-08,3.0889e-08,1.929e-08,2.6061e-09
-0.1,-0.1,0.1,0.034907,0.20944,1.3011e-08,-2.3127e-08,-1.9256e-08,-1.2015e-08,3.6232e-08,3.6713e-08,2.3041e-08,2.69e-09,-2.1754e-08
0,-0.1,0.1,0.034907,0.20944,1.716e-08,-1.9775e-08,-3.0859e-08,-8.9154e-09,5.2245e-08,2.94e-08,2.1503e-08,8.954e-09,-2.8813e-08
0.1,-0.1,0.1,0.034907,0.20944,2.2007e-08,-1.6312e-08,-5.3284e-08,-5.7403e-09,6.3997e-08,2.2315e-08,1.7901e-08,1.5485e-08,-3.2631e-08
-0.1,0,0.1,0.034907,0.20944,1.7508e-08,-3.5713e-08,-1.8567e-08,-1.4319e-08,5.2412e-08,2.4188e-08,2.4668e-08,3.5536e-09,-1.1405e-08
0,0,0.1,0.034907,0.20944,2.4723e-08,-2.908e-08,-2.9411e-08,-1.5381e-08,7.9333e-08,2.0273e-08,2.2874e-08,1.1851e-08,-1.4796e-08
0.1,0,0.1,0.034907,0.20944,3.418e-08,-2.2777e-08,-4.9847e-08,-1.6348e-08,1.0075e-07,1.6258e-08,1.8856e-08,2.0599e-08,-1.642e-08
-0.1,0.1,0.1,0.034907,0.20944,2.3276e-08,-5.8416e-08,-1.6787e-08,-1.3029e-08,6.4391e-08,1.654e-08,2.411e-08,3.9198e-09,-4.7916e-09
0,0.1,0.1,0.034907,0.20944,3.5824e-08,-4.4248e-08,-2.5754e-08,-1.4545e-08,1.0113e-07,1.4339e-08,2.246e-08,1.4016e-08,-6.2324e-09
0.1,0.1,0.1,0.034907,0.20944,5.5032e-08,-3.2291e-08,-4.1553e-08,-1.5802e-08,1.3197e-07,1.1983e-08,1.857e-08,2.4802e-08,-6.7911e-09
0,0,0.2,0.034907,0.20944,2.5724e-08,-2.1302e-08,-2.9383e-08,-3.6546e-08,1.1296e-07,1.1519e-08,1.3896e-08,9.3644e-09,-1.4674e-08
0,0,-0.2,0.12217,0.20944,-1.0892e-09,-1.9433e-08,3.3424e-09,1.3003e-08,2.6226e-08,1.9444e-08,6.015e-08,8.5531e-09,3.0817e-08
-0.1,-0.1,-0.1,0.12217,0.20944,6.1433e-09,-2.1918e-08,-8.401e-09,1.6557e-08,2.351e-08,5.209e-08,6.9066e-08,-5.1924e-09,-3.0057e-09
0,-0.1,-0.1,0.12217,0.20944,7.3585e-09,-1.9027e-08,-1.1819e-08,2.4218e-08,2.8749e-08,3.4822e-08,4.604e-08,8.9853e-09,-1.2586e-08
0.1,-0.1,-0.1,0.12217,0.20944,8.5883e-09,-1.5899e-08,-1.6823e-08,2.9761e-08,3.1846e-08,2.3461e-08,3.0544e-08,2.6412e-08,-1.9127e-08
-0.1,0,-0.1,0.12217,0.20944,7.5542e-09,-3.2738e-08,-7.1603e-09,7.4536e-09,2.9531e-08,3.4207e-08,7.8025e-08,-6.6972e-09,7.6596e-09
0,0,-0.1,0.12217,0.20944,9.1084e-09,-2.7322e-08,-9.585e-09,1.0775e-08,3.6733e-08,2.5003e-08,5.0066e-08,1.5568e-08,6.1643e-09
0.1,0,-0.1,0.12217,0.20944,1.0556e-08,-2.1839e-08,-1.2509e-08,1.2918e-08,4.1157e-08,1.8064e-08,3.236e-08,4.4205e-08,5.5692e-09
-0.1,0.1,-0.1,0.12217,0.20944,9.3386e-09,-5.062e-08,-5.9145e-09,2.1915e-09,3.3554e-08,2.3002e-08,7.448e-08,-9.4537e-09,1.0465e-08
0,0.1,-0.1,0.12217,0.20944,1.1113e-08,-4.0045e-08,-7.5599e-09,3.4661e-09,4.2208e-08,1.7974e-08,4.8103e-08,2.1596e-08,1.1029e-08
0.1,0.1,-0.1,0.12217,0.20944,1.1959e-08,-3.0224e-08,-9.2811e-09,4.1561e-09,4.7634e-08,1.3766e-08,3.1236e-08,6.3637e-08,1.163e-08
0,-0.2,0,0.12217,0.20944,9.9794e-09,-1.4467e-08,-2.4647e-08,5.0327e-08,2.4572e-08,5.504e-08,2.8107e-08,6.3213e-09,-5.7349e-08
-0.1,-0.1,0,0.12217,0.20944,1.041e-08,-2.4348e-08,-1.5123e-08,9.9246e-09,2.9093e-08,5.4571e-08,4.1594e-08,4.1279e-10,-1.5772e-08
0,-0.1,0,0.12217,0.20944,1.3681e-08,-2.0769e-08,-2.4144e-08,1.8729e-08,3.7936e-08,3.7369e-08,3.2941e-08,1.014e-08,-2.4921e-08
0.1,-0.1,0,0.12217,0.20944,1.7529e-08,-1.7064e-08,-4.1945e-08,2.5751e-08,4.363e-08,2.5497e-08,2.4489e-08,2.0991e-08,-3.0505e-08
-0.2,0,0,0.12217,0.20944,9.8069e-09,-4.4029e-08,-9.3515e-09,-1.5206e-09,2.6428e-08,4.3591e-08,4.856e-08,-7.8482e-09,-5.5392e-10
-0.1,0,0,0.12217,0.20944,1.3665e-08,-3.8154e-08,-1.383e-08,8.3133e-10,3.9238e-08,3.4196e-08,4.5572e-08,7.9708e-10,-3.7029e-09
0,0,0,0.12217,0.20944,1.9086e-08,-3.0932e-08,-2.1635e-08,3.5529e-09,5.2611e-08,2.5592e-08,3.5319e-08,1.4529e-08,-6.8916e-09
0.1,0,0,0.12217,0.20944,2.6172e-08,-2.4074e-08,-3.6437e-08,5.3309e-09,6.1707e-08,1.8804e-08,2.579e-08,3.0198e-08,-8.5244e-09
0.2,0,0,0.12217,0.20944,3.4094e-08,-1.8374e-08,-6.7827e-08,4.787e-09,6.165e-08,1.3815e-08,1.8599e-08,4.2062e-08,-7.3724e-09
-0.1,0.1,0,0.12217,0.20944,1.7874e-08,-6.3785e-08,-1.1951e-08,-3.1539e-09,4.6572e-08,2.244e-08,4.3948e-08,4.2917e-10,2.1708e-09
0,0.1,0,0.12217,0.20944,2.6911e-08,-4.7896e-08,-1.8011e-08,-2.6148e-09,6.3667e-08,1.7891e-08,3.4195e-08,1.793e-08,1.3737e-09
0.1,0.1,0,0.12217,0.20944,4.0499e-08,-3.4578e-08,-2.8677e-08,-2.448e-09,7.5681e-08,1.393e-08,2.505e-08,3.8418e-08,1.1362e-09
0,0.2,0,0.12217,0.20944,3.781e-08,-7.6747e-08,-1.426e-08,-4.6246e-09,6.5551e-08,1.2817e-08,2.9997e-08,1.8153e-08,4.4908e-09
-0.1,-0.1,0.1,0.12217,0.20944,1.3181e-08,-2.2246e-08,-1.9142e-08,-6.921e-09,3.3718e-08,3.8066e-08,2.2635e-08,2.6729e-09,-1.86e-08
0,-0.1,0.1,0.12217,0.20944,1.7792e-08,-1.8997e-08,-3.0699e-08,-1.7498e-09,4.8394e-08,2.925e-08,2.1385e-08,9.1793e-09,-2.5114e-08
0.1,-0.1,0.1,0.12217,0.20944,2.3345e-08,-1.5671e-08,-5.3062e-08,2.989e-09,5.8916e-08,2.1671e-08,1.7918e-08,1.6006e-08,-2.8757e-08
-0.1,0,0.1,0.12217,0.20944,1.733e-08,-3.4189e-08,-1.8019e-08,-1.1076e-08,5.0626e-08,2.5452e-08,2.4103e-08,3.3676e-09,-8.7917e-09
0,0,0.1,0.12217,0.20944,2.51e-08,-2.7828e-08,-2.8513e-08,-1.1239e-08,7.6128e-08,2.054e-08,2.2577e-08,1.1862e-08,-1.1812e-08
0.1,0,0.1,0.12217,0.20944,3.5621e-08,-2.1824e-08,-4.8278e-08,-1.1642e-08,9.6047e-08,1.6046e-08,1.8714e-08,2.0882e-08,-1.3328e-08
-0.1,0.1,0.1,0.12217,0.20944,2.2398e-08,-5.5575e-08,-1.5914e-08,-1.0986e-08,6.4222e-08,1.7552e-08,2.3421e-08,3.5082e-09,-2.7675e-09
0,0.1,0.1,0.12217,0.20944,3.54e-08,-4.2158e-08,-2.4358e-08,-1.2111e-08,1.0004e-07,1.4724e-08,2.1984e-08,1.369e-08,-3.9814e-09
0.1,0.1,0.1,0.12217,0.20944,5.6019e-08,-3.0869e-08,-3.9222e-08,-1.3162e-08,1.2964e-07,1.1994e-08,1.8261e-08,2.4656e-08,-4.4848e-09
0,0,0.2,0.12217,0.20944,2.5477e-08,-1.9178e-08,-2.8924e-08,-3.2918e-08,1.068e-07,1.2251e-08,1.3595e-08,9.332e-09,-1.2558e-08
0,0,-0.2,0.20944,0.20944,4.0065e-10,-2.1005e-08,4.7476e-09,1.506e-08,2.5412e-08,1.7683e-08,6.0551e-08,8.918e-09,3.6328e-08
-0.1,-0.1,-0.1,0.20944,0.20944,6.7277e-09,-2.2614e-08,-8.0555e-09,1.9574e-08,2.2266e-08,4.9287e-08,6.9487e-08,-5.3159e-09,3.2921e-09
0,-0.1,-0.1,0.20944,0.20944,8.6196e-09,-1.9503e-08,-1.1254e-08,2.7904e-08,2.7102e-08,3.2377e-08,4.6538e-08,9.5363e-09,-4.0447e-09
0.1,-0.1,-0.1,0.20944,0.20944,1.0827e-08,-1.6189e-08,-1.5813e-08,3.3824e-08,2.9873e-08,2.1582e-08,3.0964e-08,2.7903e-08,-9.4375e-09
-0.1,0,-0.1,0.20944,0.20944,7.944e-09,-3.4036e-08,-6.257e-09,9.8572e-09,2.8633e-08,3.2999e-08,7.7343e-08,-7.147e-09,1.1818e-08
0,0,-0.1,0.20944,0.20944,1.0439e-08,-2.8151e-08,-8.026e-09,1.3609e-08,3.5442e-08,2.3691e-08,4.9853e-08,1.5714e-08,1.135e-08
0.1,0,-0.1,0.20944,0.20944,1.351e-08,-2.231e-08,-9.5643e-09,1.5979e-08,3.9522e-08,1.6884e-08,3.2323e-08,4.5368e-08,1.117e-08
-0.1,0.1,-0.1,0.20944,0.20944,9.1979e-09,-5.3171e-08,-4.6167e-09,4.0048e-09,3.3228e-08,2.2504e-08,7.2542e-08,-1.0373e-08,1.3114e-08
0,0.1,-0.1,0.20944,0.20944,1.2114e-08,-4.1511e-08,-5.3865e-09,5.5346e-09,4.1581e-08,1.7291e-08,4.7074e-08,2.0809e-08,1.4128e-08
0.1,0.1,-0.1,0.20944,0.20944,1.5562e-08,-3.0973e-08,-5.3933e-09,6.3502e-09,4.671e-08,1.3054e-08,3.0679e-08,6.3494e-08,1.486e-08
0,-0.2,0,0.20944,0.20944,1.0846e-08,-1.4309e-08,-2.5044e-08,5.7694e-08,2.2048e-08,5.1921e-08,2.8304e-08,6.7502e-09,-4.9882e-08
-0.1,-0.1,0,0.20944,0.20944,1.0769e-08,-2.4193e-08,-1.4785e-08,1.4093e-08,2.7241e-08,5.3726e-08,4.1186e-08,3.6642e-10,-1.1093e-08
0,-0.1,0,0.20944,0.20944,1.4632e-08,-2.0556e-08,-2.3592e-08,2.4165e-08,3.5335e-08,3.5898e-08,3.2877e-08,1.0451e-08,-1.9051e-08
0.1,-0.1,0,0.20944,0.20944,1.9365e-08,-1.6833e-08,-4.0956e-08,3.2026e-08,4.0397e-08,2.4091e-08,2.4552e-08,2.1769e-08,-2.4126e-08
-0.2,0,0,0.20944,0.20944,9.5273e-09,-4.4039e-08,-8.8212e-09,7.6545e-10,2.5658e-08,4.474e-08,4.6898e-08,-8.2285e-09,2.1092e-09
-0.1,0,0,0.20944,0.20944,1.3736e-08,-3.7972e-08,-1.2981e-08,3.8336e-09,3.7852e-08,3.4173e-08,4.4681e-08,5.1337e-10,-2.3607e-10
0,0,0,0.20944,0.20944,1.9943e-08,-3.0643e-08,-2.0182e-08,7.2357e-09,5.0455e-08,2.4982e-08,3.4864e-08,1.4517e-08,-2.7566e-09
0.1,0,0,0.20944,0.20944,2.8474e-08,-2.3759e-08,-3.3719e-08,9.4159e-09,5.884e-08,1.8023e-08,2.5565e-08,3.0619e-08,-4.1466e-09
0.2,0,0,0.20944,0.20944,3.8497e-08,-1.8083e-08,-6.2111e-08,8.7832e-09,5.8438e-08,1.3067e-08,1.8492e-08,4.2937e-08,-3.345e-09
-0.1,0.1,0,0.20944,0.20944,1.729e-08,-6.3612e-08,-1.0742e-08,-1.0691e-09,4.6099e-08,2.2665e-08,4.2603e-08,-1.8408e-10,4.6042e-09
0,0.1,0,0.20944,0.20944,2.7172e-08,-4.7497e-08,-1.6004e-08,-1.796e-10,6.2615e-08,1.7692e-08,3.334e-08,1.735e-08,4.1547e-09
0.1,0.1,0,0.20944,0.20944,4.2981e-08,-3.4144e-08,-2.5129e-08,1.718e-10,7.4009e-08,1.3527e-08,2.452e-08,3.8066e-08,4.0162e-09
0,0.2,0,0.20944,0.20944,3.6313e-08,-7.6193e-08,-1.2115e-08,-3.0082e-09,6.6017e-08,1.2804e-08,2.8873e-08,1.6873e-08,6.3378e-09
-0.1,-0.1,0.1,0.20944,0.20944,1.3252e-08,-2.1205e-08,-1.8883e-08,-1.7442e-09,3.0952e-08,3.9148e-08,2.2047e-08,2.6352e-09,-1.5318e-08
0,-0.1,0.1,0.20944,0.20944,1.8293e-08,-1.808e-08,-3.0307e-08,5.4879e-09,4.4186e-08,2.8885e-08,2.1099e-08,9.3334e-09,-2.124e-08
0.1,-0.1,0.1,0.20944,0.20944,2.4512e-08,-1.4916e-08,-5.2437e-08,1.1782e-08,5.3408e-08,2.0866e-08,1.7795e-08,1.6402e-08,-2.4682e-08
-0.1,0,0.1,0.20944,0.20944,1.7021e-08,-3.2421e-08,-1.7334e-08,-7.7354e-09,4.8448e-08,2.6532e-08,2.3345e-08,3.1556e-09,-6.1211e-09
0,0,0.1,0.20944,0.20944,2.529e-08,-2.6374e-08,-2.74e-08,-6.9905e-09,7.2335e-08,2.0657e-08,2.2102e-08,1.178e-08,-8.7506e-09
0.1,0,0.1,0.20944,0.20944,3.6802e-08,-2.0712e-08,-4.6348e-08,-6.8192e-09,9.061e-08,1.5715e-08,1.8426e-08,2.1001e-08,-1.0147e-08
-0.1,0.1,0.1,0.20944,0.20944,2.1349e-08,-5.2345e-08,-1.4921e-08,-8.8553e-09,6.3544e-08,1.8435e-08,2.2545e-08,3.0698e-09,-7.2829e-10
0,0.1,0.1,0.20944,0.20944,3.471e-08,-3.9768e-08,-2.278e-08,-9.5786e-09,9.815e-08,1.5001e-08,2.1337e-08,1.3255e-08,-1.7075e-09
0.1,0.1,0.1,0.20944,0.20944,5.6597e-08,-2.9222e-08,-3.6602e-08,-1.0413e-08,1.2626e-07,1.1916e-08,1.781e-08,2.4314e-08,-2.1525e-09
0,0,0.2,0.20944,0.20944,2.5037e-08,-1.6909e-08,-2.8247e-08,-2.9035e-08,9.9835e-08,1.2893e-08,1.3187e-08,9.2266e-09,-1.0354e-08
0,0,-0.2,0.29671,0.20944,1.8871e-09,-2.2425e-08,6.118e-09,1.7007e-08,2.4402e-08,1.5784e-08,6.0487e-08,9.2176e-09,4.1571e-08
-0.1,-0.1,-0.1,0.29671,0.20944,7.2619e-09,-2.3149e-08,-7.6488e-09,2.2451e-08,2.0854e-08,4.6108e-08,6.9362e-08,-5.3967e-09,9.5354e-09
0,-0.1,-0.1,0.29671,0.20944,9.8172e-09,-1.9838e-08,-1.0604e-08,3.1388e-08,2.525e-08,2.9684e-08,4.6677e-08,1.0015e-08,4.4698e-09
0.1,-0.1,-0.1,0.29671,0.20944,1.2988e-08,-1.6362e-08,-1.4684e-08,3.7641e-08,2.7676e-08,1.9538e-08,3.1146e-08,2.9179e-08,2.461e-10
-0.1,0,-0.1,0.29671,0.20944,8.2747e-09,-3.5096e-08,-5.306e-09,1.2194e-08,2.7514e-08,3.1543e-08,7.6047e-08,-7.5378e-09,1.5878e-08
0,0,-0.1,0.29671,0.20944,1.1693e-08,-2.878e-08,-6.4055e-09,1.6349e-08,3.3877e-08,2.2199e-08,4.9252e-08,1.5737e-08,1.6433e-08
0.1,0,-0.1,0.29671,0.20944,1.6368e-08,-2.262e-08,-6.5452e-09,1.8931e-08,3.7583e-08,1.5575e-08,3.2036e-08,4.6168e-08,1.6665e-08
-0.1,0.1,-0.1,0.29671,0.20944,8.989e-09,-5.5359e-08,-3.2836e-09,5.7937e-09,3.2641e-08,2.1838e-08,7.0035e-08,-1.1204e-08,1.5662e-08
0,0.1,-0.1,0.29671,0.20944,1.3027e-08,-4.2687e-08,-3.171e-09,7.5686e-09,4.0628e-08,1.6478e-08,4.568e-08,1.9855e-08,1.7118e-08
0.1,0.1,-0.1,0.29671,0.20944,1.9053e-08,-3.15e-08,-1.4603e-09,8.5044e-09,4.5419e-08,1.2244e-08,2.9887e-08,6.2827e-08,1.7975e-08
0,-0.2,0,0.29671,0.20944,1.1632e-08,-1.4046e-08,-2.5251e-08,6.4653e-08,1.9364e-08,4.8414e-08,2.8281e-08,7.1279e-09,-4.2087e-08
-0.1,-0.1,0,0.29671,0.20944,1.1048e-08,-2.3866e-08,-1.4336e-08,1.8176e-08,2.5184e-08,5.2493e-08,4.045e-08,3.1788e-10,-6.3531e-09
0,-0.1,0,0.29671,0.20944,1.5474e-08,-2.0195e-08,-2.2862e-08,2.945e-08,3.2471e-08,3.416e-08,3.2555e-08,1.0681e-08,-1.3073e-08
0.1,-0.1,0,0.29671,0.20944,2.1062e-08,-1.6479e-08,-3.9657e-08,3.8097e-08,3.6868e-08,2.2504e-08,2.4425e-08,2.2377e-08,-1.7607e-08
-0.2,0,0,0.29671,0.20944,9.1759e-09,-4.3745e-08,-8.2241e-09,3.0541e-09,2.4691e-08,4.5573e-08,4.4848e-08,-8.5433e-09,4.7495e-09
-0.1,0,0,0.29671,0.20944,1.3705e-08,-3.7525e-08,-1.2035e-08,6.8206e-09,3.6175e-08,3.3901e-08,4.3433e-08,2.2676e-10,3.2206e-09
0,0,0,0.29671,0.20944,2.0652e-08,-3.0135e-08,-1.8577e-08,1.0884e-08,4.7912e-08,2.4187e-08,3.4137e-08,1.4391e-08,1.3817e-09
0.1,0,0,0.29671,0.20944,3.0571e-08,-2.3272e-08,-3.075e-08,1.3453e-08,5.5524e-08,1.7107e-08,2.5142e-08,3.0796e-08,2.4203e-10
0.2,0,0,0.29671,0.20944,4.2632e-08,-1.7659e-08,-5.5939e-08,1.2736e-08,5.4783e-08,1.2221e-08,1.8243e-08,4.347e-08,6.8956e-10
-0.1,0.1,0,0.29671,0.20944,1.6575e-08,-6.301e-08,-9.4524e-09,1.0317e-09,4.5264e-08,2.2725e-08,4.0921e-08,-7.9348e-10,6.9979e-09
0,0.1,0,0.29671,0.20944,2.7232e-08,-4.6766e-08,-1.3877e-08,2.2676e-09,6.1069e-08,1.7362e-08,3.2224e-08,1.6632e-08,6.8973e-09
0.1,0.1,0,0.29671,0.20944,4.5156e-08,-3.3466e-08,-2.1394e-08,2.8026e-09,7.1753e-08,1.3023e-08,2.3801e-08,3.7407e-08,6.858e-09
0,0.2,0,0.29671,0.20944,3.4546e-08,-7.5118e-08,-9.8789e-09,-1.3635e-09,6.5955e-08,1.2695e-08,2.7528e-08,1.5463e-08,8.1346e-09
-0.1,-0.1,0.1,0.29671,0.20944,1.3223e-08,-2.0008e-08,-1.8481e-08,3.4798e-09,2.7957e-08,3.9951e-08,2.1284e-08,2.5774e-09,-1.1932e-08
0,-0.1,0.1,0.29671,0.20944,1.8657e-08,-1.7031e-08,-2.9684e-08,1.2747e-08,3.9658e-08,2.8309e-08,2.0647e-08,9.4148e-09,-1.7223e-08
0.1,-0.1,0.1,0.29671,0.20944,2.5499e-08,-1.4049e-08,-5.1415e-08,2.0574e-08,4.7522e-08,1.9906e-08,1.7535e-08,1.667e-08,-2.044e-08
-0.1,0,0.1,0.29671,0.20944,1.6584e-08,-3.0417e-08,-1.6519e-08,-4.3197e-09,4.59e-08,2.7421e-08,2.2401e-08,2.9194e-09,-3.4132e-09
0,0,0.1,0.29671,0.20944,2.529e-08,-2.4727e-08,-2.6081e-08,-2.6621e-09,6.7992e-08,2.0622e-08,2.1453e-08,1.1605e-08,-5.6352e-09
0.1,0,0.1,0.29671,0.20944,3.7713e-08,-1.9447e-08,-4.4073e-08,-1.9101e-09,8.4493e-08,1.5267e-08,1.7995e-08,2.0954e-08,-6.9035e-09
-0.1,0.1,0.1,0.29671,0.20944,2.0138e-08,-4.8737e-08,-1.3816e-08,-6.6497e-09,6.2364e-08,1.9185e-08,2.1493e-08,2.6085e-09,1.3113e-09
0,0.1,0.1,0.29671,0.20944,3.3757e-08,-3.7087e-08,-2.1034e-08,-6.9624e-09,9.5477e-08,1.5168e-08,2.0524e-08,1.2716e-08,5.7265e-10
0.1,0.1,0.1,0.29671,0.20944,5.6754e-08,-2.736e-08,-3.3714e-08,-7.5726e-09,1.2188e-07,1.1749e-08,1.7222e-08,2.3779e-08,1.8903e-10
0,0,0.2,0.29671,0.20944,2.4405e-08,-1.4508e-08,-2.7356e-08,-2.4915e-08,9.2132e-08,1.344e-08,1.2676e-08,9.0492e-09,-8.0778e-09
0,0,-0.2,0.034907,0.29671,-2.6948e-09,-1.7741e-08,2.0584e-09,1.0857e-08,2.6862e-08,2.1052e-08,5.941e-08,7.8441e-09,2.5058e-08
-0.1,-0.1,-0.1,0.034907,0.29671,5.4423e-09,-2.1073e-08,-8.5821e-09,1.3462e-08,2.4626e-08,5.4447e-08,6.81e-08,-5.1296e-09,-9.2478e-09
0,-0.1,-0.1,0.034907,0.29671,5.9549e-09,-1.8424e-08,-1.2136e-08,2.0381e-08,3.0219e-08,3.6981e-08,4.5215e-08,8.2377e-09,-2.1075e-08
0.1,-0.1,-0.1,0.034907,0.29671,6.1864e-09,-1.5502e-08,-1.7433e-08,2.5472e-08,3.36e-08,2.5157e-08,2.9924e-08,2.459e-08,-2.8823e-08
-0.1,0,-0.1,0.034907,0.29671,7.0125e-09,-3.1225e-08,-7.9146e-09,5.0197e-09,3.0258e-08,3.5113e-08,7.8103e-08,-6.323e-09,3.454e-09
0,0,-0.1,0.034907,0.29671,7.5804e-09,-2.6317e-08,-1.0925e-08,7.876e-09,3.7785e-08,2.6098e-08,4.9933e-08,1.5128e-08,9.0391e-10
0.1,0,-0.1,0.034907,0.29671,7.3621e-09,-2.1227e-08,-1.5119e-08,9.7545e-09,4.2495e-08,1.9093e-08,3.2192e-08,4.252e-08,-1.5115e-10
-0.1,0.1,-0.1,0.034907,0.29671,9.2853e-09,-4.7754e-08,-7.0874e-09,3.7471e-10,3.3676e-08,2.3293e-08,7.5851e-08,-8.6083e-09,7.739e-09
0,0.1,-0.1,0.034907,0.29671,9.8402e-09,-3.8332e-08,-9.5595e-09,1.3766e-09,4.2545e-08,1.8495e-08,4.8805e-08,2.1999e-08,7.8288e-09
0.1,0.1,-0.1,0.034907,0.29671,7.9974e-09,-2.9286e-08,-1.2923e-08,1.9242e-09,4.82e-08,1.4356e-08,3.1598e-08,6.3047e-08,8.2706e-09
0,-0.2,0,0.034907,0.29671,8.9828e-09,-1.4524e-08,-2.3939e-08,4.2696e-08,2.6971e-08,5.7672e-08,2.7677e-08,5.7765e-09,-6.4371e-08
-0.1,-0.1,0,0.034907,0.29671,9.9085e-09,-2.4336e-08,-1.5259e-08,5.75e-09,3.0806e-08,5.489e-08,4.1622e-08,3.8139e-10,-2.0305e-08
0,-0.1,0,0.034907,0.29671,1.2548e-08,-2.0838e-08,-2.438e-08,1.3209e-08,4.0321e-08,3.8489e-08,3.2739e-08,9.6639e-09,-3.0623e-08
0.1,-0.1,0,0.034907,0.29671,1.5471e-08,-1.7175e-08,-4.2394e-08,1.93e-08,4.6576e-08,2.6673e-08,2.4245e-08,1.9967e-08,-3.6736e-08
-0.2,0,0,0.034907,0.29671,9.9523e-09,-4.3728e-08,-9.7543e-09,-3.7606e-09,2.7085e-08,4.2025e-08,4.9681e-08,-7.4703e-09,-3.1885e-09
-0.1,0,0,0.034907,0.29671,1.3404e-08,-3.8081e-08,-1.4492e-08,-2.144e-09,4.0415e-08,3.3884e-08,4.6052e-08,9.8477e-10,-7.1344e-09
0,0,0,0.034907,0.29671,1.7968e-08,-3.1012e-08,-2.2801e-08,-1.3399e-10,5.4439e-08,2.5953e-08,3.5492e-08,1.4318e-08,-1.0997e-08
0.1,0,0,0.034907,0.29671,2.353e-08,-2.4221e-08,-3.8684e-08,1.2067e-09,6.4139e-08,1.9408e-08,2.5827e-08,2.9435e-08,-1.2895e-08
0.2,0,0,0.034907,0.29671,2.9291e-08,-1.8535e-08,-7.2704e-08,7.2667e-10,6.4378e-08,1.4438e-08,1.858e-08,4.0779e-08,-1.143e-08
-0.1,0.1,0,0.034907,0.29671,1.8215e-08,-6.3551e-08,-1.3001e-08,-5.2006e-09,4.6777e-08,2.1994e-08,4.49e-08,9.3841e-10,-2.7871e-10
0,0.1,0,0.034907,0.29671,2.6278e-08,-4.7976e-08,-1.9784e-08,-5.024e-09,6.4294e-08,1.7914e-08,3.4781e-08,1.8244e-08,-1.4347e-09
0.1,0.1,0,0.034907,0.29671,3.7472e-08,-3.4773e-08,-3.1869e-08,-5.0555e-09,7.6785e-08,1.4198e-08,2.5399e-08,3.8344e-08,-1.7891e-09
0,0.2,0,0.034907,0.29671,3.8791e-08,-7.6806e-08,-1.623e-08,-6.2064e-09,6.4627e-08,1.2703e-08,3.0885e-08,1.9161e-08,2.5975e-09
-0.1,-0.1,0.1,0.034907,0.29671,1.2956e-08,-2.3132e-08,-1.9192e-08,-1.1962e-08,3.6363e-08,3.6525e-08,2.2984e-08,2.6354e-09,-2.1721e-08
0,-0.1,0.1,0.034907,0.29671,1.7092e-08,-1.9776e-08,-3.0767e-08,-8.8893e-09,5.2366e-08,2.9282e-08,2.1477e-08,8.8939e-09,-2.8804e-08
0.1,-0.1,0.1,0.034907,0.29671,2.1929e-08,-1.631e-08,-5.3145e-08,-5.7764e-09,6.4074e-08,2.2246e-08,1.7892e-08,1.5428e-08,-3.2658e-08
-0.1,0,0.1,0.034907,0.29671,1.7439e-08,-3.5718e-08,-1.8506e-08,-1.43e-08,5.2575e-08,2.4074e-08,2.4608e-08,3.4906e-09,-1.1389e-08
0,0,0.1,0.034907,0.29671,2.4628e-08,-2.9078e-08,-2.9324e-08,-1.538e-08,7.9487e-08,2.019e-08,2.2849e-08,1.1781e-08,-1.4798e-08
0.1,0,0.1,0.034907,0.29671,3.406e-08,-2.2771e-08,-4.9721e-08,-1.6376e-08,1.0084e-07,1.6203e-08,1.8849e-08,2.0534e-08,-1.6445e-08
-0.1,0.1,0.1,0.034907,0.29671,2.3195e-08,-5.8417e-08,-1.6735e-08,-1.3024e-08,6.4569e-08,1.6468e-08,2.4051e-08,3.8509e-09,-4.7854e-09
0,0.1,0.1,0.034907,0.29671,3.5695e-08,-4.4236e-08,-2.5684e-08,-1.455e-08,1.013e-07,1.4281e-08,2.2435e-08,1.394e-08,-6.2384e-09
0.1,0.1,0.1,0.034907,0.29671,5.4844e-08,-3.2276e-08,-4.146e-08,-1.5821e-08,1.3206e-07,1.1941e-08,1.8564e-08,2.4731e-08,-6.8116e-09
0,0,0.2,0.034907,0.29671,2.566e-08,-2.1291e-08,-2.9336e-08,-3.6552e-08,1.1327e-07,1.1427e-08,1.3865e-08,9.3171e-09,-1.4676e-08
0,0,-0.2,0.12217,0.29671,-1.5182e-09,-1.9513e-08,3.851e-09,1.3013e-08,2.6316e-08,1.9435e-08,6.0581e-08,7.5689e-09,3.0785e-08
-0.1,-0.1,-0.1,0.12217,0.29671,5.8955e-09,-2.1946e-08,-8.0499e-09,1.6684e-08,2.3692e-08,5.1888e-08,6.904e-08,-5.5477e-09,-2.7668e-09
0,-0.1,-0.1,0.12217,0.29671,7.0512e-09,-1.9062e-08,-1.1265e-08,2.4277e-08,2.8894e-08,3.4743e-08,4.6132e-08,8.5338e-09,-1.2508e-08
0.1,-0.1,-0.1,0.12217,0.29671,8.24e-09,-1.5932e-08,-1.5875e-08,2.9701e-08,3.1925e-08,2.3447e-08,3.066e-08,2.5954e-08,-1.9357e-08
-0.1,0,-0.1,0.12217,0.29671,7.2196e-09,-3.2793e-08,-6.8301e-09,7.5144e-09,2.9732e-08,3.4032e-08,7.8072e-08,-7.1501e-09,7.748e-09
0,0,-0.1,0.12217,0.29671,8.6542e-09,-2.7386e-08,-9.0766e-09,1.0787e-08,3.6889e-08,2.4898e-08,5.0213e-08,1.4967e-08,6.1494e-09
0.1,0,-0.1,0.12217,0.29671,9.9918e-09,-2.1896e-08,-1.1675e-08,1.2857e-08,4.1231e-08,1.8012e-08,3.2512e-08,4.3598e-08,5.4016e-09
-0.1,0.1,-0.1,0.12217,0.29671,8.9027e-09,-5.0741e-08,-5.6359e-09,2.2167e-09,3.3754e-08,2.2869e-08,7.4549e-08,-9.9895e-09,1.0489e-08
0,0.1,-0.1,0.12217,0.29671,1.0446e-08,-4.017e-08,-7.1555e-09,3.4583e-09,4.2356e-08,1.7878e-08,4.8265e-08,2.0858e-08,1.0992e-08
0.1,0.1,-0.1,0.12217,0.29671,1.1014e-08,-3.0324e-08,-8.677e-09,4.105e-09,4.769e-08,1.3705e-08,3.1398e-08,6.2901e-08,1.1516e-08
0,-0.2,0,0.12217,0.29671,9.7819e-09,-1.4481e-08,-2.4218e-08,5.0583e-08,2.4766e-08,5.4758e-08,2.805e-08,6.0825e-09,-5.7164e-08
-0.1,-0.1,0,0.12217,0.29671,1.0182e-08,-2.4372e-08,-1.4821e-08,1.009e-08,2.938e-08,5.4096e-08,4.1418e-08,1.5068e-10,-1.5601e-08
0,-0.1,0,0.12217,0.29671,1.3395e-08,-2.0789e-08,-2.3677e-08,1.8811e-08,3.8181e-08,3.7102e-08,3.2904e-08,9.8344e-09,-2.487e-08
0.1,-0.1,0,0.12217,0.29671,1.72e-08,-1.7079e-08,-4.1166e-08,2.5662e-08,4.3771e-08,2.5362e-08,2.4512e-08,2.0693e-08,-3.0651e-08
-0.2,0,0,0.12217,0.29671,9.5962e-09,-4.4067e-08,-9.1537e-09,-1.4279e-09,2.6748e-08,4.3201e-08,4.8073e-08,-8.0733e-09,-4.4034e-10
-0.1,0,0,0.12217,0.29671,1.3361e-08,-3.8193e-08,-1.3544e-08,9.0094e-10,3.9571e-08,3.3887e-08,4.5404e-08,4.8117e-10,-3.629e-09
0,0,0,0.12217,0.29671,1.8665e-08,-3.0964e-08,-2.1203e-08,3.5644e-09,5.2892e-08,2.5382e-08,3.5299e-08,1.4153e-08,-6.9e-09
0.1,0,0,0.12217,0.29671,2.564e-08,-2.4094e-08,-3.5744e-08,5.2507e-09,6.1855e-08,1.8675e-08,2.583e-08,2.9836e-08,-8.6468e-09
0.2,0,0,0.12217,0.29671,3.3522e-08,-1.8386e-08,-6.6638e-08,4.6076e-09,6.1614e-08,1.374e-08,1.8658e-08,4.1797e-08,-7.6031e-09
-0.1,0.1,0,0.12217,0.29671,1.7488e-08,-6.3857e-08,-1.171e-08,-3.1291e-09,4.6917e-08,2.2238e-08,4.3789e-08,7.2135e-11,2.1957e-09
0,0.1,0,0.12217,0.29671,2.6302e-08,-4.7947e-08,-1.7666e-08,-2.6268e-09,6.3949e-08,1.7735e-08,3.4184e-08,1.75e-08,1.346e-09
0.1,0.1,0,0.12217,0.29671,3.9607e-08,-3.4607e-08,-2.8175e-08,-2.5094e-09,7.5803e-08,1.3821e-08,2.5095e-08,3.8011e-08,1.0436e-09
0,0.2,0,0.12217,0.29671,3.6989e-08,-7.6838e-08,-1.4018e-08,-4.642e-09,6.5787e-08,1.2704e-08,2.9981e-08,1.7705e-08,4.4606e-09
-0.1,-0.1,0.1,0.12217,0.29671,1.2991e-08,-2.2265e-08,-1.892e-08,-6.7371e-09,3.4174e-08,3.7412e-08,2.2435e-08,2.482e-09,-1.8486e-08
0,-0.1,0.1,0.12217,0.29671,1.7555e-08,-1.9e-08,-3.0378e-08,-1.6577e-09,4.8814e-08,2.8837e-08,2.1292e-08,8.9689e-09,-2.5084e-08
0.1,-0.1,0.1,0.12217,0.29671,2.3073e-08,-1.5665e-08,-5.2581e-08,2.8622e-09,5.918e-08,2.1431e-08,1.7887e-08,1.5805e-08,-2.885e-08
-0.1,0,0.1,0.12217,0.29671,1.7089e-08,-3.4208e-08,-1.7805e-08,-1.1011e-08,5.1195e-08,2.5053e-08,2.3893e-08,3.1475e-09,-8.7364e-09
0,0,0.1,0.12217,0.29671,2.4767e-08,-2.782e-08,-2.821e-08,-1.1236e-08,7.6664e-08,2.025e-08,2.2486e-08,1.1618e-08,-1.1818e-08
0.1,0,0.1,0.12217,0.29671,3.52e-08,-2.1803e-08,-4.7839e-08,-1.1741e-08,9.6363e-08,1.5852e-08,1.8689e-08,2.0653e-08,-1.3414e-08
-0.1,0.1,0.1,0.12217,0.29671,2.2113e-08,-5.5579e-08,-1.5731e-08,-1.0969e-08,6.4843e-08,1.7301e-08,2.3213e-08,3.2679e-09,-2.7461e-09
0,0.1,0.1,0.12217,0.29671,3.495e-08,-4.2118e-08,-2.4113e-08,-1.213e-08,1.0062e-07,1.4523e-08,2.1897e-08,1.3422e-08,-4.0022e-09
0.1,0.1,0.1,0.12217,0.29671,5.5361e-08,-3.0816e-08,-3.8899e-08,-1.323e-08,1.2994e-07,1.1845e-08,1.824e-08,2.4409e-08,-4.5562e-09
0,0,0.2,0.12217,0.29671,2.5254e-08,-1.9139e-08,-2.8758e-08,-3.2938e-08,1.0787e-07,1.193e-08,1.3487e-08,9.1668e-09,-1.2564e-08
0,0,-0.2,0.20944,0.29671,-3.3071e-10,-2.1143e-08,5.6161e-09,1.5076e-08,2.5567e-08,1.7667e-08,6.1289e-08,7.2338e-09,3.6273e-08
-0.1,-0.1,-0.1,0.20944,0.29671,6.3046e-09,-2.2662e-08,-7.4567e-09,1.9792e-08,2.2577e-08,4.8938e-08,6.9446e-08,-5.9228e-09,3.6975e-09
0,-0.1,-0.1,0.20944,0.29671,8.0951e-09,-1.9562e-08,-1.0309e-08,2.8004e-08,2.7349e-08,3.224e-08,4.6697e-08,8.7642e-09,-3.9138e-09
0.1,-0.1,-0.1,0.20944,0.29671,1.0233e-08,-1.6247e-08,-1.4198e-08,3.3721e-08,3.0007e-08,2.1559e-08,3.1163e-08,2.7119e-08,-9.8278e-09
-0.1,0,-0.1,0.20944,0.29671,7.3728e-09,-3.413e-08,-5.6938e-09,9.9614e-09,2.8974e-08,3.2697e-08,7.7423e-08,-7.9199e-09,1.1969e-08
0,0,-0.1,0.20944,0.29671,9.6639e-09,-2.826e-08,-7.1585e-09,1.3629e-08,3.5707e-08,2.3511e-08,5.0103e-08,1.4687e-08,1.1325e-08
0.1,0,-0.1,0.20944,0.29671,1.2548e-08,-2.2408e-08,-8.1419e-09,1.5875e-08,3.9648e-08,1.6794e-08,3.2582e-08,4.433e-08,1.0885e-08
-0.1,0.1,-0.1,0.20944,0.29671,8.4538e-09,-5.3379e-08,-4.1415e-09,4.048e-09,3.3568e-08,2.2276e-08,7.2658e-08,-1.1287e-08,1.3154e-08
0,0.1,-0.1,0.20944,0.29671,1.0975e-08,-4.1727e-08,-4.6964e-09,5.5213e-09,4.1834e-08,1.7128e-08,4.7349e-08,1.9548e-08,1.4065e-08
0.1,0.1,-0.1,0.20944,0.29671,1.3949e-08,-3.1146e-08,-4.3619e-09,6.2629e-09,4.6803e-08,1.295e-08,3.0956e-08,6.2237e-08,1.4667e-08
0,-0.2,0,0.20944,0.29671,1.0508e-08,-1.4333e-08,-2.4313e-08,5.8136e-08,2.2376e-08,5.1435e-08,2.8208e-08,6.3422e-09,-4.9569e-08
-0.1,-0.1,0,0.20944,0.29671,1.0379e-08,-2.4235e-08,-1.4271e-08,1.4377e-08,2.7729e-08,5.291e-08,4.0887e-08,-8.114e-11,-1.0803e-08
0,-0.1,0,0.20944,0.29671,1.4142e-08,-2.0591e-08,-2.2796e-08,2.4306e-08,3.575e-08,3.5439e-08,3.2813e-08,9.9284e-09,-1.8966e-08
0.1,-0.1,0,0.20944,0.29671,1.8803e-08,-1.6858e-08,-3.9629e-08,3.1874e-08,4.0638e-08,2.3859e-08,2.4591e-08,2.1259e-08,-2.4373e-08
-0.2,0,0,0.20944,0.29671,9.1677e-09,-4.4104e-08,-8.4841e-09,9.2422e-10,2.6204e-08,4.4072e-08,4.6064e-08,-8.6124e-09,2.3024e-09
-0.1,0,0,0.20944,0.29671,1.3217e-08,-3.804e-08,-1.2495e-08,3.953e-09,3.8419e-08,3.3643e-08,4.4393e-08,-2.5711e-11,-1.1048e-10
0,0,0,0.20944,0.29671,1.9224e-08,-3.0697e-08,-1.9446e-08,7.2556e-09,5.0933e-08,2.4622e-08,3.483e-08,1.3876e-08,-2.7709e-09
0.1,0,0,0.20944,0.29671,2.7564e-08,-2.3795e-08,-3.2541e-08,9.2783e-09,5.9091e-08,1.7801e-08,2.5633e-08,3.0001e-08,-4.3547e-09
0.2,0,0,0.20944,0.29671,3.7518e-08,-1.8104e-08,-6.009e-08,8.4754e-09,5.8375e-08,1.2939e-08,1.8592e-08,4.2485e-08,-3.7369e-09
-0.1,0.1,0,0.20944,0.29671,1.663e-08,-6.3738e-08,-1.0331e-08,-1.0268e-09,4.6687e-08,2.2319e-08,4.2329e-08,-7.9274e-10,4.6466e-09
0,0.1,0,0.20944,0.29671,2.6132e-08,-4.7587e-08,-1.5417e-08,-2e-10,6.3095e-08,1.7426e-08,3.3319e-08,1.6616e-08,4.1075e-09
0.1,0.1,0,0.20944,0.29671,4.1456e-08,-3.4196e-08,-2.4275e-08,6.6561e-11,7.4217e-08,1.334e-08,2.4598e-08,3.7371e-08,3.8586e-09
0,0.2,0,0.20944,0.29671,3.491e-08,-7.6354e-08,-1.1702e-08,-3.038e-09,6.642e-08,1.2609e-08,2.8845e-08,1.6111e-08,6.2863e-09
-0.1,-0.1,0.1,0.20944,0.29671,1.2928e-08,-2.1236e-08,-1.8504e-08,-1.4284e-09,3.1726e-08,3.8028e-08,2.1706e-08,2.3094e-09,-1.5124e-08
0,-0.1,0.1,0.20944,0.29671,1.7887e-08,-1.8087e-08,-2.9759e-08,5.6469e-09,4.4899e-08,2.8179e-08,2.094e-08,8.9741e-09,-2.119e-08
0.1,-0.1,0.1,0.20944,0.29671,2.4047e-08,-1.4905e-08,-5.1619e-08,1.1564e-08,5.3855e-08,2.0455e-08,1.7743e-08,1.606e-08,-2.484e-08
-0.1,0,0.1,0.20944,0.29671,1.6609e-08,-3.2453e-08,-1.697e-08,-7.6246e-09,4.9417e-08,2.5851e-08,2.2987e-08,2.7801e-09,-6.0272e-09
0,0,0.1,0.20944,0.29671,2.472e-08,-2.6362e-08,-2.6885e-08,-6.9848e-09,7.3245e-08,2.0161e-08,2.1947e-08,1.1363e-08,-8.7612e-09
0.1,0,0.1,0.20944,0.29671,3.6082e-08,-2.0677e-08,-4.5603e-08,-6.9887e-09,9.1145e-08,1.5384e-08,1.8384e-08,2.0609e-08,-1.0294e-08
-0.1,0.1,0.1,0.20944,0.29671,2.0862e-08,-5.2353e-08,-1.461e-08,-8.826e-09,6.4601e-08,1.8007e-08,2.2191e-08,2.66e-09,-6.9204e-10
0,0.1,0.1,0.20944,0.29671,3.394e-08,-3.9701e-08,-2.2365e-08,-9.6111e-09,9.9138e-08,1.4657e-08,2.1188e-08,1.2799e-08,-1.743e-09
0.1,0.1,0.1,0.20944,0.29671,5.5468e-08,-2.9134e-08,-3.6054e-08,-1.053e-08,1.2677e-07,1.1662e-08,1.7774e-08,2.3893e-08,-2.2739e-09
0,0,0.2,0.20944,0.29671,2.4655e-08,-1.6843e-08,-2.7963e-08,-2.907e-08,1.0165e-07,1.2345e-08,1.3003e-08,8.9447e-09,-1.0363e-08
0,0,-0.2,0.29671,0.29671,8.5904e-10,-2.2619e-08,7.3405e-09,1.7029e-08,2.4619e-08,1.5761e-08,6.1527e-08,6.8439e-09,4.1495e-08
-0.1,-0.1,-0.1,0.29671,0.29671,6.6667e-09,-2.3217e-08,-6.8068e-09,2.2759e-08,2.129e-08,4.5615e-08,6.9306e-08,-6.2509e-09,1.0103e-08
0,-0.1,-0.1,0.29671,0.29671,9.0791e-09,-1.9922e-08,-9.2738e-09,3.1531e-08,2.5597e-08,2.9491e-08,4.6902e-08,8.927e-09,4.6527e-09
0.1,-0.1,-0.1,0.29671,0.29671,1.2151e-08,-1.6444e-08,-1.2411e-08,3.7497e-08,2.7863e-08,1.9505e-08,3.1427e-08,2.8074e-08,-2.9952e-10
-0.1,0,-0.1,0.29671,0.29671,7.4711e-09,-3.5228e-08,-4.514e-09,1.2342e-08,2.7993e-08,3.1116e-08,7.616e-08,-8.6248e-09,1.6089e-08
0,0,-0.1,0.29671,0.29671,1.0602e-08,-2.8934e-08,-5.1854e-09,1.6377e-08,3.4249e-08,2.1945e-08,4.9604e-08,1.4291e-08,1.6398e-08
0.1,0,-0.1,0.29671,0.29671,1.5013e-08,-2.2759e-08,-4.5435e-09,1.8785e-08,3.776e-08,1.5448e-08,3.2401e-08,4.4705e-08,1.6266e-08
-0.1,0.1,-0.1,0.29671,0.29671,7.9421e-09,-5.5654e-08,-2.615e-09,5.8547e-09,3.3119e-08,2.1515e-08,7.0193e-08,-1.2487e-08,1.572e-08
0,0.1,-0.1,0.29671,0.29671,1.1424e-08,-4.2993e-08,-2.2e-09,7.5499e-09,4.0983e-08,1.6248e-08,4.6066e-08,1.8084e-08,1.703e-08
0.1,0.1,-0.1,0.29671,0.29671,1.6783e-08,-3.1746e-08,-7.9647e-12,8.3811e-09,4.555e-08,1.2097e-08,3.0275e-08,6.1059e-08,1.7703e-08
0,-0.2,0,0.29671,0.29671,1.1157e-08,-1.408e-08,-2.4223e-08,6.5282e-08,1.9824e-08,4.7726e-08,2.8147e-08,6.5532e-09,-4.1652e-08
-0.1,-0.1,0,0.29671,0.29671,1.0498e-08,-2.3924e-08,-1.3613e-08,1.8578e-08,2.5869e-08,5.1338e-08,4.0029e-08,-3.1185e-10,-5.947e-09
0,-0.1,0,0.29671,0.29671,1.4784e-08,-2.0245e-08,-2.1743e-08,2.965e-08,3.3052e-08,3.3512e-08,3.2465e-08,9.9449e-09,-1.2954e-08
0.1,-0.1,0,0.29671,0.29671,2.027e-08,-1.6515e-08,-3.7794e-08,3.7883e-08,3.7204e-08,2.2177e-08,2.4481e-08,2.1658e-08,-1.7953e-08
-0.2,0,0,0.29671,0.29671,8.6698e-09,-4.3836e-08,-7.7503e-09,3.2784e-09,2.5457e-08,4.4628e-08,4.3672e-08,-9.0829e-09,5.0208e-09
-0.1,0,0,0.29671,0.29671,1.2974e-08,-3.7621e-08,-1.1351e-08,6.9896e-09,3.697e-08,3.3153e-08,4.3026e-08,-5.3122e-10,3.3967e-09
0,0,0,0.29671,0.29671,1.964e-08,-3.0213e-08,-1.7543e-08,1.0912e-08,4.8582e-08,2.3679e-08,3.4089e-08,1.3489e-08,1.3615e-09
0.1,0,0,0.29671,0.29671,2.9288e-08,-2.3324e-08,-2.9095e-08,1.3259e-08,5.5875e-08,1.6794e-08,2.5237e-08,2.9926e-08,-4.9478e-11
0.2,0,0,0.29671,0.29671,4.125e-08,-1.7689e-08,-5.3105e-08,1.23e-08,5.4695e-08,1.204e-08,1.8384e-08,4.2834e-08,1.4037e-10
-0.1,0.1,0,0.29671,0.29671,1.5647e-08,-6.3189e-08,-8.8738e-09,1.0916e-09,4.6089e-08,2.2235e-08,4.0534e-08,-1.6484e-09,7.0574e-09
0,0.1,0,0.29671,0.29671,2.5767e-08,-4.6897e-08,-1.3053e-08,2.239e-09,6.1743e-08,1.6986e-08,3.2194e-08,1.5601e-08,6.8311e-09
0.1,0.1,0,0.29671,0.29671,4.3004e-08,-3.3542e-08,-2.0196e-08,2.654e-09,7.2044e-08,1.2759e-08,2.391e-08,3.643e-08,6.6369e-09
0,0.2,0,0.29671,0.29671,3.2568e-08,-7.5355e-08,-9.299e-09,-1.4055e-09,6.652e-08,1.2421e-08,2.7486e-08,1.4394e-08,8.0624e-09
-0.1,-0.1,0.1,0.29671,0.29671,1.2768e-08,-2.0053e-08,-1.7948e-08,3.9275e-09,2.9042e-08,3.837e-08,2.0803e-08,2.1191e-09,-1.1661e-08
0,-0.1,0.1,0.29671,0.29671,1.8085e-08,-1.704e-08,-2.8916e-08,1.2973e-08,4.0655e-08,2.7313e-08,2.0424e-08,8.9093e-09,-1.7153e-08
0.1,-0.1,0.1,0.29671,0.29671,2.4844e-08,-1.4035e-08,-5.027e-08,2.0266e-08,4.8146e-08,1.9327e-08,1.7462e-08,1.6189e-08,-2.0661e-08
-0.1,0,0.1,0.29671,0.29671,1.6004e-08,-3.0464e-08,-1.6008e-08,-4.1629e-09,4.7257e-08,2.646e-08,2.1896e-08,2.3915e-09,-3.2816e-09
0,0,0.1,0.29671,0.29671,2.4487e-08,-2.4712e-08,-2.5358e-08,-2.6537e-09,6.9265e-08,1.9924e-08,2.1235e-08,1.1018e-08,-5.6501e-09
0.1,0,0.1,0.29671,0.29671,3.6696e-08,-1.9399e-08,-4.303e-08,-2.1497e-09,8.5239e-08,1.4801e-08,1.7936e-08,2.0403e-08,-7.1089e-09
-0.1,0.1,0.1,0.29671,0.29671,1.9453e-08,-4.875e-08,-1.3379e-08,-6.6084e-09,6.3848e-08,1.8581e-08,2.0993e-08,2.0328e-09,1.3621e-09
0,0.1,0.1,0.29671,0.29671,3.2672e-08,-3.6995e-08,-2.0451e-08,-7.0082e-09,9.6861e-08,1.4683e-08,2.0313e-08,1.2075e-08,5.228e-10
0.1,0.1,0.1,0.29671,0.29671,5.5159e-08,-2.7237e-08,-3.2947e-08,-7.737e-09,1.2259e-07,1.1391e-08,1.717e-08,2.3187e-08,1.8599e-11
0,0,0.2,0.29671,0.29671,2.3867e-08,-1.4414e-08,-2.696e-08,-2.4965e-08,9.4668e-08,1.2668e-08,1.2416e-08,8.6528e-09,-8.0905e-09
