0,0,-0.08,0.05236,0.05236,-9.3319e-09,-4.0996e-08,-4.3042e-08,-2.9707e-08,-4.257e-09,2.7151e-08,4.4938e-08,-3.1985e-08,1.8429e-09,-2.6422e-08,-2.8364e-08,-1.3503e-08
-0.04,-0.04,-0.04,0.05236,0.05236,-6.8417e-09,-4.795e-08,-4.3496e-08,-2.1588e-08,5.6639e-10,2.275e-08,4.8954e-08,-3.2343e-08,-1.189e-09,-1.797e-08,-2.6294e-08,-1.863e-08
0,-0.04,-0.04,0.05236,0.05236,-8.4658e-09,-4.9095e-08,-3.3421e-08,-2.1028e-08,1.8868e-09,2.9997e-08,4.2125e-08,-3.8367e-08,-2.4006e-09,-1.9067e-08,-3.1118e-08,-1.6724e-08
0.04,-0.04,-0.04,0.05236,0.05236,-1.6614e-08,-4.2804e-08,-2.8048e-08,-1.9596e-08,1.9928e-09,4.1909e-08,3.5422e-08,-3.6514e-08,-5.465e-10,-2.1394e-08,-4.1236e-08,-1.1933e-08
-0.04,0,-0.04,0.05236,0.05236,-4.2982e-09,-5.0866e-08,-5.1151e-08,-2.7462e-08,5.122e-10,1.7631e-08,4.2977e-08,-2.7807e-08,1.985e-10,-2.0437e-08,-2.5553e-08,-1.2864e-08
0,0,-0.04,0.05236,0.05236,-1.0651e-08,-5.0018e-08,-4.1243e-08,-2.6803e-08,1.4771e-09,2.6017e-08,3.9034e-08,-2.9679e-08,2.3617e-09,-2.2159e-08,-3.1074e-08,-1.1546e-08
0.04,0,-0.04,0.05236,0.05236,-1.415e-08,-4.6074e-08,-3.114e-08,-2.4059e-08,5.3871e-10,3.2993e-08,3.4197e-08,-2.9372e-08,1.4527e-09,-2.2244e-08,-3.7411e-08,-9.338e-09
-0.04,0.04,-0.04,0.05236,0.05236,-6.2999e-09,-5.4032e-08,-5.5805e-08,-3.4414e-08,6.4113e-10,1.6236e-08,4.1414e-08,-2.4779e-08,3.9495e-09,-2.1346e-08,-2.3077e-08,-1.1849e-08
0,0.04,-0.04,0.05236,0.05236,-9.368e-09,-5.0025e-08,-4.62e-08,-3.4674e-08,-2.7046e-09,2.1482e-08,3.5673e-08,-2.391e-08,4.5968e-09,-2.2813e-08,-3.0671e-08,-7.9825e-09
0.04,0.04,-0.04,0.05236,0.05236,-1.2695e-08,-4.7358e-08,-3.7054e-08,-2.8683e-08,2.1542e-09,2.8552e-08,3.1952e-08,-2.642e-08,3.2168e-09,-2.5681e-08,-3.4571e-08,-7.8087e-09
0,-0.08,0,0.05236,0.05236,-8.8823e-09,-5.618e-08,-2.8327e-08,-1.5845e-08,6.0487e-09,3.27e-08,3.7547e-08,-3.8174e-08,-5.8764e-09,-1.4035e-08,-3.4117e-08,-1.6953e-08
-0.04,-0.04,0,0.05236,0.05236,-2.7982e-09,-6.0435e-08,-4.0371e-08,-2.1098e-08,8.7558e-09,2.0523e-08,4.0881e-08,-2.7629e-08,-3.406e-09,-1.3507e-08,-2.6171e-08,-1.3978e-08
0,-0.04,0,0.05236,0.05236,-8.0145e-09,-5.7439e-08,-3.3191e-08,-1.9617e-08,6.1953e-09,2.6975e-08,3.4274e-08,-3.3744e-08,-4.5846e-09,-1.6689e-08,-3.3691e-08,-1.2571e-08
0.04,-0.04,0,0.05236,0.05236,-1.8276e-08,-5.2278e-08,-2.7151e-08,-1.7115e-08,6.6792e-09,3.7709e-08,3.1658e-08,-3.1935e-08,-5.2781e-09,-1.5091e-08,-3.9633e-08,-7.823e-09
-0.08,0,0,0.05236,0.05236,-1.3263e-09,-6.2471e-08,-4.9749e-08,-2.6758e-08,1.1117e-08,1.3049e-08,3.8144e-08,-2.423e-08,-1.6922e-09,-1.5427e-08,-2.1433e-08,-1.3217e-08
-0.04,0,0,0.05236,0.05236,-4.5748e-09,-6.2955e-08,-4.6154e-08,-2.4598e-08,6.5848e-09,1.9611e-08,3.8009e-08,-2.587e-08,-4.1868e-10,-1.6641e-08,-2.5767e-08,-1.1157e-08
0,0,0,0.05236,0.05236,-7.292e-09,-5.9432e-08,-3.8871e-08,-2.3326e-08,5.6766e-09,2.6892e-08,3.1934e-08,-2.6295e-08,-1.6784e-09,-1.6347e-08,-2.9837e-08,-7.6155e-09
0.04,0,0,0.05236,0.05236,-1.5524e-08,-5.2998e-08,-3.3352e-08,-2.3364e-08,5.107e-09,2.761e-08,3.0649e-08,-2.8102e-08,-1.1177e-09,-1.5406e-08,-3.9995e-08,-5.5475e-09
0.08,0,0,0.05236,0.05236,-2.1256e-08,-4.8779e-08,-2.5522e-08,-2.1817e-08,4.9268e-09,3.6517e-08,2.6875e-08,-2.7454e-08,-2.16e-09,-1.6091e-08,-4.8281e-08,-3.3924e-09
-0.04,0.04,0,0.05236,0.05236,-5.0775e-09,-6.2614e-08,-5.0439e-08,-3.0343e-08,8.0428e-09,1.5598e-08,3.5006e-08,-2.086e-08,1.7966e-09,-1.7605e-08,-2.4063e-08,-6.8189e-09
0,0.04,0,0.05236,0.05236,-7.5871e-09,-6.2408e-08,-4.2245e-08,-3.1084e-08,7.4798e-09,2.1586e-08,3.1019e-08,-2.3178e-08,3.185e-09,-1.6945e-08,-3.143e-08,-6.6446e-09
0.04,0.04,0,0.05236,0.05236,-1.4466e-08,-5.4208e-08,-3.6335e-08,-2.8705e-08,6.2611e-09,2.6406e-08,2.8492e-08,-2.2588e-08,4.9742e-09,-1.571e-08,-3.6152e-08,-3.6977e-09
0,0.08,0,0.05236,0.05236,-8.2252e-09,-5.9436e-08,-4.735e-08,-3.9211e-08,8.2725e-09,1.7919e-08,3.0141e-08,-1.9341e-08,6.4054e-09,-1.8435e-08,-2.7701e-08,-3.2601e-09
-0.04,-0.04,0.04,0.05236,0.05236,-9.5104e-11,-6.9288e-08,-3.5926e-08,-1.7044e-08,1.4527e-08,1.9037e-08,3.0837e-08,-2.5264e-08,-7.0603e-09,-1.0685e-08,-2.6869e-08,-8.2254e-09
0,-0.04,0.04,0.05236,0.05236,-8.674e-09,-6.8259e-08,-3.1971e-08,-1.5342e-08,1.1834e-08,2.7223e-08,2.9765e-08,-2.9218e-08,-9.3581e-09,-1.0452e-08,-3.3829e-08,-5.435e-09
0.04,-0.04,0.04,0.05236,0.05236,-1.3631e-08,-6.0349e-08,-2.6681e-08,-1.5193e-08,9.4456e-09,3.0111e-08,2.7337e-08,-2.6903e-08,-1.0482e-08,-9.9736e-09,-3.7513e-08,-3.5997e-09
-0.04,0,0.04,0.05236,0.05236,-1.2625e-09,-7.0621e-08,-4.1608e-08,-2.2313e-08,1.3991e-08,1.6839e-08,3.2593e-08,-2.2495e-08,-3.2454e-09,-1.1104e-08,-2.7666e-08,-3.7996e-09
0,0,0.04,0.05236,0.05236,-7.0883e-09,-6.3912e-08,-3.3043e-08,-1.9396e-08,1.3237e-08,2.3693e-08,2.8172e-08,-2.3152e-08,-4.9981e-09,-1.1528e-08,-3.0565e-08,-2.5809e-09
0.04,0,0.04,0.05236,0.05236,-1.6134e-08,-6.2988e-08,-2.8987e-08,-1.7979e-08,1.0165e-08,2.8476e-08,2.636e-08,-2.1754e-08,-4.5753e-09,-1.0505e-08,-3.7912e-08,-1.4588e-09
-0.04,0.04,0.04,0.05236,0.05236,-2.5995e-09,-7.7836e-08,-4.4259e-08,-2.4495e-08,1.3193e-08,1.5427e-08,3.0947e-08,-1.9122e-08,-1.0663e-09,-1.0487e-08,-2.4748e-08,-1.4317e-09
0,0.04,0.04,0.05236,0.05236,-7.2846e-09,-7.4633e-08,-3.9073e-08,-2.5245e-08,1.2243e-08,1.8731e-08,2.7462e-08,-1.9701e-08,8.746e-10,-1.1545e-08,-2.8806e-08,2.4008e-11
0.04,0.04,0.04,0.05236,0.05236,-1.2804e-08,-6.9264e-08,-3.2326e-08,-2.4036e-08,1.0306e-08,2.3525e-08,2.4803e-08,-2.0503e-08,-5.156e-10,-9.6831e-09,-3.4838e-08,3.2181e-10
0,0,0.08,0.05236,0.05236,-4.6979e-09,-8.1494e-08,-3.2493e-08,-1.5199e-08,1.7942e-08,1.993e-08,2.3436e-08,-1.9109e-08,-9.032e-09,-6.1476e-09,-2.9208e-08,1.4876e-09
0,0,-0.08,0.10472,0.05236,-1.0712e-08,-3.9837e-08,-4.3402e-08,-2.5781e-08,-1.7185e-09,2.51e-08,4.6417e-08,-3.3008e-08,1.6844e-09,-2.5677e-08,-2.7927e-08,-1.9065e-08
-0.04,-0.04,-0.04,0.10472,0.05236,-4.891e-09,-4.7157e-08,-4.1912e-08,-2.0981e-08,2.5553e-09,1.961e-08,4.8293e-08,-3.59e-08,-2.809e-09,-1.6978e-08,-2.4901e-08,-2.2985e-08
0,-0.04,-0.04,0.10472,0.05236,-1.034e-08,-4.3687e-08,-3.6164e-08,-2.128e-08,3.2105e-09,3.1469e-08,4.1525e-08,-3.7819e-08,-2.8743e-09,-1.9053e-08,-3.0726e-08,-1.7694e-08
0.04,-0.04,-0.04,0.10472,0.05236,-1.4997e-08,-4.4368e-08,-3.055e-08,-2.0092e-08,3.2771e-09,4.128e-08,3.705e-08,-3.6784e-08,-4.6404e-09,-1.9396e-08,-3.7813e-08,-1.5586e-08
-0.04,0,-0.04,0.10472,0.05236,-4.6727e-09,-5.0858e-08,-4.8406e-08,-2.6231e-08,4.2599e-09,1.5913e-08,4.5012e-08,-3.0726e-08,-4.4829e-10,-2.0081e-08,-2.5534e-08,-1.745e-08
0,0,-0.04,0.10472,0.05236,-1.0311e-08,-4.8697e-08,-4.4747e-08,-2.5326e-08,1.0219e-09,2.5141e-08,3.9376e-08,-3.0344e-08,-1.8679e-09,-1.9906e-08,-3.1883e-08,-1.4494e-08
0.04,0,-0.04,0.10472,0.05236,-1.4356e-08,-4.3121e-08,-3.4668e-08,-2.1919e-08,2.3307e-09,3.1839e-08,3.7214e-08,-3.2673e-08,1.1976e-09,-2.1505e-08,-3.8041e-08,-9.8132e-09
-0.04,0.04,-0.04,0.10472,0.05236,-5.7958e-09,-5.2573e-08,-5.7469e-08,-3.1433e-08,6.2114e-10,1.2239e-08,4.2872e-08,-2.4914e-08,2.0704e-09,-2.2314e-08,-2.3737e-08,-1.2273e-08
0,0.04,-0.04,0.10472,0.05236,-8.2301e-09,-5.0268e-08,-4.4922e-08,-3.1932e-08,9.3763e-10,1.8695e-08,3.9239e-08,-2.5553e-08,2.7316e-09,-2.2062e-08,-2.8566e-08,-1.1643e-08
0.04,0.04,-0.04,0.10472,0.05236,-1.2546e-08,-4.5902e-08,-3.6866e-08,-2.7556e-08,1.7512e-09,2.7009e-08,3.3592e-08,-2.5072e-08,5.5404e-09,-2.5143e-08,-3.3364e-08,-8.7635e-09
0,-0.08,0,0.10472,0.05236,-9.9369e-09,-4.8327e-08,-3.1452e-08,-1.4485e-08,9.6875e-09,2.9747e-08,3.7386e-08,-4.1093e-08,-7.4449e-09,-1.1972e-08,-3.4685e-08,-1.8514e-08
-0.04,-0.04,0,0.10472,0.05236,-4.3386e-09,-5.6248e-08,-3.9103e-08,-1.8097e-08,8.6941e-09,1.9298e-08,4.115e-08,-3.1189e-08,-5.2122e-09,-1.3563e-08,-2.6436e-08,-1.9489e-08
0,-0.04,0,0.10472,0.05236,-9.2525e-09,-5.357e-08,-3.4673e-08,-1.5941e-08,7.35e-09,2.5779e-08,3.7207e-08,-3.0727e-08,-6.2278e-09,-1.4106e-08,-3.4507e-08,-1.5759e-08
0.04,-0.04,0,0.10472,0.05236,-1.7179e-08,-4.8511e-08,-3.0606e-08,-1.8676e-08,7.1156e-09,3.5284e-08,3.236e-08,-3.498e-08,-7.4439e-09,-1.4805e-08,-3.7177e-08,-1.275e-08
-0.08,0,0,0.10472,0.05236,1.4431e-10,-6.4511e-08,-5.4463e-08,-2.2011e-08,1.0433e-08,1.259e-08,3.9459e-08,-2.7431e-08,-3.3709e-09,-1.3296e-08,-2.2397e-08,-1.5175e-08
-0.04,0,0,0.10472,0.05236,-4.3298e-09,-6.6979e-08,-4.4746e-08,-2.2687e-08,8.3492e-09,1.7895e-08,3.6976e-08,-2.7576e-08,-2.3454e-09,-1.432e-08,-2.5367e-08,-1.1596e-08
0,0,0,0.10472,0.05236,-7.7385e-09,-5.7495e-08,-3.7274e-08,-2.0703e-08,6.6722e-09,2.5246e-08,3.531e-08,-2.7569e-08,-2.3639e-09,-1.5825e-08,-3.1181e-08,-1.0086e-08
0.04,0,0,0.10472,0.05236,-1.5937e-08,-5.4133e-08,-3.2587e-08,-2.0139e-08,5.578e-09,3.1821e-08,3.1536e-08,-2.74e-08,-4.1205e-09,-1.6731e-08,-3.6895e-08,-7.069e-09
0.08,0,0,0.10472,0.05236,-2.0397e-08,-4.6731e-08,-2.6057e-08,-1.7731e-08,7.2397e-09,3.4112e-08,2.8847e-08,-2.9722e-08,-4.0544e-09,-1.4497e-08,-4.7158e-08,-5.0044e-09
-0.04,0.04,0,0.10472,0.05236,-4.2198e-09,-6.4368e-08,-5.0143e-08,-2.9126e-08,7.3457e-09,1.4269e-08,3.4799e-08,-2.312e-08,-6.7092e-10,-1.4262e-08,-2.3982e-08,-8.0967e-09
0,0.04,0,0.10472,0.05236,-9.2298e-09,-5.8526e-08,-4.0327e-08,-2.7523e-08,6.4868e-09,1.9056e-08,3.2713e-08,-2.2348e-08,6.281e-10,-1.7419e-08,-3.06e-08,-7.0573e-09
0.04,0.04,0,0.10472,0.05236,-1.3456e-08,-5.2869e-08,-3.5928e-08,-2.5074e-08,5.9992e-09,2.4336e-08,2.9508e-08,-2.3577e-08,1.6434e-09,-1.5727e-08,-3.5621e-08,-6.8758e-09
0,0.08,0,0.10472,0.05236,-8.1484e-09,-5.9683e-08,-4.6243e-08,-3.3408e-08,8.131e-09,1.5436e-08,2.9434e-08,-1.9848e-08,5.9416e-09,-1.4651e-08,-2.5947e-08,-5.1439e-09
-0.04,-0.04,0.04,0.10472,0.05236,-1.2089e-09,-6.4426e-08,-3.4397e-08,-1.5363e-08,1.8318e-08,1.8469e-08,3.324e-08,-2.5827e-08,-8.032e-09,-1.0035e-08,-2.8264e-08,-1.1085e-08
0,-0.04,0.04,0.10472,0.05236,-9.109e-09,-6.2107e-08,-3.2078e-08,-1.3996e-08,1.2343e-08,2.4257e-08,3.0019e-08,-2.8612e-08,-9.1652e-09,-8.5798e-09,-3.034e-08,-6.7278e-09
0.04,-0.04,0.04,0.10472,0.05236,-1.718e-08,-5.3528e-08,-2.6879e-08,-1.4107e-08,1.0137e-08,2.8577e-08,2.7908e-08,-2.7515e-08,-1.0461e-08,-8.8705e-09,-3.7574e-08,-4.9085e-09
-0.04,0,0.04,0.10472,0.05236,-3.1963e-09,-7.6101e-08,-4.3127e-08,-1.6325e-08,1.7567e-08,1.6768e-08,3.089e-08,-2.3965e-08,-6.3134e-09,-1.0786e-08,-2.619e-08,-6.7747e-09
0,0,0.04,0.10472,0.05236,-7.3653e-09,-6.9422e-08,-3.698e-08,-1.6782e-08,1.1894e-08,2.2372e-08,2.9823e-08,-2.5402e-08,-6.3079e-09,-1.0347e-08,-3.1625e-08,-3.5272e-09
0.04,0,0.04,0.10472,0.05236,-1.4661e-08,-6.3361e-08,-2.9244e-08,-1.7229e-08,1.0554e-08,2.6792e-08,2.5962e-08,-2.4799e-08,-6.9128e-09,-9.6988e-09,-3.9305e-08,-2.2959e-09
-0.04,0.04,0.04,0.10472,0.05236,-3.3915e-09,-7.3163e-08,-4.7247e-08,-2.3612e-08,1.3798e-08,1.5144e-08,2.7732e-08,-2.0488e-08,-3.0184e-09,-1.1311e-08,-2.4529e-08,-4.9372e-09
0,0.04,0.04,0.10472,0.05236,-7.7474e-09,-7.3479e-08,-4.0169e-08,-2.2082e-08,1.4792e-08,1.784e-08,2.9026e-08,-2.1214e-08,-3.8121e-09,-1.0253e-08,-2.8537e-08,-3.9563e-09
0.04,0.04,0.04,0.10472,0.05236,-1.3256e-08,-6.7207e-08,-3.1719e-08,-1.9938e-08,1.0338e-08,2.3324e-08,2.6116e-08,-2.12e-08,-3.1361e-09,-8.5832e-09,-3.6027e-08,-4.9581e-10
0,0,0.08,0.10472,0.05236,-7.9958e-09,-8.5429e-08,-3.1926e-08,-1.2508e-08,1.8315e-08,1.9081e-08,2.4251e-08,-2.0495e-08,-1.1471e-08,-3.935e-09,-3.0443e-08,-2.2154e-10
0,0,-0.08,0.15708,0.05236,-1.0405e-08,-4.2133e-08,-4.7958e-08,-2.5461e-08,-2.3711e-09,1.9816e-08,4.3047e-08,-3.177e-08,-2.1061e-10,-2.4287e-08,-2.9478e-08,-1.7665e-08
-0.04,-0.04,-0.04,0.15708,0.05236,-6.5298e-09,-4.5975e-08,-4.3388e-08,-1.8691e-08,4.6466e-09,1.8838e-08,4.7903e-08,-3.9354e-08,-4.2872e-09,-1.6313e-08,-2.68e-08,-2.4987e-08
0,-0.04,-0.04,0.15708,0.05236,-1.0376e-08,-4.4368e-08,-3.7702e-08,-1.8002e-08,4.5196e-09,2.3243e-08,4.1427e-08,-3.9599e-08,-5.7454e-09,-1.8688e-08,-3.2396e-08,-2.0075e-08
0.04,-0.04,-0.04,0.15708,0.05236,-1.6247e-08,-4.3237e-08,-3.0897e-08,-1.7142e-08,3.8309e-09,3.6848e-08,3.937e-08,-4.1335e-08,-4.8071e-09,-1.8821e-08,-3.9844e-08,-1.6697e-08
-0.04,0,-0.04,0.15708,0.05236,-5.7508e-09,-4.9417e-08,-5.3507e-08,-2.1956e-08,3.8161e-09,1.7279e-08,4.5427e-08,-3.076e-08,-1.8549e-09,-1.959e-08,-2.5599e-08,-2.0049e-08
0,0,-0.04,0.15708,0.05236,-1.0321e-08,-4.7604e-08,-4.3902e-08,-2.2779e-08,2.016e-09,2.2e-08,4.0883e-08,-3.0434e-08,-1.6789e-09,-1.8773e-08,-3e-08,-1.605e-08
0.04,0,-0.04,0.15708,0.05236,-1.5261e-08,-4.578e-08,-3.4314e-08,-2.2321e-08,2.1708e-09,3.2015e-08,3.6823e-08,-3.0484e-08,-2.1389e-09,-2.1488e-08,-3.5639e-08,-1.1687e-08
-0.04,0.04,-0.04,0.15708,0.05236,-6.1966e-09,-5.2201e-08,-5.4837e-08,-3.1148e-08,9.5826e-10,1.2624e-08,4.2846e-08,-2.6056e-08,1.2829e-09,-1.9454e-08,-2.2558e-08,-1.4988e-08
0,0.04,-0.04,0.15708,0.05236,-9.08e-09,-5.1581e-08,-5.3239e-08,-2.9759e-08,1.0756e-09,1.7755e-08,3.5671e-08,-2.6454e-08,2.3697e-10,-2.1845e-08,-2.7094e-08,-1.3649e-08
0.04,0.04,-0.04,0.15708,0.05236,-1.3878e-08,-4.5138e-08,-3.9093e-08,-2.5261e-08,2.2041e-09,2.5007e-08,3.1328e-08,-2.7411e-08,1.8181e-09,-1.9871e-08,-3.3188e-08,-9.9072e-09
0,-0.08,0,0.15708,0.05236,-8.0318e-09,-4.9198e-08,-3.1139e-08,-1.1756e-08,8.8574e-09,2.9795e-08,3.4893e-08,-4.2149e-08,-8.7237e-09,-1.1824e-08,-3.2345e-08,-2.2315e-08
-0.04,-0.04,0,0.15708,0.05236,-5.3326e-09,-5.1744e-08,-4.1748e-08,-1.663e-08,9.0588e-09,1.912e-08,4.0066e-08,-3.3498e-08,-6.6754e-09,-1.2292e-08,-2.6932e-08,-2.0098e-08
0,-0.04,0,0.15708,0.05236,-8.8073e-09,-5.0913e-08,-3.5123e-08,-1.5578e-08,9.2202e-09,2.4652e-08,3.4828e-08,-3.4082e-08,-7.9706e-09,-1.205e-08,-3.2131e-08,-1.5825e-08
0.04,-0.04,0,0.15708,0.05236,-1.7576e-08,-4.8154e-08,-2.9306e-08,-1.413e-08,7.7942e-09,3.1803e-08,3.3367e-08,-3.6678e-08,-8.374e-09,-1.197e-08,-4.0621e-08,-1.3032e-08
-0.08,0,0,0.15708,0.05236,-4.5838e-10,-6.4458e-08,-5.6637e-08,-2.0168e-08,1.2591e-08,1.1367e-08,4.0346e-08,-2.6686e-08,-3.572e-09,-1.4045e-08,-2.1583e-08,-1.9312e-08
-0.04,0,0,0.15708,0.05236,-4.5745e-09,-5.6999e-08,-4.9723e-08,-1.9875e-08,9.9213e-09,1.5254e-08,3.8144e-08,-2.6556e-08,-4.0913e-09,-1.4327e-08,-2.5224e-08,-1.3633e-08
0,0,0,0.15708,0.05236,-8.8372e-09,-5.9613e-08,-3.9069e-08,-1.8831e-08,9.9118e-09,2.2372e-08,3.4731e-08,-3.0351e-08,-6.6379e-09,-1.3489e-08,-3.0735e-08,-1.2798e-08
0.04,0,0,0.15708,0.05236,-1.5619e-08,-5.2669e-08,-3.4929e-08,-1.6521e-08,6.9802e-09,2.8119e-08,3.0729e-08,-2.9259e-08,-7.05e-09,-1.2159e-08,-3.9611e-08,-1.1018e-08
0.08,0,0,0.15708,0.05236,-2.3971e-08,-4.876e-08,-2.5353e-08,-1.6521e-08,6.4427e-09,3.418e-08,2.7305e-08,-2.9719e-08,-5.8659e-09,-1.0017e-08,-4.8523e-08,-7.1062e-09
-0.04,0.04,0,0.15708,0.05236,-6.1708e-09,-6.1674e-08,-5.5299e-08,-2.5417e-08,9.7593e-09,1.3163e-08,3.6498e-08,-2.3615e-08,-2.0318e-09,-1.3864e-08,-2.5775e-08,-1.0086e-08
0,0.04,0,0.15708,0.05236,-8.8852e-09,-6.0951e-08,-4.6393e-08,-2.5616e-08,9.0127e-09,1.6489e-08,3.1554e-08,-2.3824e-08,-1.565e-09,-1.4125e-08,-2.8864e-08,-8.4114e-09
0.04,0.04,0,0.15708,0.05236,-1.4988e-08,-5.4027e-08,-3.7775e-08,-2.3168e-08,7.5385e-09,2.5262e-08,2.7228e-08,-2.5468e-08,-2.4221e-09,-1.4989e-08,-3.2906e-08,-8.7165e-09
0,0.08,0,0.15708,0.05236,-7.9039e-09,-6.2466e-08,-4.8756e-08,-2.921e-08,7.2155e-09,1.4797e-08,2.9303e-08,-2.0732e-08,1.9043e-09,-1.3514e-08,-2.7122e-08,-7.4951e-09
-0.04,-0.04,0.04,0.15708,0.05236,-2.4206e-09,-6.4621e-08,-3.7827e-08,-1.2916e-08,1.8272e-08,1.8733e-08,3.276e-08,-2.7024e-08,-8.0227e-09,-9.3608e-09,-2.7396e-08,-1.4488e-08
0,-0.04,0.04,0.15708,0.05236,-6.8607e-09,-6.2653e-08,-3.3343e-08,-1.1306e-08,1.3766e-08,2.2254e-08,2.9897e-08,-2.9938e-08,-1.1093e-08,-7.2312e-09,-3.2265e-08,-1.2072e-08
0.04,-0.04,0.04,0.15708,0.05236,-1.6498e-08,-5.8289e-08,-2.8721e-08,-1.0109e-08,1.2196e-08,3.0294e-08,2.8267e-08,-3.1328e-08,-1.3891e-08,-7.4469e-09,-3.7957e-08,-6.6259e-09
-0.04,0,0.04,0.15708,0.05236,-3.0698e-09,-7.7192e-08,-4.4419e-08,-1.6595e-08,1.6203e-08,1.4603e-08,3.1793e-08,-2.4825e-08,-7.3628e-09,-9.6382e-09,-2.5278e-08,-6.6816e-09
0,0,0.04,0.15708,0.05236,-5.771e-09,-6.7896e-08,-3.4659e-08,-1.5622e-08,1.3673e-08,2.0277e-08,2.7833e-08,-2.6076e-08,-8.1712e-09,-7.6963e-09,-3.0628e-08,-7.7594e-09
0.04,0,0.04,0.15708,0.05236,-1.6767e-08,-6.3474e-08,-2.9262e-08,-1.501e-08,1.25e-08,2.4993e-08,2.7302e-08,-2.4884e-08,-1.0045e-08,-6.6837e-09,-3.8419e-08,-5.5598e-09
-0.04,0.04,0.04,0.15708,0.05236,-3.2654e-09,-8.0623e-08,-4.5948e-08,-2.0334e-08,1.6493e-08,1.2882e-08,2.9669e-08,-2.0769e-08,-6.4415e-09,-8.6325e-09,-2.3984e-08,-6.2659e-09
0,0.04,0.04,0.15708,0.05236,-7.7625e-09,-7.016e-08,-4.1016e-08,-1.8288e-08,1.3561e-08,1.6078e-08,2.7829e-08,-2.2203e-08,-6.6319e-09,-7.9092e-09,-3.0372e-08,-6.2607e-09
0.04,0.04,0.04,0.15708,0.05236,-1.2222e-08,-6.5292e-08,-3.3228e-08,-1.6526e-08,1.1446e-08,1.9743e-08,2.462e-08,-2.1843e-08,-5.0394e-09,-7.8496e-09,-3.518e-08,-3.4434e-09
0,0,0.08,0.15708,0.05236,-7.2416e-09,-7.9956e-08,-3.2567e-08,-8.5045e-09,1.7944e-08,1.9677e-08,2.3278e-08,-2.1486e-08,-1.5057e-08,-4.475e-09,-2.9998e-08,-3.6411e-09
0,0,-0.08,0.05236,0.10472,-9.4319e-09,-4.1897e-08,-4.5843e-08,-2.9297e-08,-5.7091e-09,2.748e-08,4.7062e-08,-3.1567e-08,3.7265e-09,-2.4914e-08,-3.0043e-08,-1.3573e-08
-0.04,-0.04,-0.04,0.05236,0.10472,-6.6062e-09,-5.0588e-08,-4.3152e-08,-2.3374e-08,-9.5351e-10,2.088e-08,4.6886e-08,-3.3774e-08,-1.759e-09,-1.8521e-08,-2.5962e-08,-1.9406e-08
0,-0.04,-0.04,0.05236,0.10472,-1.1177e-08,-4.9329e-08,-3.6447e-08,-2.1745e-08,2.3622e-09,3.108e-08,4.0379e-08,-3.3798e-08,-9.5148e-10,-2.1183e-08,-3.2635e-08,-1.572e-08
0.04,-0.04,-0.04,0.05236,0.10472,-1.5633e-08,-4.3129e-08,-2.8493e-08,-2.1854e-08,1.1168e-09,3.8203e-08,3.7968e-08,-3.909e-08,-1.6826e-09,-2.0275e-08,-3.7286e-08,-1.2074e-08
-0.04,0,-0.04,0.05236,0.10472,-6.597e-09,-4.9889e-08,-4.7403e-08,-2.8734e-08,2.3806e-09,1.8377e-08,4.6123e-08,-3.0137e-08,1.817e-09,-2.1611e-08,-2.5788e-08,-1.4154e-08
0,0,-0.04,0.05236,0.10472,-8.9502e-09,-5.0059e-08,-3.9169e-08,-2.7753e-08,1.4872e-09,2.7945e-08,3.9103e-08,-3.0174e-08,3.986e-10,-2.0756e-08,-3.1453e-08,-1.2e-08
0.04,0,-0.04,0.05236,0.10472,-1.4285e-08,-4.701e-08,-3.2757e-08,-2.5991e-08,1.7853e-09,3.3886e-08,3.667e-08,-3.1925e-08,2.5539e-09,-2.4341e-08,-3.7712e-08,-8.0497e-09
-0.04,0.04,-0.04,0.05236,0.10472,-5.1936e-09,-4.8901e-08,-5.5923e-08,-3.4196e-08,-2.3561e-09,1.3749e-08,3.8869e-08,-2.4267e-08,3.2828e-09,-2.1817e-08,-2.3263e-08,-1.0181e-08
0,0.04,-0.04,0.05236,0.10472,-9.0604e-09,-5.4089e-08,-4.5547e-08,-3.4094e-08,-9.3018e-10,2.4442e-08,3.5468e-08,-2.4622e-08,4.3882e-09,-2.4116e-08,-2.92e-08,-8.362e-09
0.04,0.04,-0.04,0.05236,0.10472,-1.3306e-08,-4.8657e-08,-3.8126e-08,-3.1708e-08,1.769e-09,3.1247e-08,3.2802e-08,-2.515e-08,4.3868e-09,-2.6568e-08,-3.1103e-08,-7.7369e-09
0,-0.08,0,0.05236,0.10472,-8.8207e-09,-5.2469e-08,-2.8871e-08,-1.6566e-08,6.9232e-09,2.89e-08,3.5473e-08,-3.6445e-08,-7.1999e-09,-1.4438e-08,-3.1972e-08,-1.805e-08
-0.04,-0.04,0,0.05236,0.10472,-4.6417e-09,-5.5444e-08,-3.7359e-08,-2.0288e-08,6.319e-09,2.3124e-08,3.8374e-08,-3.0023e-08,-2.8269e-09,-1.375e-08,-2.74e-08,-1.4031e-08
0,-0.04,0,0.05236,0.10472,-1.0585e-08,-5.6169e-08,-3.3262e-08,-1.8627e-08,6.7596e-09,2.9358e-08,3.8012e-08,-3.0498e-08,-4.3519e-09,-1.5265e-08,-3.4117e-08,-1.3224e-08
0.04,-0.04,0,0.05236,0.10472,-1.713e-08,-5.2946e-08,-2.8123e-08,-1.8788e-08,5.9273e-09,3.333e-08,3.1728e-08,-3.1086e-08,-5.8479e-09,-1.4743e-08,-3.9492e-08,-9.5853e-09
-0.08,0,0,0.05236,0.10472,-4.0496e-10,-6.4454e-08,-5.1202e-08,-2.6353e-08,8.4663e-09,1.1327e-08,3.9379e-08,-2.3969e-08,-3.5896e-10,-1.4754e-08,-2.204e-08,-1.23e-08
-0.04,0,0,0.05236,0.10472,-3.5059e-09,-6.2808e-08,-4.5158e-08,-2.313e-08,8.526e-09,1.7734e-08,3.7316e-08,-2.432e-08,-7.4653e-10,-1.5036e-08,-2.4598e-08,-1.0896e-08
0,0,0,0.05236,0.10472,-8.5541e-09,-6.051e-08,-3.8767e-08,-2.4219e-08,7.0819e-09,2.46e-08,3.1715e-08,-2.6464e-08,-9.5156e-10,-1.4356e-08,-3.0918e-08,-8.4463e-09
0.04,0,0,0.05236,0.10472,-1.6038e-08,-5.5728e-08,-3.2438e-08,-2.1429e-08,5.4475e-09,3.1727e-08,2.8791e-08,-2.9152e-08,-1.748e-09,-1.4611e-08,-3.9863e-08,-5.9667e-09
0.08,0,0,0.05236,0.10472,-2.186e-08,-4.6492e-08,-2.6502e-08,-2.011e-08,5.3604e-09,3.8101e-08,2.7087e-08,-2.8064e-08,3.826e-10,-1.4523e-08,-4.8028e-08,-4.034e-09
-0.04,0.04,0,0.05236,0.10472,-3.8519e-09,-6.0612e-08,-5.084e-08,-3.4138e-08,8.442e-09,1.5151e-08,3.4771e-08,-2.1349e-08,1.7999e-09,-1.7177e-08,-2.6233e-08,-6.5068e-09
0,0.04,0,0.05236,0.10472,-8.8349e-09,-6.1353e-08,-4.3487e-08,-3.1216e-08,7.6802e-09,2.0679e-08,3.1767e-08,-2.134e-08,1.6662e-09,-1.6413e-08,-2.6277e-08,-3.1243e-09
0.04,0.04,0,0.05236,0.10472,-1.4639e-08,-5.5837e-08,-3.423e-08,-2.6225e-08,6.7786e-09,2.5145e-08,2.949e-08,-2.3497e-08,3.4926e-09,-1.7643e-08,-3.5291e-08,-3.0865e-09
0,0.08,0,0.05236,0.10472,-8.0476e-09,-6.0032e-08,-4.7049e-08,-3.8969e-08,6.2152e-09,1.8497e-08,2.9876e-08,-1.9605e-08,7.7073e-09,-1.5796e-08,-2.7113e-08,-2.6974e-09
-0.04,-0.04,0.04,0.05236,0.10472,-8.7122e-10,-6.7872e-08,-3.6757e-08,-1.478e-08,1.206e-08,1.9271e-08,3.3665e-08,-2.48e-08,-6.2517e-09,-1.0971e-08,-2.7875e-08,-6.1095e-09
0,-0.04,0.04,0.05236,0.10472,-7.3192e-09,-6.3862e-08,-3.0695e-08,-1.7224e-08,1.2048e-08,2.3723e-08,3.0073e-08,-2.6772e-08,-6.6937e-09,-1.1732e-08,-3.3384e-08,-6.4263e-09
0.04,-0.04,0.04,0.05236,0.10472,-1.4081e-08,-6.3449e-08,-2.6014e-08,-1.519e-08,1.0289e-08,3.0893e-08,2.6145e-08,-2.6572e-08,-9.8593e-09,-1.0247e-08,-3.9173e-08,-3.9953e-09
-0.04,0,0.04,0.05236,0.10472,-1.9198e-09,-7.1147e-08,-4.0227e-08,-2.3075e-08,1.524e-08,1.8348e-08,3.0307e-08,-2.1777e-08,-5.2446e-09,-1.1779e-08,-2.5922e-08,-4.1304e-09
0,0,0.04,0.05236,0.10472,-5.4669e-09,-7.2181e-08,-3.3535e-08,-1.9382e-08,1.3422e-08,2.1003e-08,2.7042e-08,-2.3073e-08,-5.5629e-09,-1.039e-08,-3.3094e-08,-2.9441e-09
0.04,0,0.04,0.05236,0.10472,-1.5769e-08,-6.4635e-08,-2.8547e-08,-1.8474e-08,9.5971e-09,2.739e-08,2.5409e-08,-2.2869e-08,-5.6508e-09,-9.8553e-09,-3.5799e-08,-2.3445e-09
-0.04,0.04,0.04,0.05236,0.10472,-2.3896e-09,-7.34e-08,-4.5987e-08,-2.6139e-08,1.7756e-08,1.422e-08,2.7764e-08,-1.9785e-08,2.3721e-11,-1.144e-08,-2.4581e-08,-1.6098e-09
0,0.04,0.04,0.05236,0.10472,-7.7388e-09,-7.1887e-08,-3.8372e-08,-2.4096e-08,1.1429e-08,2.0533e-08,2.8469e-08,-1.9662e-08,4.1224e-10,-1.0311e-08,-2.8933e-08,1.493e-09
0.04,0.04,0.04,0.05236,0.10472,-1.2839e-08,-6.8377e-08,-3.2499e-08,-2.2708e-08,1.1737e-08,2.2725e-08,2.4928e-08,-2.0459e-08,-5.528e-10,-7.1248e-09,-3.5957e-08,3.4814e-11
0,0,0.08,0.05236,0.10472,-5.8289e-09,-8.1147e-08,-3.2721e-08,-1.4228e-08,1.8173e-08,2.0364e-08,2.4125e-08,-2.0237e-08,-9.3272e-09,-5.8832e-09,-3.017e-08,2.7513e-09
0,0,-0.08,0.10472,0.10472,-1.1129e-08,-4.0025e-08,-4.348e-08,-2.6143e-08,-3.4703e-09,2.4842e-08,4.4012e-08,-3.2416e-08,1.4814e-09,-2.7291e-08,-2.9296e-08,-1.6615e-08
-0.04,-0.04,-0.04,0.10472,0.10472,-4.8094e-09,-4.758e-08,-4.3518e-08,-2.0971e-08,2.4416e-09,1.936e-08,4.7154e-08,-3.6792e-08,-1.765e-09,-1.8504e-08,-2.5413e-08,-1.9629e-08
0,-0.04,-0.04,0.10472,0.10472,-1.1107e-08,-4.4912e-08,-3.7196e-08,-1.8898e-08,3.0159e-09,2.7664e-08,4.2261e-08,-3.8032e-08,-2.6994e-09,-1.7735e-08,-3.4075e-08,-1.8724e-08
0.04,-0.04,-0.04,0.10472,0.10472,-1.6605e-08,-4.5732e-08,-3.3341e-08,-1.9029e-08,2.8159e-09,3.8114e-08,4.0215e-08,-3.8029e-08,-2.6647e-09,-2.0638e-08,-4.0511e-08,-1.5308e-08
-0.04,0,-0.04,0.10472,0.10472,-5.2914e-09,-5.0135e-08,-5.0313e-08,-2.6216e-08,9.0978e-10,1.5832e-08,4.366e-08,-2.8655e-08,-1.0841e-09,-2.1244e-08,-2.5621e-08,-1.7567e-08
0,0,-0.04,0.10472,0.10472,-1.0525e-08,-4.9741e-08,-4.3308e-08,-2.7487e-08,1.5254e-09,2.508e-08,3.7939e-08,-3.11e-08,-4.5134e-10,-2.1471e-08,-2.913e-08,-1.4644e-08
0.04,0,-0.04,0.10472,0.10472,-1.4792e-08,-4.7372e-08,-3.359e-08,-2.1933e-08,1.1282e-09,3.4769e-08,3.6051e-08,-3.0628e-08,1.9975e-11,-1.8826e-08,-3.746e-08,-9.9185e-09
-0.04,0.04,-0.04,0.10472,0.10472,-7.3617e-09,-5.4457e-08,-5.5333e-08,-3.252e-08,5.9268e-10,1.3196e-08,3.9838e-08,-2.5303e-08,1.3574e-09,-2.1678e-08,-2.4778e-08,-1.221e-08
0,0.04,-0.04,0.10472,0.10472,-8.7711e-09,-5.0142e-08,-4.8693e-08,-2.9835e-08,2.0914e-09,2.2645e-08,3.8293e-08,-2.644e-08,3.538e-09,-2.1754e-08,-2.9222e-08,-1.1164e-08
0.04,0.04,-0.04,0.10472,0.10472,-1.3781e-08,-4.593e-08,-3.7323e-08,-2.9407e-08,1.2073e-09,2.7559e-08,3.3076e-08,-2.6559e-08,3.9192e-09,-2.3691e-08,-3.4622e-08,-8.6954e-09
0,-0.08,0,0.10472,0.10472,-1.1249e-08,-5.0148e-08,-3.1136e-08,-1.53e-08,7.9058e-09,2.8602e-08,3.9848e-08,-4.0057e-08,-8.5033e-09,-1.3043e-08,-3.1369e-08,-1.6757e-08
-0.04,-0.04,0,0.10472,0.10472,-4.7677e-09,-5.7014e-08,-3.8979e-08,-1.7454e-08,6.9212e-09,2.0178e-08,3.8205e-08,-3.177e-08,-6.4534e-09,-1.4579e-08,-2.7821e-08,-1.765e-08
0,-0.04,0,0.10472,0.10472,-1.1688e-08,-5.4178e-08,-3.2234e-08,-1.7533e-08,9.4922e-09,2.6605e-08,3.7714e-08,-3.2747e-08,-4.3561e-09,-1.3118e-08,-3.2601e-08,-1.2871e-08
0.04,-0.04,0,0.10472,0.10472,-1.6805e-08,-4.8522e-08,-3.1148e-08,-1.5825e-08,8.5625e-09,3.5444e-08,3.1739e-08,-3.2395e-08,-7.4799e-09,-1.3725e-08,-4.033e-08,-1.2188e-08
-0.08,0,0,0.10472,0.10472,-1.1458e-09,-6.1941e-08,-5.4534e-08,-2.1651e-08,1.1032e-08,1.1284e-08,4.2834e-08,-2.6972e-08,-2.6035e-09,-1.3355e-08,-2.1497e-08,-1.6748e-08
-0.04,0,0,0.10472,0.10472,-3.8954e-09,-6.0849e-08,-4.7115e-08,-2.474e-08,9.6498e-09,1.7714e-08,3.847e-08,-2.7159e-08,-2.8897e-09,-1.4901e-08,-2.4326e-08,-1.1701e-08
0,0,0,0.10472,0.10472,-1.1313e-08,-5.7378e-08,-3.8483e-08,-1.9855e-08,7.6537e-09,2.5367e-08,3.4379e-08,-2.8484e-08,-3.6826e-09,-1.5605e-08,-3.2381e-08,-9.429e-09
0.04,0,0,0.10472,0.10472,-1.6467e-08,-5.3296e-08,-3.2415e-08,-1.9252e-08,7.5539e-09,2.9597e-08,3.0487e-08,-2.8311e-08,-3.4757e-09,-1.443e-08,-3.9907e-08,-8.1719e-09
0.08,0,0,0.10472,0.10472,-2.3381e-08,-4.7175e-08,-2.6638e-08,-1.9973e-08,6.2071e-09,3.6684e-08,2.7476e-08,-2.7456e-08,-3.9207e-09,-1.4002e-08,-4.743e-08,-6.237e-09
-0.04,0.04,0,0.10472,0.10472,-5.5589e-09,-6.4516e-08,-5.3332e-08,-2.7918e-08,7.4779e-09,1.5135e-08,3.6517e-08,-2.2227e-08,1.901e-09,-1.5415e-08,-2.4398e-08,-9.4767e-09
0,0.04,0,0.10472,0.10472,-9.3773e-09,-6.3634e-08,-4.3285e-08,-2.5507e-08,6.4715e-09,2.0632e-08,3.3023e-08,-2.4011e-08,1.4836e-10,-1.386e-08,-2.9089e-08,-5.3945e-09
0.04,0.04,0,0.10472,0.10472,-1.3399e-08,-5.4999e-08,-3.4841e-08,-2.3033e-08,6.9968e-09,2.3695e-08,2.7967e-08,-2.4382e-08,-4.7932e-10,-1.4716e-08,-3.4606e-08,-6.0552e-09
0,0.08,0,0.10472,0.10472,-8.0519e-09,-5.709e-08,-4.4679e-08,-3.3558e-08,7.5603e-09,1.5496e-08,3.0729e-08,-1.9844e-08,4.1473e-09,-1.7444e-08,-2.9122e-08,-4.0493e-09
-0.04,-0.04,0.04,0.10472,0.10472,-1.0015e-09,-6.6631e-08,-3.704e-08,-1.3716e-08,1.6516e-08,1.7097e-08,3.1944e-08,-2.7693e-08,-7.6782e-09,-8.8574e-09,-2.5168e-08,-1.222e-08
0,-0.04,0.04,0.10472,0.10472,-8.9781e-09,-6.191e-08,-3.1586e-08,-1.3669e-08,1.2899e-08,2.2982e-08,2.9322e-08,-2.686e-08,-1.0479e-08,-1.0777e-08,-3.1176e-08,-7.6163e-09
0.04,-0.04,0.04,0.10472,0.10472,-1.7519e-08,-5.9519e-08,-2.8342e-08,-1.3578e-08,1.2004e-08,3.0457e-08,2.8743e-08,-2.9657e-08,-1.007e-08,-8.7254e-09,-4.2719e-08,-5.0444e-09
-0.04,0,0.04,0.10472,0.10472,-2.4249e-09,-7.3859e-08,-4.0477e-08,-1.8407e-08,1.7055e-08,1.7287e-08,3.088e-08,-2.5391e-08,-6.5761e-09,-9.7e-09,-2.5154e-08,-8.3657e-09
0,0,0.04,0.10472,0.10472,-9.0999e-09,-7.2751e-08,-3.3867e-08,-1.6661e-08,1.1409e-08,1.9931e-08,2.9011e-08,-2.3399e-08,-7.7524e-09,-9.6243e-09,-3.1433e-08,-6.2887e-09
0.04,0,0.04,0.10472,0.10472,-1.5304e-08,-6.4638e-08,-2.7096e-08,-1.6418e-08,1.0803e-08,2.5692e-08,2.6956e-08,-2.4672e-08,-6.9961e-09,-8.9009e-09,-3.5255e-08,-2.7706e-09
-0.04,0.04,0.04,0.10472,0.10472,-3.9016e-09,-7.8599e-08,-4.6266e-08,-2.3857e-08,1.671e-08,1.3592e-08,2.8666e-08,-2.0646e-08,-4.2481e-09,-1.0026e-08,-2.5602e-08,-3.0345e-09
0,0.04,0.04,0.10472,0.10472,-6.8443e-09,-7.1793e-08,-3.6785e-08,-2.1441e-08,1.4884e-08,1.7618e-08,2.793e-08,-2.175e-08,-4.527e-09,-1.0067e-08,-2.9501e-08,-1.568e-09
0.04,0.04,0.04,0.10472,0.10472,-1.6144e-08,-6.6159e-08,-3.2724e-08,-2.176e-08,1.072e-08,2.2497e-08,2.652e-08,-2.1053e-08,-3.5756e-09,-9.1456e-09,-3.4004e-08,-8.1452e-10
0,0,0.08,0.10472,0.10472,-6.9892e-09,-8.0433e-08,-3.4622e-08,-1.1929e-08,1.9499e-08,1.8977e-08,2.4522e-08,-2.0882e-08,-1.047e-08,-4.3181e-09,-3.0297e-08,5.4979e-10
0,0,-0.08,0.15708,0.10472,-1.0408e-08,-4.1974e-08,-4.7112e-08,-2.5057e-08,-3.2553e-09,2.2752e-08,4.4263e-08,-3.2029e-08,5.4724e-10,-2.6081e-08,-2.8648e-08,-1.792e-08
-0.04,-0.04,-0.04,0.15708,0.10472,-5.3951e-09,-4.7376e-08,-4.3503e-08,-1.8292e-08,1.4388e-09,1.5884e-08,4.7572e-08,-3.4531e-08,-3.756e-09,-1.6584e-08,-2.6623e-08,-2.4742e-08
0,-0.04,-0.04,0.15708,0.10472,-1.1986e-08,-4.5289e-08,-3.6619e-08,-1.8485e-08,4.3101e-09,2.7689e-08,4.1056e-08,-3.6141e-08,-4.3812e-09,-1.644e-08,-3.1205e-08,-2.0116e-08
0.04,-0.04,-0.04,0.15708,0.10472,-1.5419e-08,-4.2219e-08,-3.0166e-08,-1.722e-08,4.1706e-09,3.6286e-08,3.785e-08,-3.9173e-08,-5.9899e-09,-1.9882e-08,-3.8364e-08,-1.6352e-08
-0.04,0,-0.04,0.15708,0.10472,-5.7918e-09,-5.153e-08,-5.3356e-08,-2.1984e-08,3.674e-09,1.5885e-08,4.661e-08,-2.8858e-08,-2.1516e-09,-1.7176e-08,-2.515e-08,-1.9614e-08
0,0,-0.04,0.15708,0.10472,-1.0256e-08,-4.7933e-08,-4.3394e-08,-2.1861e-08,2.0292e-09,2.3659e-08,4.0933e-08,-3.2406e-08,-2.3082e-09,-2.0515e-08,-2.7755e-08,-1.588e-08
0.04,0,-0.04,0.15708,0.10472,-1.5009e-08,-4.4754e-08,-3.5262e-08,-2.1725e-08,4.0417e-09,3.2789e-08,3.3793e-08,-3.2089e-08,-3.1304e-10,-1.9903e-08,-3.6747e-08,-1.3289e-08
-0.04,0.04,-0.04,0.15708,0.10472,-6.5504e-09,-5.2495e-08,-6.4365e-08,-2.8338e-08,1.9864e-09,1.2302e-08,3.6784e-08,-2.544e-08,8.1004e-10,-1.9668e-08,-2.3126e-08,-1.3473e-08
0,0.04,-0.04,0.15708,0.10472,-1.1269e-08,-5.0245e-08,-4.6614e-08,-2.8108e-08,2.0608e-09,1.8458e-08,3.7508e-08,-2.6271e-08,9.9594e-10,-2.1926e-08,-2.8687e-08,-1.1387e-08
0.04,0.04,-0.04,0.15708,0.10472,-1.2674e-08,-4.6713e-08,-4.0187e-08,-2.619e-08,2.2975e-09,2.308e-08,3.3036e-08,-2.746e-08,-2.3239e-10,-2.0428e-08,-3.416e-08,-1.1452e-08
0,-0.08,0,0.15708,0.10472,-9.5102e-09,-4.9267e-08,-2.9678e-08,-1.1162e-08,1.0022e-08,2.8723e-08,3.8228e-08,-4.1275e-08,-9.2369e-09,-1.2476e-08,-3.4989e-08,-1.9025e-08
-0.04,-0.04,0,0.15708,0.10472,-4.2376e-09,-5.649e-08,-4.3735e-08,-1.5684e-08,8.7807e-09,1.8309e-08,4.1175e-08,-3.0789e-08,-7.0477e-09,-1.3365e-08,-2.7448e-08,-1.9893e-08
0,-0.04,0,0.15708,0.10472,-9.7184e-09,-5.5282e-08,-3.5509e-08,-1.4194e-08,1.0031e-08,2.2438e-08,3.5595e-08,-3.3204e-08,-7.4486e-09,-1.365e-08,-3.2019e-08,-1.8206e-08
0.04,-0.04,0,0.15708,0.10472,-1.731e-08,-5.0667e-08,-3.225e-08,-1.3024e-08,7.0356e-09,3.3818e-08,3.1559e-08,-3.6962e-08,-1.0267e-08,-1.3418e-08,-3.7934e-08,-1.099e-08
-0.08,0,0,0.15708,0.10472,-8.1269e-10,-6.3094e-08,-5.564e-08,-2.1128e-08,1.3767e-08,1.2503e-08,4.2359e-08,-2.6171e-08,-4.1094e-09,-1.3898e-08,-2.2001e-08,-2.1615e-08
-0.04,0,0,0.15708,0.10472,-5.4356e-09,-5.7599e-08,-4.6163e-08,-1.8276e-08,9.2709e-09,1.6335e-08,3.6621e-08,-2.8616e-08,-5.0568e-09,-1.2343e-08,-2.4925e-08,-1.3885e-08
0,0,0,0.15708,0.10472,-9.2974e-09,-5.7212e-08,-4.0085e-08,-2.018e-08,8.9512e-09,2.2082e-08,3.5053e-08,-2.9917e-08,-5.1695e-09,-1.3399e-08,-2.9406e-08,-1.1758e-08
0.04,0,0,0.15708,0.10472,-1.6765e-08,-5.3679e-08,-3.4831e-08,-1.7858e-08,8.0636e-09,2.6789e-08,3.3164e-08,-2.9006e-08,-5.6849e-09,-1.2817e-08,-3.4914e-08,-1.0596e-08
0.08,0,0,0.15708,0.10472,-2.35e-08,-4.8877e-08,-2.6691e-08,-1.7256e-08,7.2786e-09,3.5526e-08,2.7579e-08,-2.9842e-08,-7.74e-09,-1.0436e-08,-4.4898e-08,-7.0475e-09
-0.04,0.04,0,0.15708,0.10472,-5.0433e-09,-6.2701e-08,-5.5128e-08,-2.4584e-08,9.9138e-09,1.3508e-08,3.4301e-08,-2.2266e-08,-3.1437e-09,-1.4718e-08,-2.6459e-08,-1.2448e-08
0,0.04,0,0.15708,0.10472,-8.8667e-09,-5.7899e-08,-4.5419e-08,-2.1763e-08,6.2824e-09,1.576e-08,3.1047e-08,-2.5924e-08,-1.3143e-09,-1.4297e-08,-2.9915e-08,-9.2951e-09
0.04,0.04,0,0.15708,0.10472,-1.5067e-08,-5.3675e-08,-3.4723e-08,-2.2364e-08,8.1206e-09,2.3918e-08,2.8874e-08,-2.4545e-08,-6.4493e-10,-1.462e-08,-3.5454e-08,-5.7623e-09
0,0.08,0,0.15708,0.10472,-6.8069e-09,-5.5859e-08,-5.2791e-08,-2.7818e-08,5.7927e-09,1.4272e-08,2.732e-08,-2.1572e-08,4.0892e-09,-1.5532e-08,-2.5961e-08,-7.1055e-09
-0.04,-0.04,0.04,0.15708,0.10472,1.3328e-09,-7.0838e-08,-4.0861e-08,-1.184e-08,1.5759e-08,1.7227e-08,3.1607e-08,-2.7758e-08,-9.8304e-09,-8.522e-09,-2.5558e-08,-1.1291e-08
0,-0.04,0.04,0.15708,0.10472,-7.359e-09,-6.2486e-08,-3.337e-08,-1.1736e-08,1.4601e-08,2.2309e-08,3.1771e-08,-3.0168e-08,-1.0789e-08,-9.575e-09,-3.1999e-08,-1.0006e-08
0.04,-0.04,0.04,0.15708,0.10472,-1.3034e-08,-5.8832e-08,-2.834e-08,-1.1451e-08,1.2161e-08,2.7089e-08,2.8327e-08,-2.989e-08,-1.4544e-08,-7.6286e-09,-4.3005e-08,-7.3027e-09
-0.04,0,0.04,0.15708,0.10472,-4.793e-09,-7.3454e-08,-4.5244e-08,-1.5593e-08,1.7093e-08,1.4158e-08,3.1134e-08,-2.5199e-08,-7.6865e-09,-9.8441e-09,-2.5583e-08,-9.6558e-09
0,0,0.04,0.15708,0.10472,-9.8083e-09,-6.5456e-08,-3.8605e-08,-1.5603e-08,1.3231e-08,1.8479e-08,2.858e-08,-2.4322e-08,-7.5488e-09,-9.9548e-09,-2.7528e-08,-5.846e-09
0.04,0,0.04,0.15708,0.10472,-1.6159e-08,-6.5092e-08,-3.0649e-08,-1.1233e-08,1.1495e-08,2.614e-08,2.669e-08,-2.6058e-08,-1.0643e-08,-5.8405e-09,-3.5938e-08,-4.8593e-09
-0.04,0.04,0.04,0.15708,0.10472,-3.1356e-09,-7.7161e-08,-4.8051e-08,-1.7039e-08,1.7738e-08,1.2483e-08,2.9725e-08,-2.1175e-08,-5.0883e-09,-8.437e-09,-2.4607e-08,-9.3093e-09
0,0.04,0.04,0.15708,0.10472,-8.9027e-09,-6.9612e-08,-3.9574e-08,-1.8497e-08,1.3287e-08,1.669e-08,2.8268e-08,-2.0802e-08,-4.0331e-09,-7.88e-09,-2.9694e-08,-4.5055e-09
0.04,0.04,0.04,0.15708,0.10472,-1.1464e-08,-6.4387e-08,-3.2076e-08,-1.6843e-08,1.2056e-08,2.2367e-08,2.5494e-08,-2.2741e-08,-5.3736e-09,-8.5777e-09,-3.4059e-08,-4.1217e-09
0,0,0.08,0.15708,0.10472,-5.5603e-09,-8.3665e-08,-3.4094e-08,-9.1786e-09,1.9071e-08,1.7399e-08,2.4695e-08,-2.1076e-08,-1.3416e-08,-4.6559e-09,-3.0306e-08,-5.2286e-10
0,0,-0.08,0.05236,0.15708,-9.4874e-09,-4.0099e-08,-4.1935e-08,-2.8474e-08,-3.5816e-09,2.8266e-08,4.4072e-08,-3.4433e-08,3.3258e-09,-2.6896e-08,-3.137e-08,-1.5715e-08
-0.04,-0.04,-0.04,0.05236,0.15708,-6.177e-09,-4.9756e-08,-4.3717e-08,-2.282e-08,3.3465e-09,2.0307e-08,4.9149e-08,-3.4604e-08,-1.2563e-09,-1.9705e-08,-2.7028e-08,-2.0773e-08
0,-0.04,-0.04,0.05236,0.15708,-9.9848e-09,-4.699e-08,-3.5713e-08,-2.3521e-08,8.7864e-10,2.879e-08,4.0346e-08,-3.6568e-08,-1.149e-09,-2.0424e-08,-3.3099e-08,-1.5627e-08
0.04,-0.04,-0.04,0.05236,0.15708,-1.5184e-08,-4.3945e-08,-2.9428e-08,-2.1004e-08,1.4881e-09,4.0177e-08,3.7505e-08,-3.5236e-08,-1.1208e-09,-2.11e-08,-4.0025e-08,-1.3004e-08
-0.04,0,-0.04,0.05236,0.15708,-5.4339e-09,-5.1788e-08,-4.9273e-08,-2.855e-08,-1.9421e-09,1.82e-08,4.3885e-08,-2.765e-08,2.2385e-10,-2.0821e-08,-2.7595e-08,-1.2367e-08
0,0,-0.04,0.05236,0.15708,-1.0132e-08,-4.9649e-08,-3.9256e-08,-2.6591e-08,3.2316e-09,2.9609e-08,4.1259e-08,-2.8997e-08,9.1364e-10,-2.2631e-08,-2.7884e-08,-1.0809e-08
0.04,0,-0.04,0.05236,0.15708,-1.5976e-08,-4.3929e-08,-3.589e-08,-2.4627e-08,2.5605e-09,3.1961e-08,3.5665e-08,-3.0377e-08,3.306e-09,-2.2881e-08,-3.6496e-08,-8.2823e-09
-0.04,0.04,-0.04,0.05236,0.15708,-4.6403e-09,-5.2328e-08,-5.7302e-08,-3.8008e-08,6.4245e-10,1.5305e-08,4.1079e-08,-2.4484e-08,3.5516e-09,-2.1276e-08,-2.4176e-08,-9.2071e-09
0,0.04,-0.04,0.05236,0.15708,-9.4005e-09,-5.434e-08,-4.6511e-08,-3.4491e-08,-8.0101e-10,2.2313e-08,3.6379e-08,-2.3687e-08,4.7843e-09,-2.4695e-08,-2.8145e-08,-8.4203e-09
0.04,0.04,-0.04,0.05236,0.15708,-1.2976e-08,-4.6072e-08,-3.4594e-08,-3.1729e-08,2.8582e-09,2.7722e-08,3.1711e-08,-2.6274e-08,6.0332e-09,-2.4769e-08,-3.5294e-08,-6.7532e-09
0,-0.08,0,0.05236,0.15708,-1.0537e-08,-4.9906e-08,-2.9926e-08,-1.6385e-08,6.4608e-09,3.0462e-08,3.62e-08,-3.9646e-08,-6.8207e-09,-1.3641e-08,-3.3168e-08,-1.6024e-08
-0.04,-0.04,0,0.05236,0.15708,-3.3407e-09,-5.814e-08,-4.0196e-08,-2.0239e-08,7.6906e-09,1.9254e-08,4.0498e-08,-3.0674e-08,-4.2053e-09,-1.53e-08,-2.8159e-08,-1.5762e-08
0,-0.04,0,0.05236,0.15708,-1.0231e-08,-5.849e-08,-3.3181e-08,-2.0473e-08,6.8757e-09,2.8542e-08,3.6147e-08,-3.1103e-08,-3.7957e-09,-1.4668e-08,-3.219e-08,-1.0253e-08
0.04,-0.04,0,0.05236,0.15708,-1.8264e-08,-5.008e-08,-2.9043e-08,-1.9212e-08,5.9446e-09,3.494e-08,3.0583e-08,-3.2168e-08,-5.857e-09,-1.7216e-08,-3.7377e-08,-9.0574e-09
-0.08,0,0,0.05236,0.15708,-4.1096e-10,-6.295e-08,-5.0747e-08,-2.629e-08,8.5702e-09,1.2606e-08,4.0725e-08,-2.4697e-08,-2.435e-09,-1.5287e-08,-2.1281e-08,-1.516e-08
-0.04,0,0,0.05236,0.15708,-4.9247e-09,-5.9902e-08,-4.9953e-08,-2.5929e-08,7.1132e-09,1.5597e-08,3.5968e-08,-2.6205e-08,-8.2439e-10,-1.3853e-08,-2.5596e-08,-9.5428e-09
0,0,0,0.05236,0.15708,-8.3086e-09,-5.3574e-08,-3.7718e-08,-2.3667e-08,8.3569e-09,2.2657e-08,3.2737e-08,-2.7153e-08,-1.1329e-09,-1.7862e-08,-3.0869e-08,-8.2836e-09
0.04,0,0,0.05236,0.15708,-1.4843e-08,-5.1862e-08,-3.1088e-08,-2.5842e-08,4.6475e-09,3.0278e-08,3.0345e-08,-2.668e-08,-1.0004e-09,-1.5937e-08,-3.6066e-08,-6.7672e-09
0.08,0,0,0.05236,0.15708,-2.6301e-08,-4.6362e-08,-2.3569e-08,-1.9855e-08,5.1474e-09,3.7695e-08,2.7365e-08,-2.7789e-08,-3.0112e-09,-1.7227e-08,-4.5595e-08,-5.5075e-09
-0.04,0.04,0,0.05236,0.15708,-4.2346e-09,-6.2862e-08,-4.8161e-08,-3.0418e-08,6.9902e-09,1.5797e-08,3.4039e-08,-2.1808e-08,2.4784e-09,-1.5054e-08,-2.499e-08,-4.5125e-09
0,0.04,0,0.05236,0.15708,-9.1513e-09,-5.8679e-08,-4.4335e-08,-2.9394e-08,7.2863e-09,2.2532e-08,3.1056e-08,-2.1606e-08,3.4666e-09,-1.6748e-08,-2.8744e-08,-3.8182e-09
0.04,0.04,0,0.05236,0.15708,-1.4009e-08,-5.572e-08,-3.4873e-08,-2.8827e-08,4.6952e-09,2.7558e-08,2.8713e-08,-2.2859e-08,1.5644e-09,-1.6403e-08,-3.7695e-08,-3.0903e-09
0,0.08,0,0.05236,0.15708,-7.3968e-09,-6.0373e-08,-4.8448e-08,-3.9137e-08,6.7801e-09,1.9458e-08,3.0757e-08,-1.8874e-08,5.8615e-09,-1.5462e-08,-2.7802e-08,-3.0138e-09
-0.04,-0.04,0.04,0.05236,0.15708,-2.3758e-09,-6.6908e-08,-3.624e-08,-1.7498e-08,1.4519e-08,1.9435e-08,3.2933e-08,-2.4847e-08,-5.1796e-09,-1.1579e-08,-2.7318e-08,-8.5716e-09
0,-0.04,0.04,0.05236,0.15708,-8.1715e-09,-6.4029e-08,-3.0101e-08,-1.4962e-08,1.1786e-08,2.4615e-08,2.8175e-08,-2.5014e-08,-8.707e-09,-1.0227e-08,-3.1379e-08,-8.0728e-09
0.04,-0.04,0.04,0.05236,0.15708,-1.7162e-08,-5.9996e-08,-2.6805e-08,-1.5583e-08,9.6056e-09,3.0848e-08,2.5101e-08,-2.8718e-08,-8.9501e-09,-1.0464e-08,-3.8815e-08,-4.2443e-09
-0.04,0,0.04,0.05236,0.15708,-3.02e-09,-7.4255e-08,-3.9368e-08,-2.0199e-08,1.2767e-08,1.8397e-08,3.1466e-08,-2.1703e-08,-3.6437e-09,-1.1105e-08,-2.5917e-08,-5.7407e-09
0,0,0.04,0.05236,0.15708,-7.2528e-09,-6.7097e-08,-3.4758e-08,-1.8082e-08,1.1409e-08,2.1652e-08,2.8486e-08,-2.2845e-08,-4.9911e-09,-1.0114e-08,-3.1927e-08,-1.1581e-09
0.04,0,0.04,0.05236,0.15708,-1.5292e-08,-6.2138e-08,-3.0442e-08,-1.8621e-08,1.0163e-08,2.9179e-08,2.5682e-08,-2.3864e-08,-5.0677e-09,-1.0813e-08,-3.7168e-08,-1.7103e-09
-0.04,0.04,0.04,0.05236,0.15708,-3.9806e-09,-7.8949e-08,-4.4334e-08,-2.6561e-08,1.6741e-08,1.6038e-08,3.0538e-08,-1.8445e-08,-9.4269e-10,-1.3111e-08,-2.5421e-08,-7.7851e-10
0,0.04,0.04,0.05236,0.15708,-1.0101e-08,-6.999e-08,-3.9908e-08,-2.6886e-08,1.2358e-08,1.8839e-08,2.759e-08,-1.9516e-08,1.2443e-09,-1.022e-08,-2.9255e-08,-7.627e-10
0.04,0.04,0.04,0.05236,0.15708,-1.3236e-08,-6.3752e-08,-3.3762e-08,-2.6805e-08,1.1938e-08,2.3944e-08,2.4963e-08,-1.9707e-08,-7.1965e-10,-1.0011e-08,-3.4335e-08,1.0506e-09
0,0,0.08,0.05236,0.15708,-6.3172e-09,-8.3759e-08,-3.0973e-08,-1.4387e-08,1.9182e-08,1.9801e-08,2.4511e-08,-2.0358e-08,-8.6844e-09,-5.5855e-09,-3.0147e-08,2.4366e-09
0,0,-0.08,0.10472,0.15708,-9.9443e-09,-3.986e-08,-4.2613e-08,-2.6794e-08,-4.266e-09,2.4426e-08,4.6588e-08,-3.1533e-08,6.404e-10,-2.6691e-08,-2.9959e-08,-1.5963e-08
-0.04,-0.04,-0.04,0.10472,0.15708,-5.3654e-09,-4.7476e-08,-4.2526e-08,-2.0228e-08,2.9888e-09,2.2446e-08,4.7447e-08,-3.3632e-08,-2.9258e-09,-1.7639e-08,-2.6758e-08,-2.254e-08
0,-0.04,-0.04,0.10472,0.15708,-9.6796e-09,-4.4931e-08,-3.8989e-08,-1.9023e-08,3.279e-09,2.6667e-08,4.1239e-08,-3.5859e-08,-3.6694e-09,-1.8712e-08,-3.2797e-08,-1.6124e-08
0.04,-0.04,-0.04,0.10472,0.15708,-1.583e-08,-4.1888e-08,-3.2854e-08,-1.829e-08,2.5805e-09,3.5509e-08,3.6728e-08,-3.7512e-08,-4.8032e-09,-1.9921e-08,-3.7266e-08,-1.3099e-08
-0.04,0,-0.04,0.10472,0.15708,-5.886e-09,-4.9296e-08,-4.9259e-08,-2.504e-08,1.0028e-09,1.872e-08,4.4565e-08,-2.8442e-08,-2.5859e-10,-1.855e-08,-2.4753e-08,-1.5955e-08
0,0,-0.04,0.10472,0.15708,-1.0533e-08,-4.8021e-08,-4.2486e-08,-2.5418e-08,1.7213e-09,2.2493e-08,4.0682e-08,-3.0029e-08,-2.0375e-10,-1.9165e-08,-2.873e-08,-1.3678e-08
0.04,0,-0.04,0.10472,0.15708,-1.5615e-08,-4.5436e-08,-3.3345e-08,-2.2238e-08,2.6869e-09,3.2332e-08,3.4598e-08,-3.1161e-08,-9.241e-11,-2.0623e-08,-3.5684e-08,-1.0999e-08
-0.04,0.04,-0.04,0.10472,0.15708,-6.3619e-09,-5.2027e-08,-5.3689e-08,-3.4279e-08,-1.6314e-10,1.1123e-08,4.3734e-08,-2.3488e-08,2.9318e-09,-2.1787e-08,-2.4855e-08,-1.2743e-08
0,0.04,-0.04,0.10472,0.15708,-1.0207e-08,-4.9744e-08,-5.0068e-08,-2.9e-08,1.9514e-09,1.8772e-08,3.6339e-08,-2.606e-08,4.1435e-09,-2.2117e-08,-2.7428e-08,-1.0398e-08
0.04,0.04,-0.04,0.10472,0.15708,-1.4204e-08,-4.9231e-08,-3.843e-08,-2.9114e-08,2.5969e-09,2.8637e-08,3.1248e-08,-2.6705e-08,2.3427e-09,-2.1873e-08,-3.5443e-08,-9.7874e-09
0,-0.08,0,0.10472,0.15708,-8.8286e-09,-4.7518e-08,-3.0444e-08,-1.4007e-08,8.7084e-09,2.7338e-08,3.9538e-08,-3.9686e-08,-7.8008e-09,-1.4506e-08,-3.6259e-08,-1.7996e-08
-0.04,-0.04,0,0.10472,0.15708,-4.4467e-09,-5.8984e-08,-3.9896e-08,-1.8025e-08,1.2331e-08,2.2015e-08,4.1597e-08,-3.1646e-08,-5.352e-09,-1.3812e-08,-2.6732e-08,-2.0235e-08
0,-0.04,0,0.10472,0.15708,-8.4641e-09,-5.5907e-08,-3.4294e-08,-1.8219e-08,9.1871e-09,2.7882e-08,3.7253e-08,-3.5434e-08,-6.0073e-09,-1.3647e-08,-3.0489e-08,-1.4963e-08
0.04,-0.04,0,0.10472,0.15708,-1.4407e-08,-4.9523e-08,-3.2e-08,-1.558e-08,7.169e-09,3.3911e-08,3.1797e-08,-3.463e-08,-8.3661e-09,-1.4993e-08,-3.7984e-08,-9.6664e-09
-0.08,0,0,0.10472,0.15708,-2.9156e-11,-5.8729e-08,-5.7506e-08,-2.1945e-08,1.082e-08,1.0356e-08,4.1422e-08,-2.5892e-08,-2.4805e-09,-1.4148e-08,-2.2004e-08,-1.2721e-08
-0.04,0,0,0.10472,0.15708,-3.8597e-09,-5.7947e-08,-4.6138e-08,-2.0778e-08,1.0234e-08,1.5786e-08,3.7171e-08,-2.6713e-08,-4.0183e-09,-1.4362e-08,-2.5816e-08,-1.2217e-08
0,0,0,0.10472,0.15708,-9.3245e-09,-5.8365e-08,-3.7889e-08,-2.1668e-08,7.0703e-09,2.3877e-08,3.453e-08,-2.9984e-08,-3.8903e-09,-1.4345e-08,-2.9693e-08,-9.0109e-09
0.04,0,0,0.10472,0.15708,-1.5086e-08,-5.2932e-08,-3.2272e-08,-1.8999e-08,6.4014e-09,2.8968e-08,3.1419e-08,-2.8667e-08,-4.2608e-09,-1.7227e-08,-3.7982e-08,-7.5857e-09
0.08,0,0,0.10472,0.15708,-2.329e-08,-4.8343e-08,-2.7072e-08,-1.9139e-08,6.7158e-09,3.3678e-08,2.7085e-08,-2.9499e-08,-3.4182e-09,-1.3874e-08,-5.0037e-08,-5.0991e-09
-0.04,0.04,0,0.10472,0.15708,-4.7621e-09,-6.4228e-08,-5.0676e-08,-2.9681e-08,1.1615e-08,1.1766e-08,3.5394e-08,-2.2082e-08,-5.1666e-10,-1.6121e-08,-2.4501e-08,-9.1436e-09
0,0.04,0,0.10472,0.15708,-1.0045e-08,-6.1415e-08,-4.5317e-08,-2.6781e-08,7.321e-09,1.9992e-08,3.232e-08,-2.4084e-08,1.2051e-09,-1.5557e-08,-2.9275e-08,-6.1501e-09
0.04,0.04,0,0.10472,0.15708,-1.4164e-08,-5.3805e-08,-3.6409e-08,-2.4446e-08,7.3252e-09,2.4147e-08,2.8577e-08,-2.3854e-08,7.741e-10,-1.4113e-08,-3.655e-08,-6.3355e-09
0,0.08,0,0.10472,0.15708,-9.5592e-09,-5.6522e-08,-4.6367e-08,-3.8383e-08,8.4782e-09,1.5313e-08,3.0291e-08,-2.0271e-08,4.9779e-09,-2.0012e-08,-2.6595e-08,-5.9075e-09
-0.04,-0.04,0.04,0.10472,0.15708,-2.1539e-09,-7.2743e-08,-3.621e-08,-1.3984e-08,1.5664e-08,2.0055e-08,3.2544e-08,-2.7285e-08,-8.9374e-09,-9.7024e-09,-2.6162e-08,-1.0827e-08
0,-0.04,0.04,0.10472,0.15708,-9.6911e-09,-6.1971e-08,-3.1367e-08,-1.4297e-08,1.2813e-08,2.2918e-08,3.1517e-08,-2.8672e-08,-8.3593e-09,-9.9275e-09,-3.3155e-08,-9.7966e-09
0.04,-0.04,0.04,0.10472,0.15708,-1.5509e-08,-6.134e-08,-2.8249e-08,-1.3561e-08,1.1303e-08,3.025e-08,2.707e-08,-2.7625e-08,-1.1321e-08,-1.0095e-08,-4.1329e-08,-5.0308e-09
-0.04,0,0.04,0.10472,0.15708,-2.5658e-09,-7.088e-08,-4.0795e-08,-1.7779e-08,1.7194e-08,1.7772e-08,2.9687e-08,-2.3312e-08,-4.52e-09,-9.8024e-09,-2.5295e-08,-6.1588e-09
0,0,0.04,0.10472,0.15708,-1.0197e-08,-7.0563e-08,-3.4229e-08,-1.984e-08,1.3418e-08,2.1546e-08,2.8231e-08,-2.6511e-08,-6.6681e-09,-1.0458e-08,-3.2077e-08,-3.8489e-09
0.04,0,0.04,0.10472,0.15708,-1.457e-08,-5.8765e-08,-3.2093e-08,-1.6301e-08,1.1119e-08,2.4542e-08,2.4625e-08,-2.5074e-08,-8.8901e-09,-9.4232e-09,-3.7778e-08,-3.2838e-09
-0.04,0.04,0.04,0.10472,0.15708,-3.5718e-09,-8.4429e-08,-4.7102e-08,-2.2121e-08,1.7104e-08,1.406e-08,3.131e-08,-2.0629e-08,-3.141e-09,-1.0479e-08,-2.5467e-08,-3.5167e-09
0,0.04,0.04,0.10472,0.15708,-7.0645e-09,-6.9355e-08,-4.5236e-08,-2.3517e-08,1.4454e-08,1.8421e-08,2.7311e-08,-2.1723e-08,-1.7594e-09,-8.0214e-09,-2.7721e-08,-2.4289e-09
0.04,0.04,0.04,0.10472,0.15708,-1.3141e-08,-6.536e-08,-3.2793e-08,-1.9608e-08,1.196e-08,2.1986e-08,2.5164e-08,-2.2504e-08,-5.3526e-09,-7.8854e-09,-3.4017e-08,-1.9542e-09
0,0,0.08,0.10472,0.15708,-6.8804e-09,-8.0865e-08,-3.3297e-08,-1.3197e-08,1.7716e-08,1.912e-08,2.3866e-08,-1.8938e-08,-9.145e-09,-5.9239e-09,-2.9542e-08,2.3539e-09
0,0,-0.08,0.15708,0.15708,-1.0797e-08,-4.1777e-08,-4.5491e-08,-2.4411e-08,-7.3687e-10,2.5351e-08,4.5371e-08,-3.3654e-08,2.7805e-10,-2.7804e-08,-2.9304e-08,-1.9092e-08
-0.04,-0.04,-0.04,0.15708,0.15708,-7.2001e-09,-4.695e-08,-4.2116e-08,-1.815e-08,4.5643e-09,1.8041e-08,4.6431e-08,-3.626e-08,-4.0583e-09,-1.7743e-08,-2.6599e-08,-2.6091e-08
0,-0.04,-0.04,0.15708,0.15708,-1.1501e-08,-4.279e-08,-3.5708e-08,-1.9113e-08,3.6582e-09,2.587e-08,4.474e-08,-3.7794e-08,-3.8344e-09,-1.8285e-08,-3.1174e-08,-2.0844e-08
0.04,-0.04,-0.04,0.15708,0.15708,-1.8906e-08,-4.1803e-08,-3.1164e-08,-1.629e-08,4.916e-09,3.5467e-08,3.6486e-08,-4.0306e-08,-6.0405e-09,-1.9436e-08,-3.5562e-08,-1.651e-08
-0.04,0,-0.04,0.15708,0.15708,-5.1278e-09,-5.2067e-08,-5.101e-08,-2.5008e-08,4.9128e-09,1.6111e-08,4.158e-08,-3.0422e-08,-2.2311e-09,-1.8899e-08,-2.4786e-08,-1.9319e-08
0,0,-0.04,0.15708,0.15708,-1.1291e-08,-4.7676e-08,-4.3972e-08,-2.1371e-08,1.6967e-09,2.4345e-08,3.8868e-08,-3.2654e-08,-1.3747e-09,-2.0308e-08,-3.0777e-08,-1.5684e-08
0.04,0,-0.04,0.15708,0.15708,-1.6555e-08,-4.5283e-08,-3.5677e-08,-2.0047e-08,3.4832e-09,3.0473e-08,3.5049e-08,-3.4084e-08,-8.7051e-10,-2.0521e-08,-3.7625e-08,-1.314e-08
-0.04,0.04,-0.04,0.15708,0.15708,-5.1882e-09,-5.345e-08,-5.5693e-08,-2.9712e-08,6.1575e-10,1.2037e-08,4.2601e-08,-2.6682e-08,6.9033e-12,-2.0525e-08,-2.3081e-08,-1.4242e-08
0,0.04,-0.04,0.15708,0.15708,-1.0634e-08,-5.367e-08,-5.2266e-08,-2.8913e-08,4.024e-09,1.8905e-08,3.6593e-08,-2.6524e-08,2.3527e-09,-2.03e-08,-2.8736e-08,-1.0095e-08
0.04,0.04,-0.04,0.15708,0.15708,-1.5461e-08,-4.2166e-08,-4.1399e-08,-2.525e-08,3.7809e-09,2.4509e-08,3.2927e-08,-2.6896e-08,1.8529e-09,-2.4042e-08,-3.3923e-08,-1.0368e-08
0,-0.08,0,0.15708,0.15708,-1.058e-08,-4.8342e-08,-3.2548e-08,-1.1942e-08,1.1163e-08,2.9487e-08,3.8392e-08,-4.1396e-08,-8.9734e-09,-1.1889e-08,-3.2197e-08,-1.9503e-08
-0.04,-0.04,0,0.15708,0.15708,-5.7156e-09,-5.3694e-08,-4.1598e-08,-1.4484e-08,9.7689e-09,1.8769e-08,4.0125e-08,-3.1552e-08,-5.6248e-09,-1.4775e-08,-2.8319e-08,-1.835e-08
0,-0.04,0,0.15708,0.15708,-9.0275e-09,-5.2207e-08,-3.7303e-08,-1.5832e-08,1.0997e-08,2.4853e-08,3.5329e-08,-3.4065e-08,-8.4006e-09,-1.316e-08,-3.0987e-08,-1.526e-08
0.04,-0.04,0,0.15708,0.15708,-1.8349e-08,-5.1346e-08,-3.014e-08,-1.4197e-08,6.6084e-09,3.0832e-08,3.2764e-08,-3.4253e-08,-7.7672e-09,-1.2589e-08,-3.9144e-08,-1.2708e-08
-0.08,0,0,0.15708,0.15708,-2.7628e-10,-5.9513e-08,-5.8078e-08,-1.9445e-08,1.3369e-08,1.1983e-08,4.0744e-08,-2.683e-08,-4.9911e-09,-1.35e-08,-2.2073e-08,-1.9537e-08
-0.04,0,0,0.15708,0.15708,-5.6006e-09,-6.1288e-08,-5.0359e-08,-2.1176e-08,7.8727e-09,1.668e-08,4.0301e-08,-2.749e-08,-4.1386e-09,-1.6052e-08,-2.5099e-08,-1.5729e-08
0,0,0,0.15708,0.15708,-8.6025e-09,-6.043e-08,-4.1187e-08,-1.8612e-08,1.1249e-08,2.1882e-08,3.2948e-08,-2.9626e-08,-4.399e-09,-1.5915e-08,-3.343e-08,-1.2922e-08
0.04,0,0,0.15708,0.15708,-1.5855e-08,-4.8261e-08,-3.1816e-08,-1.9026e-08,8.0836e-09,2.5987e-08,3.0434e-08,-2.871e-08,-6.5924e-09,-1.4244e-08,-3.7455e-08,-9.0055e-09
0.08,0,0,0.15708,0.15708,-2.2539e-08,-4.8743e-08,-2.7044e-08,-1.8349e-08,6.2274e-09,3.3532e-08,2.8916e-08,-2.868e-08,-7.0121e-09,-1.3022e-08,-4.6676e-08,-6.3411e-09
-0.04,0.04,0,0.15708,0.15708,-6.3537e-09,-5.8021e-08,-5.3914e-08,-2.5236e-08,1.1613e-08,1.4463e-08,3.3877e-08,-2.2836e-08,-1.2128e-09,-1.363e-08,-2.4441e-08,-1.1844e-08
0,0.04,0,0.15708,0.15708,-8.8782e-09,-5.7193e-08,-4.1697e-08,-2.5582e-08,9.6344e-09,1.6892e-08,3.1478e-08,-2.5376e-08,-6.3978e-10,-1.3329e-08,-3.004e-08,-9.6463e-09
0.04,0.04,0,0.15708,0.15708,-1.3733e-08,-5.558e-08,-3.5031e-08,-2.2865e-08,7.7265e-09,2.1723e-08,2.5792e-08,-2.3841e-08,-2.3882e-09,-1.4439e-08,-3.727e-08,-6.4701e-09
0,0.08,0,0.15708,0.15708,-1.0104e-08,-5.9486e-08,-4.3999e-08,-2.9428e-08,7.4256e-09,1.5313e-08,2.8962e-08,-2.0517e-08,2.6824e-09,-1.4186e-08,-2.7235e-08,-6.8826e-09
-0.04,-0.04,0.04,0.15708,0.15708,-1.5634e-09,-6.2419e-08,-3.936e-08,-1.268e-08,1.732e-08,1.6435e-08,3.5406e-08,-2.941e-08,-1.0349e-08,-8.5028e-09,-2.7035e-08,-1.5564e-08
0,-0.04,0.04,0.15708,0.15708,-8.97e-09,-6.7118e-08,-3.3906e-08,-1.0939e-08,1.419e-08,2.3742e-08,2.9157e-08,-2.8737e-08,-9.6155e-09,-1.025e-08,-3.0858e-08,-1.1911e-08
0.04,-0.04,0.04,0.15708,0.15708,-1.6908e-08,-5.9031e-08,-2.8683e-08,-1.0824e-08,1.1637e-08,2.7183e-08,2.7112e-08,-3.2232e-08,-1.2948e-08,-7.6074e-09,-3.8606e-08,-5.5062e-09
-0.04,0,0.04,0.15708,0.15708,-3.7132e-09,-7.6718e-08,-4.235e-08,-1.4415e-08,2.0173e-08,1.6442e-08,3.1322e-08,-2.6686e-08,-8.2769e-09,-1.0997e-08,-2.4997e-08,-1.1344e-08
0,0,0.04,0.15708,0.15708,-9.8783e-09,-6.94e-08,-3.6111e-08,-1.3463e-08,1.6203e-08,2.0139e-08,2.8639e-08,-2.3454e-08,-1.0189e-08,-8.5564e-09,-3.0639e-08,-3.8635e-09
0.04,0,0.04,0.15708,0.15708,-1.6545e-08,-6.2162e-08,-3.2437e-08,-1.2701e-08,1.1865e-08,2.3898e-08,2.6341e-08,-2.8045e-08,-9.7213e-09,-7.1092e-09,-3.4237e-08,-3.4944e-09
-0.04,0.04,0.04,0.15708,0.15708,-4.2809e-09,-7.6326e-08,-4.8964e-08,-1.9734e-08,1.4737e-08,1.2222e-08,3.0164e-08,-2.2506e-08,-3.9607e-09,-8.8396e-09,-2.3689e-08,-7.1273e-09
0,0.04,0.04,0.15708,0.15708,-9.9355e-09,-6.9726e-08,-4.1817e-08,-1.9306e-08,1.5614e-08,1.556e-08,2.7364e-08,-2.0585e-08,-4.7137e-09,-9.3587e-09,-2.8423e-08,-4.818e-09
0.04,0.04,0.04,0.15708,0.15708,-1.5544e-08,-6.0893e-08,-3.4633e-08,-1.7738e-08,1.1392e-08,2.1014e-08,2.634e-08,-2.2852e-08,-6.8416e-09,-6.5316e-09,-3.5191e-08,-2.3153e-09
0,0,0.08,0.15708,0.15708,-5.3944e-09,-7.4477e-08,-3.4342e-08,-8.5574e-09,2.1386e-08,1.7659e-08,2.481e-08,-2.0668e-08,-1.3352e-08,-3.7881e-09,-2.9072e-08,-2.1185e-09
