0,0,-0.08,0.05236,0.05236,-9.7021e-09,-4.2584e-08,-4.0806e-08,-2.8166e-08,-5.0537e-09,2.6247e-08,4.5313e-08,-3.168e-08,3.2081e-09,-2.8527e-08,-2.9562e-08,-1.5102e-08
-0.04,-0.04,-0.04,0.05236,0.05236,-5.3061e-09,-5.1848e-08,-4.2567e-08,-2.3206e-08,9.8179e-10,2.1949e-08,4.8197e-08,-3.4649e-08,-1.7873e-09,-1.7117e-08,-2.6479e-08,-2.0469e-08
0,-0.04,-0.04,0.05236,0.05236,-1.0386e-08,-4.6642e-08,-3.5484e-08,-2.1989e-08,2.669e-09,3.1622e-08,4.1009e-08,-3.6793e-08,-1.0554e-09,-1.9043e-08,-3.1415e-08,-1.7397e-08
0.04,-0.04,-0.04,0.05236,0.05236,-1.3543e-08,-4.4539e-08,-3.003e-08,-2.0238e-08,1.9556e-09,3.8698e-08,3.8234e-08,-3.7522e-08,-2.1114e-09,-2.0288e-08,-4.2166e-08,-1.1105e-08
-0.04,0,-0.04,0.05236,0.05236,-5.8484e-09,-5.022e-08,-4.7305e-08,-2.8e-08,1.1336e-09,1.7956e-08,4.4449e-08,-2.8374e-08,3.063e-10,-2.1233e-08,-2.6225e-08,-1.551e-08
0,0,-0.04,0.05236,0.05236,-9.5175e-09,-5.1414e-08,-3.9203e-08,-2.7478e-08,2.5283e-10,2.4509e-08,3.9925e-08,-2.9653e-08,1.9602e-09,-2.2935e-08,-3.109e-08,-1.0625e-08
0.04,0,-0.04,0.05236,0.05236,-1.401e-08,-4.6738e-08,-3.1817e-08,-2.5168e-08,1.1487e-09,3.6447e-08,3.4477e-08,-3.1715e-08,3.1013e-09,-2.2354e-08,-3.9906e-08,-9.4424e-09
-0.04,0.04,-0.04,0.05236,0.05236,-5.9519e-09,-5.366e-08,-5.7788e-08,-3.5935e-08,-1.4346e-09,1.5332e-08,4.2171e-08,-2.3012e-08,4.3578e-09,-2.3029e-08,-2.6065e-08,-1.0552e-08
0,0.04,-0.04,0.05236,0.05236,-9.282e-09,-5.0183e-08,-4.711e-08,-3.3987e-08,1.3015e-09,2.1607e-08,3.7193e-08,-2.4595e-08,3.9633e-09,-1.967e-08,-2.9209e-08,-7.9602e-09
0.04,0.04,-0.04,0.05236,0.05236,-1.3752e-08,-4.5625e-08,-3.4728e-08,-3.1552e-08,1.9494e-09,2.8418e-08,3.2137e-08,-2.5135e-08,8.77e-09,-2.4238e-08,-3.5375e-08,-7.3101e-09
0,-0.08,0,0.05236,0.05236,-9.5279e-09,-5.1983e-08,-2.7923e-08,-1.5906e-08,6.7247e-09,3.0748e-08,3.7514e-08,-3.8725e-08,-6.1652e-09,-1.3982e-08,-3.3442e-08,-1.4314e-08
-0.04,-0.04,0,0.05236,0.05236,-3.2527e-09,-5.7359e-08,-3.8324e-08,-2.0448e-08,6.3789e-09,2.1251e-08,4.2228e-08,-3.1297e-08,-3.8127e-09,-1.408e-08,-2.7472e-08,-1.6058e-08
0,-0.04,0,0.05236,0.05236,-1.0005e-08,-5.4946e-08,-3.4119e-08,-2.083e-08,7.0388e-09,2.8598e-08,3.6012e-08,-3.0752e-08,-5.4152e-09,-1.4437e-08,-3.3024e-08,-1.2628e-08
0.04,-0.04,0,0.05236,0.05236,-1.8084e-08,-5.0231e-08,-2.8536e-08,-1.8078e-08,5.7604e-09,3.34e-08,3.246e-08,-3.0851e-08,-6.1044e-09,-1.5709e-08,-3.7954e-08,-8.9815e-09
-0.08,0,0,0.05236,0.05236,-1.3351e-09,-6.266e-08,-4.9745e-08,-2.5837e-08,8.2987e-09,1.4365e-08,4.1737e-08,-2.4253e-08,-2.0648e-09,-1.4714e-08,-2.1758e-08,-1.3615e-08
-0.04,0,0,0.05236,0.05236,-4.4732e-09,-6.2216e-08,-4.4548e-08,-2.6144e-08,7.3927e-09,1.8195e-08,3.8505e-08,-2.7269e-08,-1.0595e-09,-1.5579e-08,-2.6419e-08,-7.3498e-09
0,0,0,0.05236,0.05236,-1.0071e-08,-5.8588e-08,-4.0072e-08,-2.3865e-08,7.2261e-09,2.2338e-08,3.4475e-08,-2.5899e-08,-1.4691e-09,-1.4648e-08,-3.0812e-08,-8.4007e-09
0.04,0,0,0.05236,0.05236,-1.4201e-08,-5.4452e-08,-3.1237e-08,-2.2109e-08,5.8905e-09,3.0803e-08,2.9682e-08,-2.6983e-08,-2.107e-09,-1.6165e-08,-3.7998e-08,-5.0671e-09
0.08,0,0,0.05236,0.05236,-2.2517e-08,-4.8873e-08,-2.5189e-08,-2.0403e-08,5.0143e-09,3.7782e-08,2.6175e-08,-2.8295e-08,-3.1734e-09,-1.4106e-08,-4.9632e-08,-4.001e-09
-0.04,0.04,0,0.05236,0.05236,-4.9894e-09,-6.42e-08,-5.0191e-08,-3.171e-08,9.2918e-09,1.4864e-08,3.6112e-08,-2.3605e-08,9.8533e-10,-1.6689e-08,-2.5086e-08,-6.69e-09
0,0.04,0,0.05236,0.05236,-9.1478e-09,-6.3519e-08,-4.3442e-08,-3.0316e-08,6.1983e-09,2.0106e-08,3.3021e-08,-2.2368e-08,2.3734e-09,-1.8147e-08,-2.8708e-08,-4.6584e-09
0.04,0.04,0,0.05236,0.05236,-1.4184e-08,-5.4604e-08,-3.6186e-08,-2.6831e-08,6.6805e-09,2.6348e-08,2.7728e-08,-2.3121e-08,1.7957e-09,-1.7343e-08,-3.7684e-08,-3.6623e-09
0,0.08,0,0.05236,0.05236,-7.6642e-09,-6.0763e-08,-4.7509e-08,-3.7295e-08,6.8289e-09,1.6666e-08,2.9378e-08,-1.9183e-08,5.8653e-09,-1.6347e-08,-3.0055e-08,-3.0574e-09
-0.04,-0.04,0.04,0.05236,0.05236,-1.4437e-09,-6.7134e-08,-3.5839e-08,-1.4984e-08,1.5302e-08,1.8559e-08,3.3616e-08,-2.5376e-08,-6.1304e-09,-1.0791e-08,-2.6467e-08,-1.04e-08
0,-0.04,0.04,0.05236,0.05236,-7.8697e-09,-6.6445e-08,-2.969e-08,-1.5608e-08,1.0996e-08,2.5421e-08,2.9378e-08,-2.5788e-08,-8.2572e-09,-1.0313e-08,-3.1331e-08,-4.5221e-09
0.04,-0.04,0.04,0.05236,0.05236,-1.6818e-08,-5.9705e-08,-2.727e-08,-1.6568e-08,9.255e-09,3.0884e-08,2.5987e-08,-2.6793e-08,-8.3437e-09,-1.0182e-08,-3.8304e-08,-2.2812e-09
-0.04,0,0.04,0.05236,0.05236,-2.4172e-09,-7.3453e-08,-4.32e-08,-2.2165e-08,1.7571e-08,1.6924e-08,3.2429e-08,-2.1485e-08,-3.7318e-09,-1.1623e-08,-2.6705e-08,-5.6063e-09
0,0,0.04,0.05236,0.05236,-7.1537e-09,-6.979e-08,-3.4505e-08,-2.0099e-08,1.3267e-08,2.1821e-08,2.8606e-08,-2.2901e-08,-4.0749e-09,-1.0747e-08,-3.1377e-08,-2.5134e-09
0.04,0,0.04,0.05236,0.05236,-1.5283e-08,-6.6962e-08,-2.981e-08,-1.9392e-08,9.9373e-09,2.8399e-08,2.7006e-08,-2.4129e-08,-6.217e-09,-9.8292e-09,-3.9419e-08,-1.5732e-09
-0.04,0.04,0.04,0.05236,0.05236,-2.2491e-09,-7.8075e-08,-4.7309e-08,-2.6129e-08,1.6133e-08,1.3187e-08,3.1168e-08,-1.8141e-08,-2.4432e-09,-1.147e-08,-2.3817e-08,-1.1387e-09
0,0.04,0.04,0.05236,0.05236,-7.6049e-09,-7.2629e-08,-3.8587e-08,-2.6178e-08,1.2047e-08,1.9586e-08,2.7964e-08,-1.9908e-08,-6.7121e-10,-1.1143e-08,-2.8593e-08,1.3024e-10
0.04,0.04,0.04,0.05236,0.05236,-1.2933e-08,-6.3475e-08,-3.2833e-08,-2.5393e-08,1.0737e-08,2.4991e-08,2.5943e-08,-1.9704e-08,-1.7769e-09,-9.767e-09,-3.5884e-08,-1.0891e-09
0,0,0.08,0.05236,0.05236,-9.3463e-09,-7.7506e-08,-3.3254e-08,-1.4715e-08,1.8482e-08,1.8462e-08,2.4022e-08,-1.9455e-08,-1.0309e-08,-5.4541e-09,-2.9387e-08,2.1477e-09
0,0,-0.08,0.10472,0.05236,-9.3042e-09,-3.957e-08,-4.2727e-08,-2.4908e-08,-3.4245e-09,2.6826e-08,4.398e-08,-3.3421e-08,1.5144e-09,-2.5653e-08,-2.7766e-08,-1.7863e-08
-0.04,-0.04,-0.04,0.10472,0.05236,-3.2828e-09,-4.7072e-08,-4.3433e-08,-2.1016e-08,3.2114e-09,1.9698e-08,4.8764e-08,-3.5759e-08,-2.6693e-09,-1.787e-08,-2.6517e-08,-2.2812e-08
0,-0.04,-0.04,0.10472,0.05236,-1.011e-08,-4.7115e-08,-3.5451e-08,-1.883e-08,3.5612e-09,2.8216e-08,4.2888e-08,-3.8022e-08,-3.0768e-09,-1.9411e-08,-3.2641e-08,-1.6536e-08
0.04,-0.04,-0.04,0.10472,0.05236,-1.7952e-08,-4.2976e-08,-2.9617e-08,-1.887e-08,2.7489e-09,3.5635e-08,3.9341e-08,-3.7709e-08,-3.0989e-09,-2.0353e-08,-3.836e-08,-1.5106e-08
-0.04,0,-0.04,0.10472,0.05236,-5.5243e-09,-5.1095e-08,-4.9931e-08,-2.7357e-08,8.872e-10,1.6845e-08,4.6894e-08,-2.8663e-08,-1.0127e-09,-1.9841e-08,-2.3302e-08,-1.6238e-08
0,0,-0.04,0.10472,0.05236,-1.1372e-08,-4.7139e-08,-4.3058e-08,-2.6627e-08,1.9963e-09,2.4218e-08,3.778e-08,-2.9892e-08,3.1009e-10,-2.0471e-08,-2.9592e-08,-1.3679e-08
0.04,0,-0.04,0.10472,0.05236,-1.5307e-08,-4.6763e-08,-3.2004e-08,-2.5069e-08,2.5972e-09,3.2906e-08,3.42e-08,-3.304e-08,2.9504e-10,-2.2613e-08,-3.725e-08,-1.0587e-08
-0.04,0.04,-0.04,0.10472,0.05236,-5.1386e-09,-5.1595e-08,-5.5536e-08,-3.1881e-08,-8.1974e-10,1.5084e-08,4.1426e-08,-2.5064e-08,1.6238e-09,-2.207e-08,-2.5084e-08,-1.2393e-08
0,0.04,-0.04,0.10472,0.05236,-9.0469e-09,-4.8464e-08,-4.7196e-08,-2.8849e-08,1.1142e-09,1.993e-08,3.6887e-08,-2.495e-08,2.687e-09,-2.2374e-08,-2.8441e-08,-1.1213e-08
0.04,0.04,-0.04,0.10472,0.05236,-1.2762e-08,-4.6034e-08,-3.6398e-08,-3.0157e-08,5.5915e-10,2.7254e-08,3.3135e-08,-2.6365e-08,3.3809e-09,-2.3706e-08,-3.4179e-08,-8.7001e-09
0,-0.08,0,0.10472,0.05236,-1.0319e-08,-5.0008e-08,-2.8722e-08,-1.4175e-08,7.3139e-09,2.9889e-08,3.877e-08,-4.0136e-08,-7.8107e-09,-1.2857e-08,-3.2852e-08,-2.016e-08
-0.04,-0.04,0,0.10472,0.05236,-4.3366e-09,-5.7593e-08,-4.0332e-08,-1.6698e-08,8.9704e-09,2.1819e-08,3.9591e-08,-2.8892e-08,-5.6256e-09,-1.3816e-08,-2.7007e-08,-1.7656e-08
0,-0.04,0,0.10472,0.05236,-1.0496e-08,-5.103e-08,-3.6976e-08,-1.7106e-08,7.0789e-09,2.6703e-08,3.7097e-08,-3.1765e-08,-5.3601e-09,-1.2668e-08,-3.1775e-08,-1.6077e-08
0.04,-0.04,0,0.10472,0.05236,-1.6709e-08,-4.7189e-08,-2.9409e-08,-1.5639e-08,6.9588e-09,3.4451e-08,3.2002e-08,-3.413e-08,-6.7011e-09,-1.4583e-08,-3.9399e-08,-1.0503e-08
-0.08,0,0,0.10472,0.05236,7.9981e-10,-6.2041e-08,-5.6712e-08,-2.2498e-08,9.345e-09,1.2507e-08,3.7986e-08,-2.6261e-08,-3.7404e-09,-1.3676e-08,-2.1526e-08,-1.8423e-08
-0.04,0,0,0.10472,0.05236,-3.2316e-09,-5.9699e-08,-4.7629e-08,-2.1509e-08,9.3121e-09,1.6966e-08,3.656e-08,-2.6655e-08,-2.0156e-09,-1.5731e-08,-2.6194e-08,-1.4644e-08
0,0,0,0.10472,0.05236,-8.5514e-09,-5.7971e-08,-3.8848e-08,-2.1363e-08,8.6995e-09,2.2032e-08,3.6307e-08,-2.8274e-08,-3.8866e-09,-1.4189e-08,-2.9941e-08,-9.0768e-09
0.04,0,0,0.10472,0.05236,-1.5971e-08,-5.3625e-08,-3.0418e-08,-1.8984e-08,7.0574e-09,3.0061e-08,3.0939e-08,-2.943e-08,-3.5184e-09,-1.4671e-08,-3.5317e-08,-7.9825e-09
0.08,0,0,0.10472,0.05236,-2.048e-08,-4.7959e-08,-2.5241e-08,-1.9909e-08,6.1913e-09,3.6824e-08,2.7657e-08,-2.9401e-08,-3.963e-09,-1.4153e-08,-4.5509e-08,-7.4294e-09
-0.04,0.04,0,0.10472,0.05236,-4.7534e-09,-6.545e-08,-5.3401e-08,-2.8515e-08,9.5281e-09,1.5041e-08,3.4675e-08,-2.3135e-08,1.9499e-10,-1.4368e-08,-2.4635e-08,-8.1918e-09
0,0.04,0,0.10472,0.05236,-8.6414e-09,-5.881e-08,-4.2728e-08,-2.8957e-08,6.8305e-09,2.0449e-08,3.1074e-08,-2.3165e-08,-1.3445e-09,-1.5053e-08,-2.7794e-08,-8.6812e-09
0.04,0.04,0,0.10472,0.05236,-1.4482e-08,-5.4127e-08,-3.5146e-08,-2.2808e-08,5.8123e-09,2.5597e-08,2.9388e-08,-2.4572e-08,1.9663e-09,-1.3576e-08,-3.5826e-08,-5.6182e-09
0,0.08,0,0.10472,0.05236,-8.2466e-09,-6.2194e-08,-4.5827e-08,-3.3723e-08,7.0989e-09,1.5477e-08,2.9516e-08,-1.9841e-08,3.554e-09,-1.5696e-08,-2.7426e-08,-5.6147e-09
-0.04,-0.04,0.04,0.10472,0.05236,-2.1151e-09,-6.6959e-08,-3.679e-08,-1.5667e-08,1.7662e-08,1.8365e-08,3.5081e-08,-2.7917e-08,-8.8311e-09,-9.9119e-09,-2.6686e-08,-1.2503e-08
0,-0.04,0.04,0.10472,0.05236,-6.9303e-09,-6.1958e-08,-3.1736e-08,-1.3071e-08,1.246e-08,2.4483e-08,2.91e-08,-2.692e-08,-1.0492e-08,-9.1407e-09,-3.2123e-08,-1.0638e-08
0.04,-0.04,0.04,0.10472,0.05236,-1.5359e-08,-5.9632e-08,-2.87e-08,-1.227e-08,9.919e-09,3.0184e-08,2.7711e-08,-2.8999e-08,-1.0138e-08,-9.3294e-09,-3.7889e-08,-5.1495e-09
-0.04,0,0.04,0.10472,0.05236,-1.6649e-09,-7.0008e-08,-4.2747e-08,-1.8757e-08,1.683e-08,1.6294e-08,3.1708e-08,-2.3243e-08,-6.5565e-09,-8.332e-09,-2.6094e-08,-7.6541e-09
0,0,0.04,0.10472,0.05236,-9.9546e-09,-6.8911e-08,-3.7266e-08,-1.6379e-08,1.1959e-08,2.0215e-08,2.8469e-08,-2.454e-08,-7.0361e-09,-1.0313e-08,-2.9446e-08,-4.6568e-09
0.04,0,0.04,0.10472,0.05236,-1.2706e-08,-6.3011e-08,-3.0613e-08,-1.7438e-08,1.1805e-08,2.6655e-08,2.5898e-08,-2.4855e-08,-9.7622e-09,-7.8976e-09,-3.765e-08,-3.1297e-09
-0.04,0.04,0.04,0.10472,0.05236,-2.3734e-09,-7.636e-08,-4.5429e-08,-2.4303e-08,1.5637e-08,1.4756e-08,2.8779e-08,-2.0411e-08,-2.6872e-09,-1.1277e-08,-2.5073e-08,-2.4621e-09
0,0.04,0.04,0.10472,0.05236,-7.7361e-09,-7.1012e-08,-3.7878e-08,-2.2435e-08,1.2121e-08,1.9055e-08,2.7706e-08,-2.0767e-08,-2.1515e-09,-8.434e-09,-3.0483e-08,-2.502e-09
0.04,0.04,0.04,0.10472,0.05236,-1.3058e-08,-6.4438e-08,-3.239e-08,-2.0207e-08,1.2054e-08,2.2551e-08,2.4828e-08,-2.1807e-08,-1.5629e-09,-7.3365e-09,-3.2994e-08,-2.4933e-09
0,0,0.08,0.10472,0.05236,-6.7129e-09,-8.3415e-08,-3.2587e-08,-1.1788e-08,1.818e-08,1.9108e-08,2.4778e-08,-1.9535e-08,-1.046e-08,-4.746e-09,-3.1405e-08,7.2128e-10
0,0,-0.08,0.15708,0.05236,-1.0114e-08,-4.1442e-08,-4.4807e-08,-2.4653e-08,-3.1691e-09,2.2558e-08,4.2988e-08,-3.2814e-08,1.067e-11,-2.5024e-08,-2.7327e-08,-1.8819e-08
-0.04,-0.04,-0.04,0.15708,0.05236,-5.4361e-09,-4.6166e-08,-4.2983e-08,-1.8892e-08,2.0384e-09,2.0127e-08,4.9641e-08,-3.5704e-08,-4.6442e-09,-1.6761e-08,-2.5301e-08,-2.4499e-08
0,-0.04,-0.04,0.15708,0.05236,-9.726e-09,-4.3623e-08,-3.7909e-08,-1.8313e-08,3.728e-09,2.5499e-08,4.1607e-08,-3.7579e-08,-5.4595e-09,-1.6614e-08,-3.0678e-08,-1.998e-08
0.04,-0.04,-0.04,0.15708,0.05236,-1.6371e-08,-4.2469e-08,-3.2185e-08,-1.6964e-08,3.2535e-09,3.7859e-08,3.6536e-08,-3.985e-08,-5.6246e-09,-2.0041e-08,-3.6968e-08,-1.537e-08
-0.04,0,-0.04,0.15708,0.05236,-5.3991e-09,-5.2303e-08,-5.267e-08,-2.2116e-08,2.8975e-09,1.7314e-08,4.5143e-08,-3.2196e-08,-2.2446e-09,-1.8418e-08,-2.4647e-08,-1.9575e-08
0,0,-0.04,0.15708,0.05236,-9.034e-09,-4.8086e-08,-4.1479e-08,-2.2735e-08,1.3163e-09,2.4236e-08,4.0159e-08,-3.2678e-08,-1.0666e-09,-1.7811e-08,-3.1113e-08,-1.6083e-08
0.04,0,-0.04,0.15708,0.05236,-1.5135e-08,-4.341e-08,-3.4849e-08,-2.0515e-08,2.726e-09,2.9218e-08,3.4133e-08,-3.2973e-08,-2.0527e-09,-2.0028e-08,-3.5347e-08,-1.2477e-08
-0.04,0.04,-0.04,0.15708,0.05236,-5.7892e-09,-5.1454e-08,-5.883e-08,-3.0095e-08,2.9237e-10,1.3335e-08,4.0459e-08,-2.5143e-08,1.9354e-10,-2.0559e-08,-2.3804e-08,-1.3432e-08
0,0.04,-0.04,0.15708,0.05236,-9.4067e-09,-4.9144e-08,-4.783e-08,-2.5649e-08,2.3299e-09,1.7394e-08,3.5136e-08,-2.6111e-08,1.016e-09,-2.0478e-08,-2.8589e-08,-1.308e-08
0.04,0.04,-0.04,0.15708,0.05236,-1.5022e-08,-4.6886e-08,-3.9689e-08,-2.6684e-08,1.8662e-09,2.4338e-08,3.1679e-08,-2.7801e-08,3.3991e-09,-2.141e-08,-3.2998e-08,-9.8477e-09
0,-0.08,0,0.15708,0.05236,-9.1093e-09,-4.9805e-08,-3.0611e-08,-1.2511e-08,9.1418e-09,2.9956e-08,3.7129e-08,-4.0417e-08,-8.874e-09,-1.2389e-08,-3.48e-08,-2.13e-08
-0.04,-0.04,0,0.15708,0.05236,-3.9889e-09,-5.4079e-08,-4.3232e-08,-1.5413e-08,1.1588e-08,2.0387e-08,3.9802e-08,-3.4096e-08,-6.7751e-09,-1.3579e-08,-2.6742e-08,-2.0087e-08
0,-0.04,0,0.15708,0.05236,-9.6968e-09,-5.3665e-08,-3.4571e-08,-1.4243e-08,6.9697e-09,2.399e-08,3.5762e-08,-3.4824e-08,-7.6145e-09,-1.229e-08,-3.2551e-08,-1.8334e-08
0.04,-0.04,0,0.15708,0.05236,-1.6945e-08,-4.8739e-08,-2.7829e-08,-1.532e-08,8.827e-09,3.4247e-08,3.2818e-08,-3.5835e-08,-8.7637e-09,-1.224e-08,-3.9615e-08,-1.2837e-08
-0.08,0,0,0.15708,0.05236,-3.974e-10,-6.5841e-08,-5.486e-08,-2.0364e-08,1.2406e-08,1.2033e-08,4.0858e-08,-2.5391e-08,-3.3872e-09,-1.318e-08,-2.0464e-08,-1.9603e-08
-0.04,0,0,0.15708,0.05236,-5.9525e-09,-6.1357e-08,-4.5729e-08,-2.04e-08,8.6671e-09,1.5339e-08,3.7556e-08,-2.868e-08,-5.0312e-09,-1.3875e-08,-2.5495e-08,-1.5861e-08
0,0,0,0.15708,0.05236,-9.1173e-09,-5.457e-08,-4.0361e-08,-1.8535e-08,6.7204e-09,2.3076e-08,3.5119e-08,-2.9611e-08,-5.5514e-09,-1.4112e-08,-3.1803e-08,-1.4271e-08
0.04,0,0,0.15708,0.05236,-1.7277e-08,-5.1445e-08,-3.2472e-08,-1.6897e-08,7.4478e-09,2.8892e-08,3.1889e-08,-2.9728e-08,-6.1028e-09,-1.354e-08,-3.7222e-08,-1.0065e-08
0.08,0,0,0.15708,0.05236,-2.3469e-08,-4.4204e-08,-2.6169e-08,-1.7992e-08,6.6533e-09,3.3298e-08,2.8031e-08,-2.8443e-08,-5.1172e-09,-1.1497e-08,-4.1354e-08,-7.2204e-09
-0.04,0.04,0,0.15708,0.05236,-3.4312e-09,-6.3635e-08,-5.6929e-08,-2.4154e-08,9.6212e-09,1.3455e-08,3.3982e-08,-2.2984e-08,-1.7208e-09,-1.5526e-08,-2.4562e-08,-1.217e-08
0,0.04,0,0.15708,0.05236,-7.9502e-09,-5.9947e-08,-4.4502e-08,-2.5211e-08,7.0199e-09,1.8505e-08,3.1861e-08,-2.4163e-08,-5.5256e-10,-1.4504e-08,-2.7618e-08,-9.1406e-09
0.04,0.04,0,0.15708,0.05236,-1.4664e-08,-5.7073e-08,-3.4609e-08,-2.266e-08,6.0772e-09,2.2401e-08,2.8764e-08,-2.5892e-08,-2.4284e-09,-1.1008e-08,-3.6518e-08,-6.4563e-09
0,0.08,0,0.15708,0.05236,-7.466e-09,-5.9967e-08,-4.7704e-08,-2.8414e-08,8.487e-09,1.3363e-08,2.9632e-08,-2.0154e-08,2.3295e-09,-1.2626e-08,-2.8922e-08,-6.7743e-09
-0.04,-0.04,0.04,0.15708,0.05236,-1.4149e-10,-6.8737e-08,-3.8359e-08,-1.1993e-08,1.6495e-08,1.8105e-08,3.22e-08,-2.7989e-08,-8.8717e-09,-8.1385e-09,-2.6682e-08,-1.4459e-08
0,-0.04,0.04,0.15708,0.05236,-8.5111e-09,-6.6658e-08,-3.4045e-08,-1.1302e-08,1.4839e-08,2.3114e-08,3.0302e-08,-3.0617e-08,-1.124e-08,-7.9024e-09,-2.9984e-08,-1.2023e-08
0.04,-0.04,0.04,0.15708,0.05236,-1.5776e-08,-5.8069e-08,-2.818e-08,-1.1645e-08,1.1864e-08,2.8212e-08,2.8656e-08,-2.9258e-08,-1.2882e-08,-7.5607e-09,-3.8557e-08,-9.1249e-09
-0.04,0,0.04,0.15708,0.05236,-3.6498e-09,-7.2451e-08,-4.1772e-08,-1.5415e-08,1.5828e-08,1.6858e-08,3.1242e-08,-2.3981e-08,-6.9134e-09,-9.5697e-09,-2.4549e-08,-1.0215e-08
0,0,0.04,0.15708,0.05236,-9.0458e-09,-6.444e-08,-3.5545e-08,-1.3448e-08,1.2991e-08,1.964e-08,3.0137e-08,-2.5249e-08,-1.0062e-08,-8.4214e-09,-3.1088e-08,-7.0413e-09
0.04,0,0.04,0.15708,0.05236,-1.3337e-08,-6.0248e-08,-3.2037e-08,-1.3974e-08,1.2492e-08,2.4938e-08,2.6129e-08,-2.7468e-08,-1.1114e-08,-7.7715e-09,-3.553e-08,-6.279e-09
-0.04,0.04,0.04,0.15708,0.05236,-4.4491e-09,-7.8043e-08,-4.9274e-08,-2.0267e-08,1.7457e-08,1.3111e-08,2.8756e-08,-2.0886e-08,-6.5583e-09,-8.555e-09,-2.4401e-08,-5.9989e-09
0,0.04,0.04,0.15708,0.05236,-8.7452e-09,-7.3108e-08,-3.9295e-08,-1.9254e-08,1.281e-08,1.865e-08,2.6975e-08,-2.2482e-08,-6.7838e-09,-9.0344e-09,-2.8537e-08,-5.4115e-09
0.04,0.04,0.04,0.15708,0.05236,-1.4137e-08,-6.6411e-08,-3.4228e-08,-1.8533e-08,1.1185e-08,2.0284e-08,2.4567e-08,-2.1109e-08,-7.7073e-09,-7.9999e-09,-3.4733e-08,-4.8899e-09
0,0,0.08,0.15708,0.05236,-4.8639e-09,-7.747e-08,-3.3389e-08,-8.0149e-09,2.1029e-08,1.8602e-08,2.5822e-08,-2.0998e-08,-1.4399e-08,-6.1367e-09,-2.9781e-08,-1.0035e-09
0,0,-0.08,0.05236,0.10472,-9.3292e-09,-4.3296e-08,-3.9623e-08,-2.8513e-08,-5.284e-09,2.692e-08,4.5313e-08,-3.2537e-08,3.6939e-09,-2.536e-08,-2.9405e-08,-1.4952e-08
-0.04,-0.04,-0.04,0.05236,0.10472,-4.6284e-09,-4.8853e-08,-4.0304e-08,-2.3505e-08,6.5204e-10,2.3533e-08,4.8797e-08,-3.2151e-08,-2.0427e-09,-1.9119e-08,-2.7441e-08,-1.8151e-08
0,-0.04,-0.04,0.05236,0.10472,-9.7801e-09,-4.639e-08,-3.4672e-08,-2.2606e-08,2.7578e-09,3.1223e-08,3.9948e-08,-3.7155e-08,-2.1995e-09,-1.9246e-08,-3.1132e-08,-1.5543e-08
0.04,-0.04,-0.04,0.05236,0.10472,-1.6862e-08,-4.4543e-08,-2.9027e-08,-2.1084e-08,1.6787e-09,4.187e-08,3.7486e-08,-3.7419e-08,-1.7492e-09,-2.104e-08,-3.9076e-08,-1.3975e-08
-0.04,0,-0.04,0.05236,0.10472,-5.3913e-09,-5.0477e-08,-5.0735e-08,-2.8669e-08,8.3048e-11,1.8419e-08,4.7015e-08,-2.972e-08,7.8497e-10,-2.055e-08,-2.6744e-08,-1.323e-08
0,0,-0.04,0.05236,0.10472,-1.061e-08,-4.9544e-08,-4.0029e-08,-2.6289e-08,1.9217e-09,2.6463e-08,4.0843e-08,-3.0896e-08,1.0136e-09,-2.1368e-08,-2.9847e-08,-1.2272e-08
0.04,0,-0.04,0.05236,0.10472,-1.5374e-08,-4.479e-08,-3.2981e-08,-2.5666e-08,1.1895e-09,3.0633e-08,3.6163e-08,-3.1442e-08,1.7044e-09,-2.0146e-08,-3.7326e-08,-8.1698e-09
-0.04,0.04,-0.04,0.05236,0.10472,-5.6209e-09,-5.1855e-08,-5.4756e-08,-3.5327e-08,-5.2115e-11,1.427e-08,4.1797e-08,-2.4372e-08,4.7271e-09,-2.1816e-08,-2.4776e-08,-1.0508e-08
0,0.04,-0.04,0.05236,0.10472,-9.2039e-09,-5.1754e-08,-4.6267e-08,-3.2984e-08,-7.7633e-11,2.1926e-08,3.5117e-08,-2.5555e-08,6.2013e-09,-2.3821e-08,-2.8858e-08,-8.4861e-09
0.04,0.04,-0.04,0.05236,0.10472,-1.287e-08,-4.6993e-08,-3.8025e-08,-3.2045e-08,1.0017e-09,2.929e-08,3.1482e-08,-2.6982e-08,6.8314e-09,-2.4353e-08,-3.4527e-08,-5.9768e-09
0,-0.08,0,0.05236,0.10472,-1.0687e-08,-5.1275e-08,-2.9034e-08,-1.56e-08,6.4983e-09,3.2757e-08,3.3778e-08,-3.7432e-08,-6.881e-09,-1.4045e-08,-3.3314e-08,-1.768e-08
-0.04,-0.04,0,0.05236,0.10472,-4.6161e-09,-5.8741e-08,-4.1105e-08,-2.0046e-08,7.0616e-09,2.1443e-08,3.8358e-08,-3.0794e-08,-4.1598e-09,-1.5342e-08,-2.7481e-08,-1.6367e-08
0,-0.04,0,0.05236,0.10472,-8.2783e-09,-5.5083e-08,-3.3918e-08,-2.0114e-08,6.4106e-09,2.5373e-08,3.7096e-08,-3.3137e-08,-4.3351e-09,-1.6443e-08,-3.447e-08,-1.1821e-08
0.04,-0.04,0,0.05236,0.10472,-1.5728e-08,-5.0847e-08,-2.765e-08,-1.9102e-08,6.0907e-09,3.3725e-08,3.228e-08,-3.2202e-08,-3.6974e-09,-1.5047e-08,-4.0462e-08,-8.4361e-09
-0.08,0,0,0.05236,0.10472,-4.2911e-10,-6.342e-08,-4.9537e-08,-2.6683e-08,8.3087e-09,1.1936e-08,4.1082e-08,-2.453e-08,-1.5722e-09,-1.35e-08,-2.3126e-08,-1.2302e-08
-0.04,0,0,0.05236,0.10472,-4.7036e-09,-5.7312e-08,-4.6397e-08,-2.5996e-08,5.0402e-09,1.8113e-08,3.6877e-08,-2.6187e-08,-1.5831e-09,-1.418e-08,-2.6005e-08,-1.113e-08
0,0,0,0.05236,0.10472,-8.8588e-09,-5.9387e-08,-4.1041e-08,-2.4025e-08,6.6724e-09,2.4494e-08,3.299e-08,-2.6376e-08,-1.3706e-09,-1.5997e-08,-3.1715e-08,-7.4364e-09
0.04,0,0,0.05236,0.10472,-1.4093e-08,-5.3028e-08,-3.1767e-08,-2.2567e-08,5.7692e-09,3.3117e-08,3.0397e-08,-2.7536e-08,-1.9371e-09,-1.6369e-08,-3.8809e-08,-5.7584e-09
0.08,0,0,0.05236,0.10472,-2.1565e-08,-5.22e-08,-2.5858e-08,-2.0216e-08,5.9568e-09,4.01e-08,2.7418e-08,-2.7144e-08,-2.5993e-10,-1.5258e-08,-4.5612e-08,-4.4435e-09
-0.04,0.04,0,0.05236,0.10472,-4.9891e-09,-6.5437e-08,-4.8475e-08,-3.0595e-08,7.0041e-09,1.4372e-08,3.4868e-08,-2.2438e-08,1.389e-09,-1.682e-08,-2.4693e-08,-5.5784e-09
0,0.04,0,0.05236,0.10472,-9.7751e-09,-6.1914e-08,-4.4107e-08,-2.9011e-08,6.8564e-09,2.0799e-08,3.2762e-08,-2.1765e-08,3.8962e-09,-1.8089e-08,-3.0124e-08,-5.2117e-09
0.04,0.04,0,0.05236,0.10472,-1.5326e-08,-5.3173e-08,-3.4092e-08,-2.887e-08,6.1977e-09,2.7396e-08,2.903e-08,-2.3503e-08,2.51e-09,-1.6161e-08,-3.5591e-08,-3.28e-09
0,0.08,0,0.05236,0.10472,-7.7479e-09,-6.084e-08,-5.004e-08,-3.7461e-08,7.1921e-09,1.8233e-08,2.8753e-08,-2.0053e-08,5.9661e-09,-1.9374e-08,-2.7986e-08,-3.4525e-09
-0.04,-0.04,0.04,0.05236,0.10472,4.9922e-12,-6.8968e-08,-3.6089e-08,-1.7214e-08,1.5285e-08,2.0967e-08,3.1363e-08,-2.639e-08,-6.9309e-09,-1.151e-08,-2.7725e-08,-8.2354e-09
0,-0.04,0.04,0.05236,0.10472,-9.3395e-09,-6.6437e-08,-3.3239e-08,-1.7317e-08,1.1878e-08,2.5009e-08,2.9087e-08,-2.5267e-08,-8.2936e-09,-1.0354e-08,-3.1503e-08,-6.0607e-09
0.04,-0.04,0.04,0.05236,0.10472,-1.3819e-08,-6.0925e-08,-2.6247e-08,-1.5723e-08,1.0508e-08,2.9919e-08,2.6023e-08,-2.6148e-08,-9.6724e-09,-1.0326e-08,-4.0529e-08,-3.4896e-09
-0.04,0,0.04,0.05236,0.10472,-3.1402e-09,-7.3781e-08,-4.0504e-08,-2.0924e-08,1.3249e-08,1.7524e-08,3.1984e-08,-2.2766e-08,-3.998e-09,-1.0878e-08,-2.5466e-08,-5.0057e-09
0,0,0.04,0.05236,0.10472,-6.8366e-09,-6.6474e-08,-3.3409e-08,-1.9436e-08,1.2572e-08,2.0218e-08,2.8044e-08,-2.387e-08,-3.5737e-09,-9.822e-09,-3.0783e-08,-3.509e-09
0.04,0,0.04,0.05236,0.10472,-1.3873e-08,-6.4328e-08,-2.8459e-08,-1.787e-08,9.8315e-09,2.586e-08,2.6528e-08,-2.2835e-08,-5.5263e-09,-1.0668e-08,-3.6521e-08,-1.4388e-09
-0.04,0.04,0.04,0.05236,0.10472,-2.8343e-09,-7.735e-08,-4.2891e-08,-2.7461e-08,1.5943e-08,1.4579e-08,2.9801e-08,-1.9092e-08,-2.2803e-09,-1.079e-08,-2.4728e-08,-1.4719e-09
0,0.04,0.04,0.05236,0.10472,-6.1928e-09,-7.229e-08,-3.9228e-08,-2.3416e-08,1.356e-08,1.8203e-08,2.6298e-08,-2.0989e-08,-3.0996e-10,-1.162e-08,-2.9925e-08,-5.7322e-10
0.04,0.04,0.04,0.05236,0.10472,-1.2608e-08,-6.7015e-08,-3.2521e-08,-2.3146e-08,1.0073e-08,2.3139e-08,2.5539e-08,-1.9629e-08,5.5077e-10,-8.6072e-09,-3.6095e-08,7.9025e-10
0,0,0.08,0.05236,0.10472,-6.8868e-09,-8.1628e-08,-3.2719e-08,-1.5968e-08,1.862e-08,2.0899e-08,2.4941e-08,-1.8863e-08,-1.0473e-08,-6.7509e-09,-2.8913e-08,3.3037e-09
0,0,-0.08,0.10472,0.10472,-1.1092e-08,-4.085e-08,-4.2694e-08,-2.566e-08,-3.3858e-09,2.3928e-08,4.4112e-08,-3.3288e-08,2.3387e-09,-2.5143e-08,-2.6113e-08,-1.6951e-08
-0.04,-0.04,-0.04,0.10472,0.10472,-5.7677e-09,-4.8014e-08,-4.5225e-08,-2.0726e-08,2.1408e-09,1.9203e-08,4.6505e-08,-3.4001e-08,-3.0082e-09,-1.6602e-08,-2.6492e-08,-2.4275e-08
0,-0.04,-0.04,0.10472,0.10472,-1.0326e-08,-4.3582e-08,-3.4495e-08,-1.9839e-08,3.1362e-09,2.9077e-08,4.2875e-08,-3.6454e-08,-2.7533e-09,-1.7923e-08,-3.2177e-08,-1.8546e-08
0.04,-0.04,-0.04,0.10472,0.10472,-1.7389e-08,-4.2305e-08,-2.8552e-08,-1.9228e-08,3.1916e-09,4.076e-08,3.684e-08,-3.8682e-08,-3.1782e-09,-1.9295e-08,-3.7189e-08,-1.3952e-08
-0.04,0,-0.04,0.10472,0.10472,-6.8291e-09,-4.9521e-08,-5.1818e-08,-2.5505e-08,1.9559e-09,1.66e-08,4.1172e-08,-3.02e-08,-8.0269e-10,-1.7748e-08,-2.4218e-08,-1.7197e-08
0,0,-0.04,0.10472,0.10472,-1.0781e-08,-4.8121e-08,-4.0772e-08,-2.5289e-08,3.3326e-09,2.4778e-08,3.8601e-08,-2.9973e-08,-3.0622e-10,-2.0813e-08,-3.1278e-08,-1.4251e-08
0.04,0,-0.04,0.10472,0.10472,-1.6768e-08,-4.6862e-08,-3.4813e-08,-2.4085e-08,1.7251e-09,3.2346e-08,3.3632e-08,-3.1762e-08,-1.3529e-11,-2.2847e-08,-3.7386e-08,-1.1222e-08
-0.04,0.04,-0.04,0.10472,0.10472,-6.5626e-09,-5.0513e-08,-5.7766e-08,-3.0727e-08,3.8893e-10,1.4448e-08,4.1903e-08,-2.4478e-08,1.9812e-09,-2.1306e-08,-2.4495e-08,-1.1973e-08
0,0.04,-0.04,0.10472,0.10472,-9.2856e-09,-4.9424e-08,-4.7688e-08,-3.3047e-08,1.437e-09,1.9176e-08,3.8311e-08,-2.5243e-08,3.5657e-09,-2.4151e-08,-2.9286e-08,-1.0253e-08
0.04,0.04,-0.04,0.10472,0.10472,-1.3317e-08,-4.6217e-08,-3.6318e-08,-3.0721e-08,2.6536e-09,2.7404e-08,3.3105e-08,-2.6927e-08,3.3374e-09,-2.5178e-08,-3.366e-08,-8.6632e-09
0,-0.08,0,0.10472,0.10472,-1.0345e-08,-5.0194e-08,-2.8918e-08,-1.3487e-08,7.6363e-09,2.9055e-08,3.7868e-08,-4.1307e-08,-7.7596e-09,-1.363e-08,-3.4197e-08,-1.8604e-08
-0.04,-0.04,0,0.10472,0.10472,-4.7444e-09,-5.5557e-08,-3.9552e-08,-1.6598e-08,9.1661e-09,1.8944e-08,4.0676e-08,-3.0162e-08,-5.2637e-09,-1.4571e-08,-2.7407e-08,-1.7101e-08
0,-0.04,0,0.10472,0.10472,-1.0182e-08,-5.5553e-08,-3.5358e-08,-1.7682e-08,6.904e-09,2.5663e-08,3.6272e-08,-3.3885e-08,-5.5799e-09,-1.4667e-08,-3.044e-08,-1.4165e-08
0.04,-0.04,0,0.10472,0.10472,-1.5031e-08,-5.2813e-08,-2.9771e-08,-1.6885e-08,6.3682e-09,3.3487e-08,3.3047e-08,-3.503e-08,-6.5636e-09,-1.4881e-08,-3.9077e-08,-1.0169e-08
-0.08,0,0,0.10472,0.10472,-2.5677e-10,-6.3946e-08,-5.081e-08,-2.2711e-08,1.0102e-08,1.3134e-08,4.2708e-08,-2.5356e-08,-2.8192e-09,-1.4209e-08,-2.168e-08,-1.6272e-08
-0.04,0,0,0.10472,0.10472,-4.1828e-09,-6.0257e-08,-4.8135e-08,-2.1458e-08,9.2031e-09,1.6372e-08,3.9857e-08,-2.6254e-08,-2.2005e-09,-1.3797e-08,-2.671e-08,-1.1593e-08
0,0,0,0.10472,0.10472,-1.0102e-08,-5.6157e-08,-3.8651e-08,-2.3851e-08,7.0636e-09,2.3449e-08,3.3316e-08,-2.7144e-08,-2.3667e-09,-1.4094e-08,-3.1359e-08,-1.1505e-08
0.04,0,0,0.10472,0.10472,-1.4286e-08,-5.1664e-08,-3.2146e-08,-1.8048e-08,7.2687e-09,2.8662e-08,3.029e-08,-2.8665e-08,-3.3534e-09,-1.4817e-08,-3.8812e-08,-8.8319e-09
0.08,0,0,0.10472,0.10472,-2.307e-08,-5.0517e-08,-2.5376e-08,-2.0337e-08,6.7076e-09,3.7921e-08,2.7719e-08,-2.8969e-08,-4.8742e-09,-1.4121e-08,-4.5028e-08,-4.5577e-09
-0.04,0.04,0,0.10472,0.10472,-3.577e-09,-6.1905e-08,-5.4833e-08,-2.8525e-08,8.2269e-09,1.3551e-08,3.645e-08,-2.1933e-08,-5.4922e-10,-1.569e-08,-2.4712e-08,-8.6412e-09
0,0.04,0,0.10472,0.10472,-9.279e-09,-6.1417e-08,-4.9781e-08,-2.786e-08,6.4972e-09,1.8134e-08,3.0531e-08,-2.3355e-08,6.3766e-10,-1.6591e-08,-2.8136e-08,-5.7583e-09
0.04,0.04,0,0.10472,0.10472,-1.264e-08,-5.6631e-08,-3.5677e-08,-2.6139e-08,6.9922e-09,2.4802e-08,2.7951e-08,-2.4008e-08,1.3332e-09,-1.6416e-08,-3.4169e-08,-4.3755e-09
0,0.08,0,0.10472,0.10472,-8.1652e-09,-6.1285e-08,-4.7924e-08,-3.281e-08,6.1454e-09,1.5048e-08,2.9006e-08,-2.0547e-08,4.9913e-09,-1.5359e-08,-2.7815e-08,-4.879e-09
-0.04,-0.04,0.04,0.10472,0.10472,3.5724e-11,-6.5671e-08,-3.6907e-08,-1.3845e-08,1.4947e-08,1.7811e-08,3.1029e-08,-2.7422e-08,-9.2485e-09,-1.043e-08,-2.7061e-08,-1.0357e-08
0,-0.04,0.04,0.10472,0.10472,-8.6812e-09,-6.1196e-08,-3.0227e-08,-1.5547e-08,1.1965e-08,2.2996e-08,2.945e-08,-2.9405e-08,-9.1079e-09,-9.066e-09,-3.1821e-08,-9.7291e-09
0.04,-0.04,0.04,0.10472,0.10472,-1.7346e-08,-5.9523e-08,-2.7711e-08,-1.3284e-08,1.1313e-08,2.8402e-08,2.8906e-08,-2.9281e-08,-9.963e-09,-8.5752e-09,-3.7791e-08,-4.4669e-09
-0.04,0,0.04,0.10472,0.10472,-1.8108e-09,-7.403e-08,-4.0196e-08,-1.91e-08,1.7688e-08,1.7559e-08,3.2551e-08,-2.4031e-08,-6.2725e-09,-1.0952e-08,-2.5006e-08,-7.1707e-09
0,0,0.04,0.10472,0.10472,-8.6446e-09,-6.8653e-08,-3.6455e-08,-1.7086e-08,1.4537e-08,2.0268e-08,2.9547e-08,-2.4826e-08,-7.0681e-09,-1.0218e-08,-3.1422e-08,-6.1256e-09
0.04,0,0.04,0.10472,0.10472,-1.5545e-08,-6.5212e-08,-3.0314e-08,-1.7103e-08,1.1704e-08,2.6259e-08,2.6373e-08,-2.3977e-08,-7.9185e-09,-9.7634e-09,-3.6152e-08,-1.8908e-09
-0.04,0.04,0.04,0.10472,0.10472,-3.8427e-09,-8.0754e-08,-4.6253e-08,-2.3434e-08,1.7816e-08,1.4095e-08,3.0065e-08,-2.02e-08,-3.4381e-09,-9.0443e-09,-2.4737e-08,-4.2401e-09
0,0.04,0.04,0.10472,0.10472,-9.8007e-09,-7.2429e-08,-3.9001e-08,-1.9836e-08,1.387e-08,1.733e-08,2.8041e-08,-2.1932e-08,-4.3121e-09,-1.0994e-08,-2.9412e-08,-2.7076e-09
0.04,0.04,0.04,0.10472,0.10472,-1.361e-08,-6.2354e-08,-3.1995e-08,-2.0058e-08,1.1701e-08,2.2052e-08,2.4534e-08,-2.1847e-08,-2.4742e-09,-7.8148e-09,-3.4788e-08,-1.0827e-09
0,0,0.08,0.10472,0.10472,-6.583e-09,-8.5165e-08,-3.2715e-08,-1.0298e-08,1.9048e-08,1.929e-08,2.3277e-08,-1.9498e-08,-1.1192e-08,-5.2655e-09,-3.0237e-08,-6.1245e-10
0,0,-0.08,0.15708,0.10472,-9.8281e-09,-4.2106e-08,-4.5355e-08,-2.4434e-08,-1.618e-09,2.3909e-08,4.4818e-08,-3.4823e-08,8.1527e-10,-2.3367e-08,-2.7504e-08,-1.8075e-08
-0.04,-0.04,-0.04,0.15708,0.10472,-5.3306e-09,-4.618e-08,-4.5029e-08,-1.9501e-08,2.3006e-09,1.9821e-08,4.9076e-08,-3.5041e-08,-3.6081e-09,-1.5947e-08,-2.588e-08,-2.4657e-08
0,-0.04,-0.04,0.15708,0.10472,-1.0255e-08,-4.3584e-08,-3.7463e-08,-1.8081e-08,3.5877e-09,2.5455e-08,4.375e-08,-3.8554e-08,-4.0677e-09,-1.7234e-08,-3.1463e-08,-2.0005e-08
0.04,-0.04,-0.04,0.15708,0.10472,-1.5678e-08,-4.1201e-08,-3.3157e-08,-1.762e-08,4.3661e-09,3.718e-08,3.846e-08,-4.0166e-08,-4.8452e-09,-1.7849e-08,-3.6684e-08,-1.648e-08
-0.04,0,-0.04,0.15708,0.10472,-5.4476e-09,-5.014e-08,-5.5975e-08,-2.3547e-08,3.1306e-09,1.4536e-08,4.5453e-08,-2.9919e-08,-1.1013e-09,-1.7157e-08,-2.3292e-08,-2.0063e-08
0,0,-0.04,0.15708,0.10472,-9.854e-09,-4.9273e-08,-4.3055e-08,-2.2239e-08,3.236e-09,2.3679e-08,4.301e-08,-3.1336e-08,-1.5626e-09,-1.977e-08,-3.083e-08,-1.6518e-08
0.04,0,-0.04,0.15708,0.10472,-1.6788e-08,-4.3863e-08,-3.5532e-08,-2.1188e-08,3.8232e-09,3.0307e-08,3.477e-08,-3.1397e-08,-2.2407e-09,-2.0713e-08,-3.55e-08,-1.2253e-08
-0.04,0.04,-0.04,0.15708,0.10472,-6.9262e-09,-5.2968e-08,-5.9746e-08,-2.7251e-08,1.7382e-09,1.1538e-08,4.1988e-08,-2.5559e-08,1.4891e-09,-1.9779e-08,-2.3666e-08,-1.526e-08
0,0.04,-0.04,0.15708,0.10472,-9.1275e-09,-5.0346e-08,-4.7265e-08,-2.8739e-08,1.7671e-09,1.6892e-08,3.6582e-08,-2.6411e-08,1.6315e-09,-1.931e-08,-2.9016e-08,-1.2614e-08
0.04,0.04,-0.04,0.15708,0.10472,-1.2969e-08,-4.5846e-08,-3.8117e-08,-2.852e-08,2.6807e-09,2.6975e-08,3.3426e-08,-2.7546e-08,1.6855e-09,-2.0218e-08,-3.2966e-08,-1.0443e-08
0,-0.08,0,0.15708,0.10472,-8.515e-09,-4.6688e-08,-3.0446e-08,-1.1869e-08,8.5322e-09,2.9386e-08,3.8493e-08,-4.2907e-08,-9.9904e-09,-1.1458e-08,-3.3391e-08,-1.9703e-08
-0.04,-0.04,0,0.15708,0.10472,-2.5876e-09,-5.4071e-08,-4.2196e-08,-1.6216e-08,8.7868e-09,1.7438e-08,4.1446e-08,-3.1876e-08,-7.7109e-09,-1.259e-08,-2.591e-08,-2.0278e-08
0,-0.04,0,0.15708,0.10472,-9.8539e-09,-5.3984e-08,-3.7465e-08,-1.4741e-08,8.4034e-09,2.4093e-08,3.797e-08,-3.4832e-08,-7.6045e-09,-1.2642e-08,-3.0862e-08,-1.6636e-08
0.04,-0.04,0,0.15708,0.10472,-1.6234e-08,-5.0023e-08,-2.9168e-08,-1.3792e-08,8.2648e-09,3.1815e-08,3.2435e-08,-3.6935e-08,-9.3387e-09,-1.3327e-08,-3.957e-08,-1.203e-08
-0.08,0,0,0.15708,0.10472,-3.5422e-10,-6.1656e-08,-5.4538e-08,-2.1493e-08,1.2702e-08,8.2591e-09,4.2058e-08,-2.724e-08,-4.277e-09,-1.2863e-08,-2.2585e-08,-1.982e-08
-0.04,0,0,0.15708,0.10472,-4.1663e-09,-5.5786e-08,-4.8088e-08,-1.8794e-08,9.995e-09,1.4483e-08,3.8662e-08,-2.6675e-08,-4.7247e-09,-1.5456e-08,-2.5638e-08,-1.4758e-08
0,0,0,0.15708,0.10472,-9.729e-09,-5.5126e-08,-4.2456e-08,-1.7866e-08,8.772e-09,2.402e-08,3.5031e-08,-2.82e-08,-5.1075e-09,-1.4035e-08,-2.9958e-08,-1.22e-08
0.04,0,0,0.15708,0.10472,-1.7147e-08,-5.2377e-08,-3.3608e-08,-1.7821e-08,7.8731e-09,2.7237e-08,2.9552e-08,-2.9549e-08,-4.9819e-09,-1.3247e-08,-3.8635e-08,-8.2135e-09
0.08,0,0,0.15708,0.10472,-2.3788e-08,-4.736e-08,-2.6819e-08,-1.6522e-08,7.3868e-09,3.4149e-08,2.7766e-08,-2.9937e-08,-7.8344e-09,-1.2816e-08,-4.5133e-08,-6.757e-09
-0.04,0.04,0,0.15708,0.10472,-5.3066e-09,-5.8069e-08,-5.3212e-08,-2.4791e-08,9.2411e-09,1.3572e-08,3.448e-08,-2.3763e-08,-2.0683e-09,-1.4833e-08,-2.3162e-08,-1.1002e-08
0,0.04,0,0.15708,0.10472,-1.0444e-08,-5.9381e-08,-4.5416e-08,-2.3777e-08,8.8624e-09,1.978e-08,3.1494e-08,-2.4235e-08,-1.9451e-09,-1.3001e-08,-2.9042e-08,-9.4756e-09
0.04,0.04,0,0.15708,0.10472,-1.4708e-08,-5.5311e-08,-3.5742e-08,-2.1403e-08,7.9111e-09,2.4603e-08,2.9467e-08,-2.6295e-08,1.0008e-10,-1.3405e-08,-3.5799e-08,-5.5967e-09
0,0.08,0,0.15708,0.10472,-9.3347e-09,-6.217e-08,-4.6527e-08,-3.1625e-08,6.7593e-09,1.4711e-08,2.9797e-08,-2.1056e-08,2.1983e-09,-1.4171e-08,-2.8527e-08,-5.3947e-09
-0.04,-0.04,0.04,0.15708,0.10472,5.0192e-10,-6.5594e-08,-3.7979e-08,-1.1213e-08,1.7951e-08,1.7831e-08,3.2758e-08,-2.8125e-08,-1.0097e-08,-9.3781e-09,-2.7955e-08,-1.4142e-08
0,-0.04,0.04,0.15708,0.10472,-8.3366e-09,-6.3051e-08,-3.3239e-08,-1.1791e-08,1.3651e-08,2.2823e-08,3.0763e-08,-3.0394e-08,-1.1551e-08,-9.2016e-09,-3.2174e-08,-1.2212e-08
0.04,-0.04,0.04,0.15708,0.10472,-1.8077e-08,-5.7345e-08,-2.8828e-08,-1.1684e-08,1.214e-08,2.9433e-08,2.779e-08,-2.9246e-08,-1.184e-08,-6.589e-09,-3.7729e-08,-7.003e-09
-0.04,0,0.04,0.15708,0.10472,-3.9806e-09,-7.2505e-08,-4.2778e-08,-1.4761e-08,1.6926e-08,1.5755e-08,3.111e-08,-2.5358e-08,-8.2909e-09,-1.0151e-08,-2.4742e-08,-1.017e-08
0,0,0.04,0.15708,0.10472,-8.2521e-09,-6.7029e-08,-3.7783e-08,-1.4472e-08,1.35e-08,2.0694e-08,2.7932e-08,-2.4639e-08,-8.6937e-09,-9.5382e-09,-2.9464e-08,-8.9359e-09
0.04,0,0.04,0.15708,0.10472,-1.7161e-08,-6.0572e-08,-2.9877e-08,-1.3377e-08,1.2368e-08,2.3141e-08,2.5477e-08,-2.5981e-08,-1.0082e-08,-7.3491e-09,-3.6916e-08,-5.072e-09
-0.04,0.04,0.04,0.15708,0.10472,-2.5445e-09,-7.5848e-08,-4.8225e-08,-1.9632e-08,1.7977e-08,1.2099e-08,3.0489e-08,-2.1051e-08,-4.7479e-09,-1.0025e-08,-2.4038e-08,-6.9382e-09
0,0.04,0.04,0.15708,0.10472,-8.8244e-09,-7.1429e-08,-3.884e-08,-1.7938e-08,1.6201e-08,1.7157e-08,2.5945e-08,-2.1363e-08,-4.8712e-09,-7.3485e-09,-3.04e-08,-4.9681e-09
0.04,0.04,0.04,0.15708,0.10472,-1.3779e-08,-6.3826e-08,-3.2575e-08,-1.6478e-08,1.2111e-08,2.0943e-08,2.5733e-08,-2.3222e-08,-7.1073e-09,-5.8934e-09,-3.3365e-08,-2.8976e-09
0,0,0.08,0.15708,0.10472,-8.1551e-09,-8.1369e-08,-3.2761e-08,-7.1477e-09,2.0503e-08,1.8191e-08,2.3697e-08,-2.1949e-08,-1.1677e-08,-3.586e-09,-3.0065e-08,-1.3617e-09
0,0,-0.08,0.05236,0.15708,-1.0764e-08,-4.1736e-08,-4.2174e-08,-2.9198e-08,-3.7083e-09,2.8572e-08,4.5648e-08,-3.1401e-08,3.7525e-09,-2.5266e-08,-2.953e-08,-1.4788e-08
-0.04,-0.04,-0.04,0.05236,0.15708,-6.1399e-09,-4.8867e-08,-4.3341e-08,-2.3586e-08,2.8147e-09,2.1805e-08,4.8754e-08,-3.2497e-08,-1.8026e-09,-1.8503e-08,-2.6455e-08,-1.9476e-08
0,-0.04,-0.04,0.05236,0.15708,-1.0626e-08,-4.7696e-08,-3.5434e-08,-2.1509e-08,2.224e-09,3.2273e-08,4.2229e-08,-3.415e-08,-1.7063e-09,-2.0503e-08,-3.3221e-08,-1.7075e-08
0.04,-0.04,-0.04,0.05236,0.15708,-1.7283e-08,-4.4686e-08,-2.968e-08,-2.0832e-08,2.0369e-09,3.7158e-08,3.7912e-08,-3.9977e-08,-1.1875e-09,-1.8617e-08,-3.7575e-08,-1.2875e-08
-0.04,0,-0.04,0.05236,0.15708,-4.7336e-09,-5.0619e-08,-4.7512e-08,-2.9872e-08,-1.3238e-09,2.0302e-08,4.5396e-08,-2.9914e-08,9.0669e-10,-2.0755e-08,-2.6234e-08,-1.3907e-08
0,0,-0.04,0.05236,0.15708,-9.3744e-09,-4.9965e-08,-3.9191e-08,-2.6385e-08,3.9077e-10,2.4591e-08,3.9558e-08,-3.0097e-08,1.2921e-09,-2.2296e-08,-3.0196e-08,-1.086e-08
0.04,0,-0.04,0.05236,0.15708,-1.5709e-08,-4.5761e-08,-3.1703e-08,-2.5956e-08,2.6851e-09,3.3788e-08,3.6648e-08,-3.0087e-08,2.3738e-09,-2.1944e-08,-3.8684e-08,-9.3171e-09
-0.04,0.04,-0.04,0.05236,0.15708,-5.0355e-09,-5.2656e-08,-5.7243e-08,-3.7357e-08,-2.3796e-10,1.7506e-08,4.2099e-08,-2.4535e-08,4.1944e-09,-2.3662e-08,-2.4964e-08,-9.5753e-09
0,0.04,-0.04,0.05236,0.15708,-9.2252e-09,-5.1463e-08,-4.6247e-08,-3.3334e-08,1.7259e-09,2.1493e-08,3.7284e-08,-2.4527e-08,5.801e-09,-2.2354e-08,-2.8011e-08,-9.0459e-09
0.04,0.04,-0.04,0.05236,0.15708,-1.4851e-08,-4.6451e-08,-3.6472e-08,-3.0632e-08,2.089e-09,2.7141e-08,3.187e-08,-2.5868e-08,5.5882e-09,-2.4247e-08,-3.6175e-08,-6.7519e-09
0,-0.08,0,0.05236,0.15708,-9.6469e-09,-4.9032e-08,-2.8492e-08,-1.5168e-08,6.3177e-09,3.2928e-08,3.5474e-08,-3.7e-08,-7.365e-09,-1.4235e-08,-3.4621e-08,-1.5497e-08
-0.04,-0.04,0,0.05236,0.15708,-5.6222e-09,-5.8156e-08,-3.7616e-08,-2.0076e-08,7.4266e-09,1.9434e-08,3.9423e-08,-3.2231e-08,-3.5916e-09,-1.4368e-08,-2.7592e-08,-1.5153e-08
0,-0.04,0,0.05236,0.15708,-1.0299e-08,-5.2411e-08,-3.3339e-08,-1.8319e-08,6.966e-09,2.7234e-08,3.7223e-08,-3.2382e-08,-2.9332e-09,-1.4995e-08,-3.2869e-08,-1.2958e-08
0.04,-0.04,0,0.05236,0.15708,-1.5115e-08,-4.9933e-08,-2.7881e-08,-1.8338e-08,5.8489e-09,3.1657e-08,3.111e-08,-3.1941e-08,-5.3698e-09,-1.4692e-08,-4.0899e-08,-8.4593e-09
-0.08,0,0,0.05236,0.15708,1.3921e-10,-6.0654e-08,-5.1619e-08,-2.4452e-08,1.0507e-08,1.255e-08,4.326e-08,-2.4724e-08,-1.4229e-09,-1.4553e-08,-2.174e-08,-1.3969e-08
-0.04,0,0,0.05236,0.15708,-4.185e-09,-6.2219e-08,-4.5261e-08,-2.3994e-08,7.8608e-09,1.7669e-08,3.9104e-08,-2.5904e-08,-1.4604e-09,-1.5966e-08,-2.5667e-08,-1.1753e-08
0,0,0,0.05236,0.15708,-1.0151e-08,-5.659e-08,-3.8718e-08,-2.5344e-08,7.0523e-09,2.3214e-08,3.3592e-08,-2.6662e-08,-1.7685e-09,-1.6083e-08,-3.0669e-08,-8.3112e-09
0.04,0,0,0.05236,0.15708,-1.3929e-08,-5.3052e-08,-3.2813e-08,-2.3688e-08,6.9464e-09,2.9753e-08,3.1719e-08,-2.6665e-08,-1.772e-09,-1.6372e-08,-3.8723e-08,-7.1589e-09
0.08,0,0,0.05236,0.15708,-2.4193e-08,-5.0665e-08,-2.5639e-08,-2.0993e-08,4.9663e-09,3.6057e-08,2.6032e-08,-2.9971e-08,-1.3433e-09,-1.5289e-08,-4.6328e-08,-4.3416e-09
-0.04,0.04,0,0.05236,0.15708,-3.7319e-09,-6.2604e-08,-5.1908e-08,-3.0898e-08,4.9883e-09,1.4397e-08,3.3698e-08,-2.1526e-08,2.8974e-09,-1.8142e-08,-2.5073e-08,-7.3559e-09
0,0.04,0,0.05236,0.15708,-8.5667e-09,-5.8724e-08,-4.1759e-08,-2.8505e-08,5.8029e-09,2.1182e-08,3.1658e-08,-2.2297e-08,1.553e-09,-1.8244e-08,-2.8783e-08,-4.8981e-09
0.04,0.04,0,0.05236,0.15708,-1.28e-08,-5.6266e-08,-3.6932e-08,-2.7688e-08,5.9178e-09,2.9314e-08,2.9322e-08,-2.3451e-08,3.2996e-09,-1.8607e-08,-3.6656e-08,-2.9443e-09
0,0.08,0,0.05236,0.15708,-7.5523e-09,-6.0537e-08,-4.6431e-08,-3.5881e-08,7.0809e-09,1.745e-08,2.8123e-08,-1.9174e-08,8.0098e-09,-1.6644e-08,-2.839e-08,-2.398e-09
-0.04,-0.04,0.04,0.05236,0.15708,-2.3031e-09,-7.0332e-08,-3.5938e-08,-1.5922e-08,1.3378e-08,1.9004e-08,3.2716e-08,-2.5358e-08,-7.0149e-09,-1.0536e-08,-2.6924e-08,-9.4883e-09
0,-0.04,0.04,0.05236,0.15708,-7.6817e-09,-6.1352e-08,-3.3051e-08,-1.5271e-08,1.3138e-08,2.3493e-08,2.8827e-08,-2.8671e-08,-8.4943e-09,-1.2095e-08,-3.248e-08,-8.0659e-09
0.04,-0.04,0.04,0.05236,0.15708,-1.643e-08,-5.8861e-08,-2.8579e-08,-1.5167e-08,1.2119e-08,3.098e-08,2.6516e-08,-2.4594e-08,-8.7848e-09,-1.0163e-08,-3.7454e-08,-1.7635e-09
-0.04,0,0.04,0.05236,0.15708,-1.5534e-09,-7.5884e-08,-4.0693e-08,-2.2618e-08,1.5248e-08,1.7882e-08,3.1053e-08,-2.2145e-08,-5.0273e-09,-1.1951e-08,-2.597e-08,-3.9602e-09
0,0,0.04,0.05236,0.15708,-6.8366e-09,-7.037e-08,-3.2643e-08,-2e-08,1.1844e-08,2.1458e-08,2.8705e-08,-2.236e-08,-5.1355e-09,-1.0478e-08,-3.158e-08,-2.4309e-09
0.04,0,0.04,0.05236,0.15708,-1.3953e-08,-6.7665e-08,-3.0449e-08,-1.8795e-08,1.1308e-08,2.5565e-08,2.5772e-08,-2.3728e-08,-4.8555e-09,-9.8873e-09,-3.8404e-08,-1.9489e-09
-0.04,0.04,0.04,0.05236,0.15708,-3.1718e-09,-7.8504e-08,-4.3724e-08,-2.6319e-08,1.5734e-08,1.3375e-08,2.911e-08,-1.9674e-08,-6.6594e-10,-1.1085e-08,-2.3938e-08,-1.6136e-09
0,0.04,0.04,0.05236,0.15708,-8.1255e-09,-7.6296e-08,-3.8321e-08,-2.5672e-08,1.2084e-08,2.0106e-08,2.6616e-08,-2.0306e-08,-7.5656e-10,-1.1442e-08,-2.8874e-08,-5.1733e-10
0.04,0.04,0.04,0.05236,0.15708,-1.2822e-08,-6.6174e-08,-3.3055e-08,-2.3061e-08,1.1356e-08,2.3946e-08,2.5001e-08,-2.0706e-08,-1.9166e-09,-9.0047e-09,-3.4089e-08,5.8639e-10
0,0,0.08,0.05236,0.15708,-4.5379e-09,-8.3772e-08,-3.2853e-08,-1.5742e-08,1.9293e-08,1.8995e-08,2.3232e-08,-1.8498e-08,-8.8881e-09,-6.1486e-09,-2.7574e-08,1.8114e-09
0,0,-0.08,0.10472,0.15708,-9.8229e-09,-4.0176e-08,-4.4855e-08,-2.8134e-08,-3.0246e-09,2.78e-08,4.672e-08,-3.2212e-08,1.6867e-09,-2.4726e-08,-2.7785e-08,-1.7315e-08
-0.04,-0.04,-0.04,0.10472,0.15708,-4.2723e-09,-4.614e-08,-4.3778e-08,-2.0719e-08,3.019e-09,2.5135e-08,4.8013e-08,-3.4429e-08,-1.7719e-09,-1.8641e-08,-2.5782e-08,-2.2302e-08
0,-0.04,-0.04,0.10472,0.15708,-9.4889e-09,-4.6189e-08,-3.8115e-08,-2.0546e-08,2.6981e-09,3.107e-08,4.3574e-08,-3.5462e-08,-3.3748e-09,-1.9091e-08,-2.9795e-08,-1.7931e-08
0.04,-0.04,-0.04,0.10472,0.15708,-1.7287e-08,-4.2824e-08,-2.9325e-08,-1.8519e-08,2.3336e-09,3.7234e-08,3.8841e-08,-3.7677e-08,-3.7873e-09,-1.9698e-08,-3.7062e-08,-1.2586e-08
-0.04,0,-0.04,0.10472,0.15708,-5.9419e-09,-5.404e-08,-5.3063e-08,-2.6083e-08,2.9112e-09,1.6529e-08,4.641e-08,-2.961e-08,-1.0347e-09,-1.8847e-08,-2.5669e-08,-1.6981e-08
0,0,-0.04,0.10472,0.15708,-9.1514e-09,-4.6795e-08,-4.0737e-08,-2.498e-08,1.6466e-09,2.4972e-08,3.8648e-08,-2.9807e-08,3.8623e-11,-2.0476e-08,-2.9531e-08,-1.3229e-08
0.04,0,-0.04,0.10472,0.15708,-1.5176e-08,-4.5974e-08,-3.4034e-08,-2.2853e-08,3.2135e-09,3.2089e-08,3.5703e-08,-3.0595e-08,-5.2807e-10,-2.2092e-08,-3.8751e-08,-1.0104e-08
-0.04,0.04,-0.04,0.10472,0.15708,-6.9331e-09,-5.2169e-08,-5.755e-08,-3.0871e-08,1.2024e-09,1.2938e-08,4.1007e-08,-2.3737e-08,3.3321e-09,-2.0871e-08,-2.5261e-08,-1.2419e-08
0,0.04,-0.04,0.10472,0.15708,-1.014e-08,-5.1025e-08,-5.0256e-08,-3.0126e-08,1.7244e-09,1.9404e-08,3.7274e-08,-2.4916e-08,2.6607e-09,-2.1975e-08,-2.8322e-08,-1.032e-08
0.04,0.04,-0.04,0.10472,0.15708,-1.4267e-08,-4.7829e-08,-3.8023e-08,-2.6301e-08,1.7311e-09,2.3676e-08,3.2374e-08,-2.6412e-08,4.3202e-09,-2.4754e-08,-3.4428e-08,-8.7013e-09
0,-0.08,0,0.10472,0.15708,-9.1174e-09,-5.1529e-08,-3.0418e-08,-1.3454e-08,9.506e-09,2.8548e-08,3.6741e-08,-3.8972e-08,-7.9831e-09,-1.255e-08,-3.3227e-08,-1.7999e-08
-0.04,-0.04,0,0.10472,0.15708,-4.5428e-09,-5.6547e-08,-4.0566e-08,-1.8587e-08,8.7418e-09,2.1593e-08,3.8546e-08,-3.0911e-08,-4.4203e-09,-1.3321e-08,-2.6632e-08,-1.7604e-08
0,-0.04,0,0.10472,0.15708,-9.5121e-09,-5.1762e-08,-3.3639e-08,-1.8405e-08,9.5885e-09,2.9035e-08,3.7606e-08,-3.3394e-08,-5.9185e-09,-1.4416e-08,-3.1007e-08,-1.42e-08
0.04,-0.04,0,0.10472,0.15708,-1.6861e-08,-4.9217e-08,-3.193e-08,-1.6738e-08,7.2883e-09,3.1301e-08,3.2694e-08,-3.3174e-08,-5.8426e-09,-1.4788e-08,-3.8714e-08,-9.9117e-09
-0.08,0,0,0.10472,0.15708,-3.0208e-10,-6.4728e-08,-5.5404e-08,-2.3043e-08,8.861e-09,1.1412e-08,4.3895e-08,-2.5675e-08,-1.7259e-09,-1.4659e-08,-2.1245e-08,-1.6243e-08
-0.04,0,0,0.10472,0.15708,-4.4478e-09,-5.7862e-08,-4.3107e-08,-2.1487e-08,9.7234e-09,1.8066e-08,3.8411e-08,-2.6144e-08,-3.2691e-09,-1.4071e-08,-2.5953e-08,-1.3305e-08
0,0,0,0.10472,0.15708,-7.7451e-09,-5.7636e-08,-3.8561e-08,-1.9688e-08,8.3e-09,2.1182e-08,3.4508e-08,-2.6064e-08,-2.9245e-09,-1.6182e-08,-3.1501e-08,-9.8173e-09
0.04,0,0,0.10472,0.15708,-1.4892e-08,-5.1657e-08,-3.3966e-08,-1.9998e-08,7.4609e-09,2.8846e-08,3.1424e-08,-2.9155e-08,-2.3174e-09,-1.3977e-08,-3.5947e-08,-6.1293e-09
0.08,0,0,0.10472,0.15708,-2.5104e-08,-4.6206e-08,-2.594e-08,-1.8506e-08,6.4495e-09,3.5108e-08,2.7653e-08,-2.8699e-08,-2.5181e-09,-1.7829e-08,-4.5471e-08,-4.9061e-09
-0.04,0.04,0,0.10472,0.15708,-4.0203e-09,-6.4263e-08,-5.4342e-08,-3.0512e-08,9.7558e-09,1.5574e-08,3.6795e-08,-2.1966e-08,-4.9813e-10,-1.4999e-08,-2.5076e-08,-8.1007e-09
0,0.04,0,0.10472,0.15708,-9.4857e-09,-6.0546e-08,-4.4683e-08,-2.6897e-08,8.769e-09,1.9193e-08,3.1047e-08,-2.3113e-08,1.1579e-09,-1.5741e-08,-2.8629e-08,-6.6427e-09
0.04,0.04,0,0.10472,0.15708,-1.3857e-08,-5.3462e-08,-3.452e-08,-2.5128e-08,5.7621e-09,2.3445e-08,2.7932e-08,-2.4142e-08,1.6149e-09,-1.5175e-08,-3.4613e-08,-4.2636e-09
0,0.08,0,0.10472,0.15708,-8.2995e-09,-5.8751e-08,-4.8168e-08,-3.4019e-08,7.0699e-09,1.539e-08,2.9934e-08,-1.9169e-08,6.1135e-09,-1.532e-08,-2.8204e-08,-3.8067e-09
-0.04,-0.04,0.04,0.10472,0.15708,-2.403e-09,-6.6714e-08,-3.7085e-08,-1.5132e-08,1.7777e-08,1.8533e-08,3.3264e-08,-2.7825e-08,-8.0098e-09,-1.0073e-08,-2.6512e-08,-1.0087e-08
0,-0.04,0.04,0.10472,0.15708,-1.0684e-08,-6.3199e-08,-3.3191e-08,-1.3791e-08,1.2264e-08,2.3418e-08,3.025e-08,-2.9236e-08,-8.2815e-09,-9.6121e-09,-3.2212e-08,-8.1632e-09
0.04,-0.04,0.04,0.10472,0.15708,-1.7495e-08,-5.7467e-08,-2.8294e-08,-1.34e-08,1.1902e-08,2.9194e-08,2.7279e-08,-2.8821e-08,-1.0124e-08,-9.9111e-09,-3.9777e-08,-5.4609e-09
-0.04,0,0.04,0.10472,0.15708,-3.8605e-09,-7.4334e-08,-4.1736e-08,-1.8514e-08,1.6683e-08,1.6318e-08,2.944e-08,-2.2637e-08,-6.64e-09,-1.0258e-08,-2.5441e-08,-7.1023e-09
0,0,0.04,0.10472,0.15708,-8.8628e-09,-6.8815e-08,-3.5233e-08,-1.6653e-08,1.3674e-08,2.0211e-08,2.9299e-08,-2.411e-08,-6.8954e-09,-9.9923e-09,-2.9872e-08,-5.2995e-09
0.04,0,0.04,0.10472,0.15708,-1.5635e-08,-6.2703e-08,-3.2647e-08,-1.5479e-08,1.164e-08,2.6354e-08,2.5726e-08,-2.3685e-08,-6.4218e-09,-1.0151e-08,-4.0522e-08,-4.0649e-09
-0.04,0.04,0.04,0.10472,0.15708,-3.381e-09,-7.4887e-08,-4.6338e-08,-2.2293e-08,1.399e-08,1.5038e-08,3.0517e-08,-2.0597e-08,-3.3374e-09,-1.0295e-08,-2.5132e-08,-3.4456e-09
0,0.04,0.04,0.10472,0.15708,-8.6939e-09,-6.9152e-08,-4.1384e-08,-2.3974e-08,1.3687e-08,1.9116e-08,2.8144e-08,-2.0042e-08,-4.6891e-09,-9.6913e-09,-3.0387e-08,-2.4329e-09
0.04,0.04,0.04,0.10472,0.15708,-1.3828e-08,-6.4597e-08,-3.3812e-08,-2.2434e-08,1.1037e-08,2.3558e-08,2.5109e-08,-2.08e-08,-2.7334e-09,-7.5875e-09,-3.4641e-08,-6.3241e-10
0,0,0.08,0.10472,0.15708,-5.6846e-09,-8.0006e-08,-3.3765e-08,-1.1924e-08,2.0854e-08,1.8823e-08,2.5e-08,-1.925e-08,-1.1054e-08,-6.8729e-09,-2.9834e-08,1.6262e-09
0,0,-0.08,0.15708,0.15708,-9.8487e-09,-4.1485e-08,-4.4687e-08,-2.3569e-08,-1.4515e-09,2.3798e-08,4.6247e-08,-3.3301e-08,-5.1076e-10,-2.4239e-08,-2.6973e-08,-1.7167e-08
-0.04,-0.04,-0.04,0.15708,0.15708,-4.6662e-09,-4.7803e-08,-4.569e-08,-1.9032e-08,5.0094e-09,2.0008e-08,4.7668e-08,-3.6199e-08,-4.762e-09,-1.6164e-08,-2.7079e-08,-2.5027e-08
0,-0.04,-0.04,0.15708,0.15708,-9.5235e-09,-4.4558e-08,-3.704e-08,-1.7357e-08,3.576e-09,2.5247e-08,4.197e-08,-3.6793e-08,-4.0273e-09,-1.7606e-08,-3.0153e-08,-1.9407e-08
0.04,-0.04,-0.04,0.15708,0.15708,-1.7492e-08,-4.356e-08,-3.2428e-08,-1.7708e-08,4.3277e-09,3.4328e-08,3.8358e-08,-3.8121e-08,-5.1399e-09,-1.8019e-08,-3.6829e-08,-1.5283e-08
-0.04,0,-0.04,0.15708,0.15708,-5.3881e-09,-5.1089e-08,-4.9544e-08,-2.2079e-08,3.5088e-09,1.4096e-08,4.1817e-08,-2.9421e-08,-2.3291e-09,-1.8744e-08,-2.4167e-08,-1.9609e-08
0,0,-0.04,0.15708,0.15708,-1.0485e-08,-4.6025e-08,-4.3088e-08,-2.4968e-08,2.5259e-09,2.1681e-08,4.1815e-08,-3.2309e-08,-1.6599e-09,-1.9132e-08,-2.8761e-08,-1.5164e-08
0.04,0,-0.04,0.15708,0.15708,-1.6783e-08,-4.5571e-08,-3.3713e-08,-2.029e-08,4.1215e-09,2.9681e-08,3.524e-08,-3.1093e-08,-1.5837e-09,-2.1147e-08,-3.4378e-08,-1.2628e-08
-0.04,0.04,-0.04,0.15708,0.15708,-6.4008e-09,-5.3733e-08,-5.7316e-08,-2.8953e-08,3.0226e-09,1.2581e-08,4.2846e-08,-2.4407e-08,1.7949e-09,-2.0687e-08,-2.3825e-08,-1.6006e-08
0,0.04,-0.04,0.15708,0.15708,-1.0258e-08,-5.2511e-08,-4.8369e-08,-2.7229e-08,2.9982e-09,1.6155e-08,3.4949e-08,-2.6566e-08,1.2058e-09,-1.9213e-08,-2.7816e-08,-1.2256e-08
0.04,0.04,-0.04,0.15708,0.15708,-1.4118e-08,-4.6094e-08,-4.07e-08,-2.5194e-08,2.691e-09,2.5557e-08,3.1577e-08,-2.6247e-08,2.5439e-09,-2.3303e-08,-3.3957e-08,-9.6776e-09
0,-0.08,0,0.15708,0.15708,-9.6254e-09,-4.6627e-08,-3.2647e-08,-1.24e-08,1.0489e-08,2.8015e-08,4.0769e-08,-4.2288e-08,-8.5171e-09,-1.3684e-08,-3.2233e-08,-1.938e-08
-0.04,-0.04,0,0.15708,0.15708,-3.5282e-09,-5.9659e-08,-4.0955e-08,-1.6856e-08,1.1243e-08,1.7805e-08,3.9249e-08,-3.3374e-08,-6.3297e-09,-1.3121e-08,-2.659e-08,-2.0424e-08
0,-0.04,0,0.15708,0.15708,-1.1601e-08,-5.1093e-08,-3.4284e-08,-1.6381e-08,1.001e-08,2.6518e-08,3.7405e-08,-3.5389e-08,-8.052e-09,-1.2674e-08,-3.2495e-08,-1.5161e-08
0.04,-0.04,0,0.15708,0.15708,-1.8016e-08,-4.784e-08,-2.8692e-08,-1.4049e-08,8.3635e-09,3.0866e-08,3.2997e-08,-3.5573e-08,-8.484e-09,-1.2766e-08,-3.8208e-08,-1.2271e-08
-0.08,0,0,0.15708,0.15708,-7.464e-10,-6.3204e-08,-5.7577e-08,-1.7985e-08,1.4055e-08,1.0995e-08,4.1047e-08,-2.5326e-08,-3.6166e-09,-1.31e-08,-2.0857e-08,-1.6801e-08
-0.04,0,0,0.15708,0.15708,-5.318e-09,-6.1853e-08,-4.8065e-08,-1.8498e-08,9.2875e-09,1.5799e-08,3.7058e-08,-2.7181e-08,-4.46e-09,-1.4524e-08,-2.5838e-08,-1.4087e-08
0,0,0,0.15708,0.15708,-1.1693e-08,-5.7352e-08,-3.8877e-08,-2.002e-08,1.0748e-08,2.0707e-08,3.4992e-08,-2.9164e-08,-4.6637e-09,-1.4163e-08,-3.126e-08,-1.2167e-08
0.04,0,0,0.15708,0.15708,-1.6848e-08,-5.2782e-08,-3.2993e-08,-1.7694e-08,8.7904e-09,2.7913e-08,3.0691e-08,-3.0924e-08,-4.4418e-09,-1.439e-08,-3.4223e-08,-9.0548e-09
0.08,0,0,0.15708,0.15708,-2.3341e-08,-4.8261e-08,-2.7613e-08,-1.6287e-08,7.1837e-09,3.5433e-08,2.8442e-08,-3.1765e-08,-6.6605e-09,-1.257e-08,-4.5443e-08,-5.8964e-09
-0.04,0.04,0,0.15708,0.15708,-4.7009e-09,-6.534e-08,-5.38e-08,-2.5475e-08,9.5312e-09,1.3742e-08,3.6108e-08,-2.2843e-08,-3.0984e-09,-1.4581e-08,-2.4348e-08,-9.5014e-09
0,0.04,0,0.15708,0.15708,-9.7984e-09,-5.8525e-08,-4.2484e-08,-2.5331e-08,9.2732e-09,1.8177e-08,3.2776e-08,-2.4561e-08,-2.3648e-09,-1.5496e-08,-2.9901e-08,-6.6989e-09
0.04,0.04,0,0.15708,0.15708,-1.5626e-08,-5.3042e-08,-3.4989e-08,-2.2265e-08,6.9023e-09,2.3406e-08,2.8518e-08,-2.559e-08,-1.978e-09,-1.4468e-08,-3.2639e-08,-7.2047e-09
0,0.08,0,0.15708,0.15708,-9.112e-09,-6.2511e-08,-5.0568e-08,-3.0045e-08,8.5813e-09,1.3298e-08,3.0408e-08,-1.9821e-08,2.9829e-09,-1.3958e-08,-2.6906e-08,-6.4057e-09
-0.04,-0.04,0.04,0.15708,0.15708,-3.1381e-09,-7.1026e-08,-3.9048e-08,-1.1338e-08,1.9285e-08,1.7286e-08,3.2322e-08,-3.0203e-08,-9.0683e-09,-9.1318e-09,-2.6459e-08,-1.3019e-08
0,-0.04,0.04,0.15708,0.15708,-9.6237e-09,-5.896e-08,-3.2866e-08,-1.2087e-08,1.5923e-08,2.2889e-08,3.0973e-08,-2.9979e-08,-1.0337e-08,-9.3101e-09,-3.2607e-08,-1.1084e-08
0.04,-0.04,0.04,0.15708,0.15708,-1.7217e-08,-5.8054e-08,-2.8084e-08,-1.1805e-08,1.1299e-08,2.8379e-08,2.9048e-08,-2.7928e-08,-1.4044e-08,-8.68e-09,-3.8767e-08,-5.8143e-09
-0.04,0,0.04,0.15708,0.15708,-3.1415e-09,-7.4271e-08,-4.1002e-08,-1.5174e-08,1.9806e-08,1.5214e-08,3.2788e-08,-2.2724e-08,-9.0862e-09,-9.7912e-09,-2.4214e-08,-1.0992e-08
0,0,0.04,0.15708,0.15708,-9.1082e-09,-7.2794e-08,-3.5599e-08,-1.3629e-08,1.5977e-08,1.94e-08,2.9241e-08,-2.5837e-08,-8.8256e-09,-1.0407e-08,-3.0213e-08,-6.9465e-09
0.04,0,0.04,0.15708,0.15708,-1.7601e-08,-6.1832e-08,-3.1455e-08,-1.4136e-08,1.2293e-08,2.3949e-08,2.6123e-08,-2.632e-08,-9.4987e-09,-9.3909e-09,-3.7589e-08,-4.7354e-09
-0.04,0.04,0.04,0.15708,0.15708,-3.5025e-09,-7.5671e-08,-4.6114e-08,-1.9627e-08,1.887e-08,1.3661e-08,2.9612e-08,-2.0914e-08,-4.7556e-09,-9.8616e-09,-2.4931e-08,-5.5827e-09
0,0.04,0.04,0.15708,0.15708,-8.4147e-09,-7.1561e-08,-3.9281e-08,-1.9027e-08,1.4209e-08,1.6478e-08,2.7398e-08,-2.4237e-08,-5.3509e-09,-9.6455e-09,-2.8048e-08,-2.5566e-09
0.04,0.04,0.04,0.15708,0.15708,-1.5459e-08,-6.4062e-08,-3.3628e-08,-1.7434e-08,1.3088e-08,1.913e-08,2.667e-08,-2.3214e-08,-6.5259e-09,-6.8031e-09,-3.4896e-08,-3.6482e-09
0,0,0.08,0.15708,0.15708,-8.3948e-09,-8.5005e-08,-3.4438e-08,-7.4287e-09,2.0879e-08,1.7522e-08,2.4557e-08,-2.2335e-08,-1.2499e-08,-4.6034e-09,-3.0411e-08,2.4806e-10
