0,0,-0.08,0.05236,0.05236,1.015e-08,-2.8773e-08,-1.4293e-08,7.3134e-09,4.1794e-08,2.5902e-08,4.6723e-08,1.3698e-08,-2.3461e-09
-0.04,-0.04,-0.04,0.05236,0.05236,1.2531e-08,-2.697e-08,-1.613e-08,7.5035e-09,3.8783e-08,3.6364e-08,4.5441e-08,6.8809e-09,-9.59e-09
0,-0.04,-0.04,0.05236,0.05236,1.3762e-08,-2.594e-08,-1.9839e-08,8.4039e-09,4.2198e-08,3.2263e-08,4.0882e-08,1.2784e-08,-1.3867e-08
0.04,-0.04,-0.04,0.05236,0.05236,1.3577e-08,-2.2999e-08,-2.3202e-08,1.0433e-08,4.6112e-08,2.8214e-08,3.366e-08,2.0987e-08,-1.4322e-08
-0.04,0,-0.04,0.05236,0.05236,1.2748e-08,-3.288e-08,-1.5711e-08,2.8372e-09,4.0569e-08,3.0245e-08,4.7404e-08,7.5686e-09,-5.0351e-09
0,0,-0.04,0.05236,0.05236,1.4361e-08,-3.0195e-08,-1.8964e-08,3.6226e-09,4.6984e-08,2.6606e-08,3.9857e-08,1.6436e-08,-6.0131e-09
0.04,0,-0.04,0.05236,0.05236,1.6173e-08,-2.7979e-08,-2.2769e-08,4.6527e-09,4.7887e-08,2.2993e-08,3.5667e-08,2.4229e-08,-6.458e-09
-0.04,0.04,-0.04,0.05236,0.05236,1.5689e-08,-4.035e-08,-1.5021e-08,-5.3633e-10,4.3904e-08,2.8017e-08,4.8022e-08,9.5234e-09,-1.751e-10
0,0.04,-0.04,0.05236,0.05236,1.7824e-08,-3.6848e-08,-1.7944e-08,2.5739e-09,5.0837e-08,2.346e-08,4.1197e-08,1.8979e-08,-9.8067e-10
0.04,0.04,-0.04,0.05236,0.05236,1.9877e-08,-3.0916e-08,-1.9806e-08,2.1047e-09,5.5048e-08,2.1145e-08,3.5225e-08,2.6498e-08,-3.2976e-09
0,-0.08,0,0.05236,0.05236,1.4315e-08,-2.2339e-08,-2.1406e-08,8.6568e-09,4.1899e-08,3.3364e-08,3.4554e-08,1.0818e-08,-2.4109e-08
-0.04,-0.04,0,0.05236,0.05236,1.3583e-08,-2.8531e-08,-1.9235e-08,3.4761e-09,4.6787e-08,3.4775e-08,3.5393e-08,8.0916e-09,-1.5523e-08
0,-0.04,0,0.05236,0.05236,1.543e-08,-2.7817e-08,-2.3785e-08,3.5715e-09,4.6668e-08,3.1249e-08,3.376e-08,1.3791e-08,-1.7393e-08
0.04,-0.04,0,0.05236,0.05236,1.8085e-08,-2.3246e-08,-3.0195e-08,7.7281e-09,5.0522e-08,2.5014e-08,2.9202e-08,1.7381e-08,-1.859e-08
-0.08,0,0,0.05236,0.05236,1.42e-08,-3.6669e-08,-1.6928e-08,-1.7784e-09,4.4713e-08,3.1512e-08,4.6577e-08,2.2959e-09,-7.2882e-09
-0.04,0,0,0.05236,0.05236,1.5898e-08,-3.3787e-08,-1.8871e-08,-7.6202e-11,4.7209e-08,2.7917e-08,3.9325e-08,7.2282e-09,-8.8375e-09
0,0,0,0.05236,0.05236,1.8755e-08,-3.0834e-08,-2.5215e-08,1.6343e-09,5.5939e-08,2.5811e-08,3.5287e-08,1.5718e-08,-1.0198e-08
0.04,0,0,0.05236,0.05236,2.1457e-08,-2.9266e-08,-2.6843e-08,1.3149e-09,5.9571e-08,2.3009e-08,3.3791e-08,2.3055e-08,-1.0454e-08
0.08,0,0,0.05236,0.05236,2.2802e-08,-2.6068e-08,-3.6726e-08,8.9554e-10,6.1357e-08,1.936e-08,2.6529e-08,2.7594e-08,-1.1973e-08
-0.04,0.04,0,0.05236,0.05236,1.8903e-08,-4.1876e-08,-1.6927e-08,-3.0951e-09,5.4254e-08,2.4944e-08,4.091e-08,7.9834e-09,-4.0423e-09
0,0.04,0,0.05236,0.05236,2.2038e-08,-3.5493e-08,-2.1365e-08,-2.8841e-09,5.8318e-08,2.2242e-08,3.5912e-08,1.6284e-08,-4.9076e-09
0.04,0.04,0,0.05236,0.05236,2.3018e-08,-3.4203e-08,-2.5337e-08,-1.4633e-09,6.677e-08,1.9637e-08,3.2596e-08,2.2501e-08,-5.0038e-09
0,0.08,0,0.05236,0.05236,2.4775e-08,-4.7211e-08,-2.0096e-08,-3.3122e-09,6.3911e-08,1.9173e-08,3.542e-08,1.7383e-08,-1.8011e-09
-0.04,-0.04,0.04,0.05236,0.05236,1.6908e-08,-2.7478e-08,-2.3056e-08,-8.7316e-10,4.8504e-08,3.1268e-08,3.2299e-08,8.07e-09,-1.5658e-08
0,-0.04,0.04,0.05236,0.05236,1.8789e-08,-2.6643e-08,-2.7561e-08,-1.06e-09,5.5462e-08,2.8939e-08,2.8963e-08,1.0783e-08,-1.8063e-08
0.04,-0.04,0.04,0.05236,0.05236,2.0897e-08,-2.2553e-08,-3.3614e-08,3.9746e-10,6.1525e-08,2.6153e-08,2.6012e-08,1.6186e-08,-1.9763e-08
-0.04,0,0.04,0.05236,0.05236,1.9501e-08,-3.2918e-08,-2.1549e-08,-5.7744e-09,5.6544e-08,2.7301e-08,3.1039e-08,8.7697e-09,-1.119e-08
0,0,0.04,0.05236,0.05236,2.1701e-08,-3.0287e-08,-2.6267e-08,-3.9293e-09,6.2524e-08,2.429e-08,2.927e-08,1.3562e-08,-1.17e-08
0.04,0,0.04,0.05236,0.05236,2.57e-08,-2.9283e-08,-3.243e-08,-3.3393e-09,6.7653e-08,2.201e-08,2.7382e-08,1.9067e-08,-1.2532e-08
-0.04,0.04,0.04,0.05236,0.05236,2.2634e-08,-4.1411e-08,-1.9583e-08,-7.3348e-09,5.9083e-08,2.3565e-08,3.1572e-08,1.0067e-08,-7.0808e-09
0,0.04,0.04,0.05236,0.05236,2.6063e-08,-3.6008e-08,-2.4835e-08,-7.9521e-09,6.954e-08,2.1023e-08,2.967e-08,1.5318e-08,-9.5828e-09
0.04,0.04,0.04,0.05236,0.05236,2.9554e-08,-3.2348e-08,-2.9717e-08,-6.484e-09,7.3085e-08,1.961e-08,2.862e-08,1.9975e-08,-9.3776e-09
0,0,0.08,0.05236,0.05236,2.5e-08,-2.8596e-08,-2.901e-08,-1.2492e-08,6.9857e-08,2.3209e-08,2.5756e-08,1.3291e-08,-1.407e-08
0,0,-0.08,0.10472,0.05236,1.144e-08,-2.8369e-08,-1.1685e-08,9.238e-09,3.895e-08,2.5501e-08,4.4287e-08,1.7534e-08,-5.011e-10
-0.04,-0.04,-0.04,0.10472,0.05236,1.2579e-08,-2.7771e-08,-1.6148e-08,9.8106e-09,3.6408e-08,3.3807e-08,4.546e-08,7.5942e-09,-9.7863e-09
0,-0.04,-0.04,0.10472,0.05236,1.4005e-08,-2.6017e-08,-1.9941e-08,1.1852e-08,4.0641e-08,3.0945e-08,4.0063e-08,1.4968e-08,-1.0259e-08
0.04,-0.04,-0.04,0.10472,0.05236,1.4877e-08,-2.2875e-08,-2.3601e-08,1.2254e-08,4.4281e-08,2.6759e-08,3.4241e-08,2.0999e-08,-1.1113e-08
-0.04,0,-0.04,0.10472,0.05236,1.4303e-08,-3.2622e-08,-1.6479e-08,5.0207e-09,4.212e-08,2.9169e-08,4.7628e-08,8.0749e-09,-2.7316e-09
0,0,-0.04,0.10472,0.05236,1.5427e-08,-2.9603e-08,-1.7911e-08,5.5673e-09,4.5536e-08,2.6186e-08,4.108e-08,1.6768e-08,-2.5528e-09
0.04,0,-0.04,0.10472,0.05236,1.8761e-08,-2.8432e-08,-1.9632e-08,7.209e-09,4.845e-08,2.3085e-08,3.5421e-08,2.3929e-08,-3.4704e-09
-0.04,0.04,-0.04,0.10472,0.05236,1.5019e-08,-3.927e-08,-1.4257e-08,1.9617e-09,4.4901e-08,2.6059e-08,4.7801e-08,1.0485e-08,2.6234e-10
0,0.04,-0.04,0.10472,0.05236,1.7619e-08,-3.4414e-08,-1.714e-08,3.6048e-09,5.1011e-08,2.2967e-08,4.3122e-08,1.7528e-08,4.4229e-10
0.04,0.04,-0.04,0.10472,0.05236,1.9293e-08,-3.2085e-08,-2.1137e-08,2.4868e-09,5.5494e-08,1.9969e-08,3.6394e-08,2.693e-08,7.89e-10
0,-0.08,0,0.10472,0.05236,1.4768e-08,-2.2898e-08,-2.3911e-08,1.4464e-08,3.9374e-08,3.5679e-08,3.4704e-08,1.2383e-08,-2.1509e-08
-0.04,-0.04,0,0.10472,0.05236,1.5158e-08,-2.9132e-08,-1.9767e-08,3.7743e-09,4.1654e-08,3.3917e-08,3.8944e-08,8.1286e-09,-1.087e-08
0,-0.04,0,0.10472,0.05236,1.5947e-08,-2.6775e-08,-2.3153e-08,8.0636e-09,4.4823e-08,3.1553e-08,3.411e-08,1.3591e-08,-1.1965e-08
0.04,-0.04,0,0.10472,0.05236,1.8521e-08,-2.3221e-08,-2.9505e-08,7.9884e-09,4.9784e-08,2.5901e-08,3.0809e-08,1.8376e-08,-1.5766e-08
-0.08,0,0,0.10472,0.05236,1.6253e-08,-3.4627e-08,-1.5985e-08,1.4204e-09,4.0277e-08,3.2281e-08,4.3129e-08,2.5405e-09,-4.0552e-09
-0.04,0,0,0.10472,0.05236,1.7584e-08,-3.3496e-08,-1.8951e-08,1.5451e-09,4.6982e-08,3.0101e-08,3.7257e-08,1.0862e-08,-6.8378e-09
0,0,0,0.10472,0.05236,2.0572e-08,-3.1319e-08,-2.147e-08,2.9118e-09,5.1449e-08,2.606e-08,3.388e-08,1.6595e-08,-8.2444e-09
0.04,0,0,0.10472,0.05236,2.0894e-08,-2.8881e-08,-2.7058e-08,3.3018e-09,5.8787e-08,2.3065e-08,3.2035e-08,2.1936e-08,-1.0154e-08
0.08,0,0,0.10472,0.05236,2.5339e-08,-2.6513e-08,-3.4506e-08,2.6991e-09,6.4132e-08,2.1108e-08,2.7329e-08,2.7967e-08,-8.3017e-09
-0.04,0.04,0,0.10472,0.05236,1.9926e-08,-3.9622e-08,-1.6628e-08,-1.4383e-09,5.234e-08,2.5308e-08,4.1349e-08,9.0524e-09,-2.6503e-09
0,0.04,0,0.10472,0.05236,2.1716e-08,-3.5231e-08,-2.1788e-08,-2.9931e-10,5.7048e-08,2.1346e-08,3.6864e-08,1.6752e-08,-2.1541e-09
0.04,0.04,0,0.10472,0.05236,2.4591e-08,-3.2204e-08,-2.5829e-08,-5.9961e-10,6.0795e-08,2.0161e-08,3.1908e-08,2.3868e-08,-4.4959e-09
0,0.08,0,0.10472,0.05236,2.5966e-08,-4.2145e-08,-1.9695e-08,-2.1903e-09,6.16e-08,1.9913e-08,3.5922e-08,1.7453e-08,-8.5298e-10
-0.04,-0.04,0.04,0.10472,0.05236,1.6864e-08,-2.8152e-08,-2.2507e-08,-8.3943e-10,4.6895e-08,3.2516e-08,3.1683e-08,7.3605e-09,-1.3552e-08
0,-0.04,0.04,0.10472,0.05236,1.9538e-08,-2.5729e-08,-2.6272e-08,2.2952e-09,5.3344e-08,2.781e-08,3.0947e-08,1.3192e-08,-1.4245e-08
0.04,-0.04,0.04,0.10472,0.05236,2.2488e-08,-2.3642e-08,-3.3009e-08,3.3929e-09,5.9585e-08,2.4646e-08,2.7298e-08,1.6583e-08,-1.8333e-08
-0.04,0,0.04,0.10472,0.05236,1.9243e-08,-3.2912e-08,-2.1148e-08,-2.4339e-09,5.3708e-08,2.7463e-08,3.3225e-08,8.8543e-09,-8.9556e-09
0,0,0.04,0.10472,0.05236,2.1899e-08,-3.1632e-08,-2.5247e-08,-2.7682e-09,5.6501e-08,2.4928e-08,3.0131e-08,1.527e-08,-9.0149e-09
0.04,0,0.04,0.10472,0.05236,2.5548e-08,-2.8715e-08,-3.1062e-08,-2.7043e-09,6.7733e-08,2.1552e-08,2.7263e-08,1.8157e-08,-1.0605e-08
-0.04,0.04,0.04,0.10472,0.05236,2.2449e-08,-3.9247e-08,-2.089e-08,-4.6062e-09,5.9775e-08,2.3389e-08,3.1475e-08,1.0035e-08,-4.9439e-09
0,0.04,0.04,0.10472,0.05236,2.4434e-08,-3.5006e-08,-2.4416e-08,-4.6439e-09,7.0103e-08,2.1889e-08,3.1018e-08,1.6599e-08,-6.8001e-09
0.04,0.04,0.04,0.10472,0.05236,2.9663e-08,-3.0947e-08,-2.9225e-08,-3.8216e-09,7.2568e-08,1.893e-08,2.6869e-08,2.0664e-08,-7.0827e-09
0,0,0.08,0.10472,0.05236,2.4099e-08,-2.8778e-08,-2.905e-08,-7.0034e-09,7.0161e-08,2.1347e-08,2.4217e-08,1.2675e-08,-1.2694e-08
0,0,-0.08,0.15708,0.05236,1.3262e-08,-2.8404e-08,-1.3533e-08,1.055e-08,3.6736e-08,2.5761e-08,4.4235e-08,1.6544e-08,4.92e-09
-0.04,-0.04,-0.04,0.15708,0.05236,1.3845e-08,-2.8485e-08,-1.5388e-08,1.0577e-08,3.6449e-08,3.4284e-08,4.6389e-08,9.522e-09,-6.7096e-09
0,-0.04,-0.04,0.15708,0.05236,1.5379e-08,-2.5472e-08,-1.9736e-08,1.3015e-08,4.1097e-08,2.9238e-08,4.0122e-08,1.3697e-08,-5.7274e-09
0.04,-0.04,-0.04,0.15708,0.05236,1.6285e-08,-2.3898e-08,-2.1572e-08,1.5834e-08,4.0839e-08,2.8462e-08,3.5707e-08,2.2879e-08,-7.722e-09
-0.04,0,-0.04,0.15708,0.05236,1.4876e-08,-3.228e-08,-1.5245e-08,6.3309e-09,4.0643e-08,2.9964e-08,4.5769e-08,8.1214e-09,-7.3609e-10
0,0,-0.04,0.15708,0.05236,1.642e-08,-3.0083e-08,-1.7228e-08,7.2396e-09,4.496e-08,2.5542e-08,4.2021e-08,1.5044e-08,-6.8578e-10
0.04,0,-0.04,0.15708,0.05236,1.8334e-08,-2.7421e-08,-2.0804e-08,9.6727e-09,4.74e-08,2.2516e-08,3.4537e-08,2.5198e-08,-3.6657e-10
-0.04,0.04,-0.04,0.15708,0.05236,1.7522e-08,-3.9278e-08,-1.4556e-08,4.4544e-09,4.2461e-08,2.5927e-08,4.7295e-08,7.1001e-09,2.6901e-09
0,0.04,-0.04,0.15708,0.05236,1.8715e-08,-3.5133e-08,-1.811e-08,4.8152e-09,4.8898e-08,2.2142e-08,3.8458e-08,1.7864e-08,2.5761e-09
0.04,0.04,-0.04,0.15708,0.05236,2.0574e-08,-3.4026e-08,-1.9185e-08,5.1196e-09,5.5083e-08,1.9525e-08,3.599e-08,2.7391e-08,2.0248e-09
0,-0.08,0,0.15708,0.05236,1.598e-08,-2.1819e-08,-2.5091e-08,1.6939e-08,3.9136e-08,3.4733e-08,3.4419e-08,1.2152e-08,-1.6534e-08
-0.04,-0.04,0,0.15708,0.05236,1.5756e-08,-2.8624e-08,-1.9794e-08,6.7216e-09,3.8532e-08,3.3445e-08,3.7918e-08,8.1236e-09,-8.0869e-09
0,-0.04,0,0.15708,0.05236,1.6716e-08,-2.6959e-08,-2.3704e-08,9.8674e-09,4.8256e-08,3.2609e-08,3.565e-08,1.3976e-08,-1.0616e-08
0.04,-0.04,0,0.15708,0.05236,1.9049e-08,-2.4062e-08,-2.9871e-08,1.088e-08,4.8037e-08,2.6005e-08,3.0464e-08,1.7892e-08,-1.2076e-08
-0.08,0,0,0.15708,0.05236,1.5758e-08,-3.7064e-08,-1.4724e-08,2.0058e-09,4.097e-08,3.3693e-08,4.6636e-08,3.9674e-09,-2.2906e-09
-0.04,0,0,0.15708,0.05236,1.8494e-08,-3.6217e-08,-1.8326e-08,5.7912e-09,4.7416e-08,2.7922e-08,4.0548e-08,9.4681e-09,-4.7793e-09
0,0,0,0.15708,0.05236,2.1148e-08,-3.0086e-08,-2.2796e-08,3.5356e-09,5.3795e-08,2.5577e-08,3.6031e-08,1.4782e-08,-4.5063e-09
0.04,0,0,0.15708,0.05236,2.548e-08,-2.6872e-08,-2.4943e-08,5.259e-09,5.3793e-08,2.3706e-08,3.2313e-08,2.2456e-08,-6.1574e-09
0.08,0,0,0.15708,0.05236,2.5556e-08,-2.4455e-08,-3.4933e-08,6.1834e-09,5.6851e-08,2.0194e-08,2.6301e-08,2.9489e-08,-7.1285e-09
-0.04,0.04,0,0.15708,0.05236,1.9994e-08,-4.0871e-08,-1.7794e-08,1.2159e-09,4.9985e-08,2.4008e-08,3.9157e-08,1.0097e-08,-9.2409e-10
0,0.04,0,0.15708,0.05236,2.1845e-08,-3.5932e-08,-2.0303e-08,1.0919e-09,5.6716e-08,2.3285e-08,3.4241e-08,1.6107e-08,-1.5853e-09
0.04,0.04,0,0.15708,0.05236,2.671e-08,-3.2736e-08,-2.4378e-08,2.0559e-09,6.1325e-08,2.0611e-08,3.1624e-08,2.3728e-08,-1.7552e-09
0,0.08,0,0.15708,0.05236,2.637e-08,-4.4551e-08,-1.8917e-08,-2.0168e-09,5.9936e-08,1.9651e-08,3.5427e-08,1.8318e-08,1.1693e-09
-0.04,-0.04,0.04,0.15708,0.05236,1.751e-08,-2.9219e-08,-2.3051e-08,2.9236e-09,4.8314e-08,3.3857e-08,2.9874e-08,8.2747e-09,-1.2046e-08
0,-0.04,0.04,0.15708,0.05236,2.0456e-08,-2.5595e-08,-2.6334e-08,4.8107e-09,5.3544e-08,2.8835e-08,3.0053e-08,1.2698e-08,-1.4647e-08
0.04,-0.04,0.04,0.15708,0.05236,2.4283e-08,-2.2829e-08,-3.316e-08,2.185e-09,5.5986e-08,2.4468e-08,2.6606e-08,1.7723e-08,-1.6123e-08
-0.04,0,0.04,0.15708,0.05236,1.9827e-08,-3.5587e-08,-2.0902e-08,-7.8999e-10,5.4615e-08,2.8244e-08,3.2387e-08,9.8732e-09,-9.5814e-09
0,0,0.04,0.15708,0.05236,2.3472e-08,-3.0001e-08,-2.5877e-08,-2.9925e-10,6.0265e-08,2.4714e-08,2.976e-08,1.5094e-08,-8.0352e-09
0.04,0,0.04,0.15708,0.05236,2.6482e-08,-2.6537e-08,-3.1813e-08,4.0438e-10,6.5834e-08,2.2149e-08,2.6397e-08,1.8774e-08,-8.2403e-09
-0.04,0.04,0.04,0.15708,0.05236,2.2339e-08,-3.9219e-08,-1.9609e-08,-3.8141e-09,5.5774e-08,2.4833e-08,3.3538e-08,8.4784e-09,-3.5851e-09
0,0.04,0.04,0.15708,0.05236,2.6661e-08,-3.5748e-08,-2.439e-08,-3.2214e-09,7.1193e-08,2.1004e-08,2.8825e-08,1.546e-08,-5.1653e-09
0.04,0.04,0.04,0.15708,0.05236,3.0298e-08,-3.2563e-08,-2.8729e-08,-2.5411e-09,7.2971e-08,1.9427e-08,2.6828e-08,1.9863e-08,-5.8568e-09
0,0,0.08,0.15708,0.05236,2.4903e-08,-2.8234e-08,-2.5579e-08,-6.535e-09,7.3467e-08,2.055e-08,2.4233e-08,1.1553e-08,-9.8406e-09
0,0,-0.08,0.05236,0.10472,1.0419e-08,-2.7636e-08,-1.3527e-08,7.3733e-09,3.9086e-08,2.6406e-08,4.4341e-08,1.6178e-08,-5.1659e-10
-0.04,-0.04,-0.04,0.05236,0.10472,1.2055e-08,-2.8828e-08,-1.6185e-08,6.7874e-09,3.8061e-08,3.6855e-08,4.7586e-08,5.6831e-09,-8.9646e-09
0,-0.04,-0.04,0.05236,0.10472,1.2947e-08,-2.7141e-08,-1.9471e-08,8.9175e-09,4.219e-08,3.2188e-08,4.1326e-08,1.2128e-08,-1.5431e-08
0.04,-0.04,-0.04,0.05236,0.10472,1.4247e-08,-2.254e-08,-2.1979e-08,9.0717e-09,4.5696e-08,2.5876e-08,3.5757e-08,2.0942e-08,-1.4164e-08
-0.04,0,-0.04,0.05236,0.10472,1.3201e-08,-3.1272e-08,-1.4964e-08,4.0877e-09,4.2195e-08,3.0779e-08,4.7243e-08,7.4992e-09,-3.6989e-09
0,0,-0.04,0.05236,0.10472,1.4755e-08,-3.1643e-08,-1.9327e-08,4.3926e-09,4.6139e-08,2.7347e-08,4.2856e-08,1.4794e-08,-8.0861e-09
0.04,0,-0.04,0.05236,0.10472,1.4973e-08,-2.7286e-08,-2.0494e-08,4.8505e-09,4.8821e-08,2.3534e-08,3.4122e-08,2.4186e-08,-8.3408e-09
-0.04,0.04,-0.04,0.05236,0.10472,1.5569e-08,-4.2621e-08,-1.4691e-08,7.0917e-10,4.2537e-08,2.5369e-08,4.7253e-08,9.136e-09,-8.3062e-10
0,0.04,-0.04,0.05236,0.10472,1.7487e-08,-3.5993e-08,-1.6938e-08,1.2871e-09,4.916e-08,2.3244e-08,4.2161e-08,1.5996e-08,-2.9859e-09
0.04,0.04,-0.04,0.05236,0.10472,1.8106e-08,-3.2073e-08,-2.2107e-08,1.3377e-09,5.4607e-08,2.1266e-08,3.5475e-08,2.8386e-08,-1.3264e-09
0,-0.08,0,0.05236,0.10472,1.3377e-08,-2.2914e-08,-2.3607e-08,1.0425e-08,4.4122e-08,3.5672e-08,3.3483e-08,1.0392e-08,-2.3834e-08
-0.04,-0.04,0,0.05236,0.10472,1.4331e-08,-2.8851e-08,-2.0703e-08,2.9645e-09,4.3817e-08,3.3992e-08,3.9422e-08,7.3979e-09,-1.3559e-08
0,-0.04,0,0.05236,0.10472,1.6381e-08,-2.8241e-08,-2.3903e-08,4.2197e-09,4.9629e-08,3.0813e-08,3.3681e-08,1.2827e-08,-1.6398e-08
0.04,-0.04,0,0.05236,0.10472,1.9011e-08,-2.3997e-08,-3.0305e-08,8.8395e-09,5.2448e-08,2.6831e-08,3.1833e-08,1.8464e-08,-1.8866e-08
-0.08,0,0,0.05236,0.10472,1.4496e-08,-3.7356e-08,-1.5755e-08,-1.3267e-09,4.422e-08,3.2848e-08,4.4289e-08,2.5697e-09,-7.3259e-09
-0.04,0,0,0.05236,0.10472,1.5809e-08,-3.4725e-08,-1.8673e-08,-6.8524e-10,4.943e-08,2.896e-08,4.1378e-08,9.256e-09,-8.3353e-09
0,0,0,0.05236,0.10472,1.9059e-08,-3.0643e-08,-2.2894e-08,4.3653e-10,5.3744e-08,2.6315e-08,3.6902e-08,1.6947e-08,-9.7643e-09
0.04,0,0,0.05236,0.10472,2.1314e-08,-2.8962e-08,-2.8156e-08,2.3958e-09,5.9629e-08,2.3692e-08,3.0313e-08,1.9247e-08,-1.1378e-08
0.08,0,0,0.05236,0.10472,2.4464e-08,-2.5951e-08,-3.4542e-08,2.7496e-09,6.2113e-08,2.1125e-08,2.747e-08,2.8965e-08,-1.1973e-08
-0.04,0.04,0,0.05236,0.10472,1.9227e-08,-3.9952e-08,-1.91e-08,-3.3284e-09,5.0031e-08,2.4629e-08,4.0027e-08,8.24e-09,-6.1721e-09
0,0.04,0,0.05236,0.10472,2.0559e-08,-3.6821e-08,-2.089e-08,-1.5789e-09,5.833e-08,2.3019e-08,3.5009e-08,1.6974e-08,-5.2923e-09
0.04,0.04,0,0.05236,0.10472,2.5007e-08,-3.3798e-08,-2.7672e-08,-3.9364e-10,6.2973e-08,1.98e-08,3.2597e-08,2.4736e-08,-5.2912e-09
0,0.08,0,0.05236,0.10472,2.5069e-08,-4.3679e-08,-2.0238e-08,-5.4865e-09,6.4433e-08,1.9512e-08,3.744e-08,1.7239e-08,-2.3016e-09
-0.04,-0.04,0.04,0.05236,0.10472,1.5191e-08,-2.8708e-08,-2.1732e-08,-2.1637e-09,4.9486e-08,3.1925e-08,3.0483e-08,7.9225e-09,-1.7885e-08
0,-0.04,0.04,0.05236,0.10472,1.9031e-08,-2.7555e-08,-2.6872e-08,-3.7704e-09,5.5054e-08,2.8111e-08,2.8581e-08,1.2332e-08,-1.832e-08
0.04,-0.04,0.04,0.05236,0.10472,2.0944e-08,-2.4014e-08,-3.4003e-08,-2.3876e-09,6.1635e-08,2.4573e-08,2.6097e-08,1.6086e-08,-1.9545e-08
-0.04,0,0.04,0.05236,0.10472,1.8751e-08,-3.4754e-08,-2.2625e-08,-5.1412e-09,5.291e-08,2.702e-08,3.5553e-08,8.3079e-09,-1.1386e-08
0,0,0.04,0.05236,0.10472,2.2659e-08,-2.9281e-08,-2.5031e-08,-4.8049e-09,6.3155e-08,2.4611e-08,3.017e-08,1.3284e-08,-1.2148e-08
0.04,0,0.04,0.05236,0.10472,2.3108e-08,-2.7809e-08,-3.2996e-08,-2.9741e-09,6.8105e-08,2.3773e-08,2.7072e-08,2.0041e-08,-1.1704e-08
-0.04,0.04,0.04,0.05236,0.10472,2.2879e-08,-3.992e-08,-2.0544e-08,-7e-09,6.3289e-08,2.3137e-08,3.3597e-08,8.5123e-09,-7.5315e-09
0,0.04,0.04,0.05236,0.10472,2.4656e-08,-3.7323e-08,-2.4897e-08,-8.0143e-09,6.8551e-08,2.1705e-08,2.9937e-08,1.5601e-08,-7.2218e-09
0.04,0.04,0.04,0.05236,0.10472,2.847e-08,-3.2865e-08,-3.002e-08,-6.4469e-09,7.4607e-08,1.8792e-08,2.7637e-08,2.088e-08,-7.9688e-09
0,0,0.08,0.05236,0.10472,2.3273e-08,-2.9611e-08,-2.7773e-08,-8.6659e-09,7.4143e-08,2.2125e-08,2.5252e-08,1.2059e-08,-1.4756e-08
0,0,-0.08,0.10472,0.10472,1.1793e-08,-2.8713e-08,-1.1078e-08,1.0062e-08,3.9273e-08,2.637e-08,4.6236e-08,1.7593e-08,1.5729e-09
-0.04,-0.04,-0.04,0.10472,0.10472,1.3713e-08,-2.7553e-08,-1.5217e-08,7.4251e-09,3.6702e-08,3.3088e-08,4.963e-08,7.4727e-09,-9.4073e-09
0,-0.04,-0.04,0.10472,0.10472,1.369e-08,-2.5214e-08,-1.8105e-08,1.1975e-08,4.2038e-08,3.199e-08,3.8419e-08,1.3471e-08,-1.0592e-08
0.04,-0.04,-0.04,0.10472,0.10472,1.416e-08,-2.2701e-08,-2.5098e-08,1.2591e-08,4.3384e-08,2.6541e-08,3.5746e-08,1.9336e-08,-9.7528e-09
-0.04,0,-0.04,0.10472,0.10472,1.5035e-08,-3.2835e-08,-1.442e-08,4.26e-09,4.0891e-08,3.11e-08,4.7651e-08,9.4881e-09,-2.401e-09
0,0,-0.04,0.10472,0.10472,1.4631e-08,-3.1016e-08,-1.7762e-08,6.9509e-09,4.472e-08,2.6078e-08,4.1785e-08,1.6549e-08,-4.8089e-09
0.04,0,-0.04,0.10472,0.10472,1.7618e-08,-2.7885e-08,-2.0385e-08,6.8769e-09,4.7608e-08,2.3977e-08,3.6376e-08,2.4211e-08,-3.9554e-09
-0.04,0.04,-0.04,0.10472,0.10472,1.6709e-08,-4.0154e-08,-1.4117e-08,2.5039e-09,4.4542e-08,2.5614e-08,4.794e-08,1.0728e-08,6.7709e-10
0,0.04,-0.04,0.10472,0.10472,1.6491e-08,-3.381e-08,-1.8008e-08,3.8165e-09,4.8737e-08,2.2981e-08,3.9548e-08,1.5339e-08,7.5511e-10
0.04,0.04,-0.04,0.10472,0.10472,1.9391e-08,-3.2197e-08,-2.0429e-08,3.7382e-09,5.3753e-08,1.9764e-08,3.4695e-08,2.5561e-08,3.6618e-10
0,-0.08,0,0.10472,0.10472,1.4371e-08,-2.2403e-08,-2.3132e-08,1.5029e-08,4.1619e-08,3.3034e-08,3.2283e-08,1.0848e-08,-1.97e-08
-0.04,-0.04,0,0.10472,0.10472,1.4639e-08,-2.8905e-08,-2.0315e-08,5.5965e-09,4.3413e-08,3.3653e-08,3.8856e-08,8.0861e-09,-1.1979e-08
0,-0.04,0,0.10472,0.10472,1.6436e-08,-2.6061e-08,-2.3571e-08,8.4549e-09,4.6576e-08,2.9392e-08,3.551e-08,1.3218e-08,-1.3285e-08
0.04,-0.04,0,0.10472,0.10472,1.8718e-08,-2.4692e-08,-3.0351e-08,7.3645e-09,5.2659e-08,2.7409e-08,3.1652e-08,1.6897e-08,-1.4587e-08
-0.08,0,0,0.10472,0.10472,1.5465e-08,-3.5019e-08,-1.579e-08,1.361e-09,4.2695e-08,3.326e-08,4.4625e-08,3.3313e-09,-4.7664e-09
-0.04,0,0,0.10472,0.10472,1.5856e-08,-3.4178e-08,-1.8664e-08,2.1048e-09,4.721e-08,2.8939e-08,3.8654e-08,9.8679e-09,-6.648e-09
0,0,0,0.10472,0.10472,1.9827e-08,-3.1096e-08,-2.2997e-08,2.3643e-09,5.2173e-08,2.7602e-08,3.6354e-08,1.6214e-08,-8.098e-09
0.04,0,0,0.10472,0.10472,2.2995e-08,-2.9437e-08,-2.6083e-08,6.1283e-09,5.9405e-08,2.2992e-08,3.058e-08,2.379e-08,-8.961e-09
0.08,0,0,0.10472,0.10472,2.5904e-08,-2.5623e-08,-3.3599e-08,3.4249e-09,6.1623e-08,1.9999e-08,2.7301e-08,2.6592e-08,-9.0088e-09
-0.04,0.04,0,0.10472,0.10472,2.0395e-08,-4.1177e-08,-1.7247e-08,-5.9888e-10,5.1288e-08,2.4854e-08,3.9137e-08,9.3794e-09,-3.2005e-09
0,0.04,0,0.10472,0.10472,2.1324e-08,-3.5313e-08,-2.148e-08,-2.3252e-09,5.8385e-08,2.1421e-08,3.5235e-08,1.6991e-08,-3.2932e-09
0.04,0.04,0,0.10472,0.10472,2.518e-08,-3.3454e-08,-2.6388e-08,1.9882e-10,6.2195e-08,1.9399e-08,3.1005e-08,2.3432e-08,-4.648e-09
0,0.08,0,0.10472,0.10472,2.4841e-08,-4.6062e-08,-1.9967e-08,-2.6207e-09,6.3537e-08,1.9025e-08,3.5217e-08,1.7815e-08,-8.2779e-10
-0.04,-0.04,0.04,0.10472,0.10472,1.6245e-08,-2.9439e-08,-2.2833e-08,4.5392e-10,4.9175e-08,3.0691e-08,3.289e-08,7.8976e-09,-1.2876e-08
0,-0.04,0.04,0.10472,0.10472,1.9649e-08,-2.6251e-08,-2.9101e-08,6.9763e-10,5.1547e-08,2.9648e-08,3.0021e-08,1.2249e-08,-1.5142e-08
0.04,-0.04,0.04,0.10472,0.10472,2.2014e-08,-2.4078e-08,-3.1703e-08,3.1151e-09,6.1511e-08,2.613e-08,2.6896e-08,1.616e-08,-1.8536e-08
-0.04,0,0.04,0.10472,0.10472,1.9422e-08,-3.1995e-08,-2.2302e-08,-3.9564e-09,5.4493e-08,2.7697e-08,3.2542e-08,9.564e-09,-1.0647e-08
0,0,0.04,0.10472,0.10472,2.0498e-08,-2.9667e-08,-2.686e-08,-1.3031e-09,5.9627e-08,2.2977e-08,2.9588e-08,1.3874e-08,-1.045e-08
0.04,0,0.04,0.10472,0.10472,2.5414e-08,-2.7855e-08,-3.2603e-08,-6.9999e-10,6.8314e-08,2.2294e-08,2.5274e-08,1.9303e-08,-1.1974e-08
-0.04,0.04,0.04,0.10472,0.10472,2.2103e-08,-4.2e-08,-2.0491e-08,-5.6607e-09,5.678e-08,2.3687e-08,3.3996e-08,1.1291e-08,-6.6427e-09
0,0.04,0.04,0.10472,0.10472,2.5133e-08,-3.5761e-08,-2.6001e-08,-4.9e-09,6.9961e-08,2.0684e-08,2.8924e-08,1.6552e-08,-6.6277e-09
0.04,0.04,0.04,0.10472,0.10472,2.8476e-08,-3.2979e-08,-2.7811e-08,-4.9899e-09,7.5119e-08,1.9024e-08,2.6204e-08,2.1263e-08,-6.9678e-09
0,0,0.08,0.10472,0.10472,2.4357e-08,-2.9108e-08,-2.6918e-08,-8.9857e-09,7.5731e-08,2.2078e-08,2.4671e-08,1.216e-08,-1.1041e-08
0,0,-0.08,0.15708,0.10472,1.3163e-08,-2.7587e-08,-1.358e-08,1.0881e-08,3.9782e-08,2.5166e-08,4.6883e-08,1.779e-08,5.7814e-09
-0.04,-0.04,-0.04,0.15708,0.10472,1.3869e-08,-2.7397e-08,-1.5914e-08,9.9571e-09,3.7346e-08,3.221e-08,4.6277e-08,8.6368e-09,-4.2317e-09
0,-0.04,-0.04,0.15708,0.10472,1.52e-08,-2.5133e-08,-1.8652e-08,1.3115e-08,4.0338e-08,2.9548e-08,4.1891e-08,1.2838e-08,-7.1235e-09
0.04,-0.04,-0.04,0.15708,0.10472,1.7204e-08,-2.3296e-08,-2.564e-08,1.66e-08,4.3362e-08,2.5395e-08,3.4297e-08,1.9822e-08,-6.635e-09
-0.04,0,-0.04,0.15708,0.10472,1.4004e-08,-3.3421e-08,-1.4133e-08,7.0179e-09,4.1611e-08,2.9929e-08,4.6001e-08,7.7875e-09,-9.1188e-10
0,0,-0.04,0.15708,0.10472,1.7526e-08,-3.0173e-08,-1.8279e-08,9.4543e-09,4.7297e-08,2.537e-08,4.0079e-08,1.4603e-08,-1.7561e-09
0.04,0,-0.04,0.15708,0.10472,1.9028e-08,-2.7914e-08,-2.3132e-08,8.9208e-09,4.6792e-08,2.3514e-08,3.5332e-08,2.3991e-08,-2.4622e-09
-0.04,0.04,-0.04,0.15708,0.10472,1.6119e-08,-3.9452e-08,-1.3319e-08,3.7866e-09,4.6212e-08,2.5102e-08,4.815e-08,1.0082e-08,3.3122e-09
0,0.04,-0.04,0.15708,0.10472,1.7505e-08,-3.7177e-08,-1.5711e-08,5.8652e-09,4.7799e-08,2.3004e-08,4.125e-08,1.7029e-08,1.7098e-09
0.04,0.04,-0.04,0.15708,0.10472,2.2028e-08,-3.3554e-08,-1.999e-08,6.3555e-09,5.1491e-08,2.0613e-08,3.6012e-08,2.7548e-08,2.081e-09
0,-0.08,0,0.15708,0.10472,1.5909e-08,-2.2312e-08,-2.4341e-08,1.8882e-08,3.832e-08,3.4024e-08,3.2225e-08,1.2127e-08,-1.6507e-08
-0.04,-0.04,0,0.15708,0.10472,1.5282e-08,-2.8419e-08,-1.9792e-08,8.1659e-09,4.0407e-08,3.3144e-08,3.8407e-08,9.3781e-09,-8.4438e-09
0,-0.04,0,0.15708,0.10472,1.7769e-08,-2.6543e-08,-2.3505e-08,1.0483e-08,4.5744e-08,3.0553e-08,3.3552e-08,1.2783e-08,-1.0852e-08
0.04,-0.04,0,0.15708,0.10472,2.0546e-08,-2.4243e-08,-2.6787e-08,1.2811e-08,4.8041e-08,2.6806e-08,3.1317e-08,1.6812e-08,-1.2037e-08
-0.08,0,0,0.15708,0.10472,1.4945e-08,-3.6449e-08,-1.465e-08,2.4217e-09,4.0988e-08,3.138e-08,4.2767e-08,3.8606e-09,-4.299e-09
-0.04,0,0,0.15708,0.10472,1.8761e-08,-3.4504e-08,-1.7876e-08,3.4883e-09,4.7088e-08,2.8297e-08,4.131e-08,9.8376e-09,-4.5758e-09
0,0,0,0.15708,0.10472,2.0139e-08,-2.9442e-08,-2.1153e-08,4.8035e-09,5.0122e-08,2.7517e-08,3.5398e-08,1.4776e-08,-7.5031e-09
0.04,0,0,0.15708,0.10472,2.3743e-08,-2.7432e-08,-2.596e-08,6.6272e-09,5.311e-08,2.2534e-08,3.3644e-08,2.2264e-08,-5.264e-09
0.08,0,0,0.15708,0.10472,2.5367e-08,-2.6614e-08,-3.266e-08,8.3665e-09,5.7088e-08,1.9647e-08,2.6758e-08,2.7583e-08,-6.1127e-09
-0.04,0.04,0,0.15708,0.10472,2.0381e-08,-4.2256e-08,-1.6572e-08,2.1036e-09,5.0124e-08,2.4009e-08,3.8335e-08,8.6649e-09,-8.6305e-10
0,0.04,0,0.15708,0.10472,2.1904e-08,-3.5944e-08,-2.0683e-08,2.0341e-09,5.5328e-08,2.2275e-08,3.5725e-08,1.7717e-08,-2.2699e-09
0.04,0.04,0,0.15708,0.10472,2.6495e-08,-3.1437e-08,-2.5798e-08,9.1747e-10,6.0864e-08,1.9527e-08,3.1444e-08,2.3971e-08,-1.7681e-09
0,0.08,0,0.15708,0.10472,2.5541e-08,-4.3057e-08,-1.843e-08,-5.9301e-10,6.0036e-08,1.9861e-08,3.4378e-08,1.9037e-08,2.1907e-09
-0.04,-0.04,0.04,0.15708,0.10472,1.7364e-08,-2.8462e-08,-2.1399e-08,4.1768e-09,4.6487e-08,3.0835e-08,3.1327e-08,8.5577e-09,-9.7724e-09
0,-0.04,0.04,0.15708,0.10472,2.0119e-08,-2.567e-08,-2.7294e-08,5.2022e-09,5.0203e-08,2.8816e-08,2.8784e-08,1.231e-08,-1.3171e-08
0.04,-0.04,0.04,0.15708,0.10472,2.0727e-08,-2.3508e-08,-3.1033e-08,6.0919e-09,5.6487e-08,2.503e-08,2.7048e-08,1.6455e-08,-1.2121e-08
-0.04,0,0.04,0.15708,0.10472,2.0895e-08,-3.4873e-08,-2.1841e-08,1.7854e-10,5.4873e-08,2.59e-08,3.1716e-08,8.3602e-09,-5.4291e-09
0,0,0.04,0.15708,0.10472,2.2318e-08,-2.8479e-08,-2.4511e-08,-1.1092e-10,5.5994e-08,2.3877e-08,3.0048e-08,1.355e-08,-9.218e-09
0.04,0,0.04,0.15708,0.10472,2.8687e-08,-2.7896e-08,-3.0779e-08,8.7828e-11,6.6533e-08,2.1449e-08,2.6947e-08,2.1115e-08,-9.5651e-09
-0.04,0.04,0.04,0.15708,0.10472,2.3341e-08,-4.1408e-08,-1.995e-08,-3.6851e-09,5.6554e-08,2.2744e-08,3.2256e-08,9.2797e-09,-2.5702e-09
0,0.04,0.04,0.15708,0.10472,2.667e-08,-3.4789e-08,-2.4447e-08,-2.395e-09,6.6457e-08,2.2241e-08,2.8546e-08,1.4489e-08,-2.6852e-09
0.04,0.04,0.04,0.15708,0.10472,3.1013e-08,-3.2297e-08,-2.8698e-08,-2.5132e-09,7.4414e-08,1.9543e-08,2.8005e-08,1.9509e-08,-5.3008e-09
0,0,0.08,0.15708,0.10472,2.5764e-08,-3.0586e-08,-2.8351e-08,-6.1042e-09,6.7892e-08,2.2352e-08,2.5451e-08,1.4035e-08,-9.6687e-09
0,0,-0.08,0.05236,0.15708,1.0154e-08,-2.8476e-08,-1.5354e-08,6.8268e-09,3.8038e-08,2.6614e-08,4.5067e-08,1.3731e-08,-2.2305e-09
-0.04,-0.04,-0.04,0.05236,0.15708,1.1634e-08,-2.579e-08,-1.5923e-08,7.3473e-09,4.0822e-08,3.3435e-08,4.5671e-08,6.203e-09,-1.0776e-08
0,-0.04,-0.04,0.05236,0.15708,1.19e-08,-2.5895e-08,-2.0955e-08,9.5172e-09,4.3256e-08,3.0689e-08,3.9434e-08,1.4779e-08,-1.3284e-08
0.04,-0.04,-0.04,0.05236,0.15708,1.3997e-08,-2.3018e-08,-2.4223e-08,8.8231e-09,4.5729e-08,2.6052e-08,3.4638e-08,2.0449e-08,-1.2972e-08
-0.04,0,-0.04,0.05236,0.15708,1.3102e-08,-3.275e-08,-1.4977e-08,2.4893e-09,4.0868e-08,2.944e-08,4.7487e-08,7.2332e-09,-4.1188e-09
0,0,-0.04,0.05236,0.15708,1.4357e-08,-2.9e-08,-1.8873e-08,5.4236e-09,4.8953e-08,2.6954e-08,4.0569e-08,1.7178e-08,-7.1485e-09
0.04,0,-0.04,0.05236,0.15708,1.652e-08,-2.8536e-08,-2.4671e-08,6.1892e-09,4.9812e-08,2.3381e-08,3.5131e-08,2.4328e-08,-6.1649e-09
-0.04,0.04,-0.04,0.05236,0.15708,1.5429e-08,-3.68e-08,-1.5171e-08,1.4078e-09,4.4046e-08,2.5094e-08,4.6616e-08,9.6493e-09,-2.8983e-09
0,0.04,-0.04,0.05236,0.15708,1.8225e-08,-3.2793e-08,-1.7764e-08,1.9851e-09,5.032e-08,2.4375e-08,4.1099e-08,1.5206e-08,-1.3489e-09
0.04,0.04,-0.04,0.05236,0.15708,1.8656e-08,-3.1333e-08,-1.8997e-08,1.9366e-09,4.9557e-08,2.0404e-08,3.4869e-08,2.8479e-08,-3.9304e-09
0,-0.08,0,0.05236,0.15708,1.3948e-08,-2.2374e-08,-2.4352e-08,1.0152e-08,4.2365e-08,3.4638e-08,3.414e-08,1.0768e-08,-2.5117e-08
-0.04,-0.04,0,0.05236,0.15708,1.3101e-08,-2.8182e-08,-1.9166e-08,1.7566e-09,4.3718e-08,3.4027e-08,4.0101e-08,8.4087e-09,-1.2883e-08
0,-0.04,0,0.05236,0.15708,1.5573e-08,-2.6248e-08,-2.2285e-08,6.7929e-09,4.5658e-08,2.9747e-08,3.3236e-08,1.2469e-08,-1.5463e-08
0.04,-0.04,0,0.05236,0.15708,1.7686e-08,-2.4518e-08,-2.807e-08,6.8213e-09,4.9903e-08,2.5634e-08,2.9101e-08,1.9999e-08,-1.7813e-08
-0.08,0,0,0.05236,0.15708,1.3987e-08,-3.8137e-08,-1.6144e-08,-4.523e-10,4.0296e-08,3.1438e-08,4.3261e-08,2.9972e-09,-7.7837e-09
-0.04,0,0,0.05236,0.15708,1.6775e-08,-3.2881e-08,-1.8956e-08,1.0407e-10,5.0641e-08,2.8735e-08,4.0099e-08,1.0193e-08,-7.5917e-09
0,0,0,0.05236,0.15708,1.8859e-08,-3.083e-08,-2.2521e-08,1.2542e-09,5.4451e-08,2.5006e-08,3.4278e-08,1.3653e-08,-9.9748e-09
0.04,0,0,0.05236,0.15708,2.1159e-08,-2.7938e-08,-2.6595e-08,9.1719e-10,6.0075e-08,2.3938e-08,3.0169e-08,2.1437e-08,-1.0921e-08
0.08,0,0,0.05236,0.15708,2.4086e-08,-2.4923e-08,-3.7086e-08,4.1303e-09,6.2785e-08,2.0665e-08,2.6605e-08,2.7652e-08,-1.4134e-08
-0.04,0.04,0,0.05236,0.15708,1.9382e-08,-4.2784e-08,-1.9368e-08,-3.5721e-09,5.5498e-08,2.5782e-08,4.1474e-08,8.6196e-09,-4.4967e-09
0,0.04,0,0.05236,0.15708,2.1475e-08,-3.5669e-08,-2.1352e-08,-2.8682e-09,5.8992e-08,2.2549e-08,3.5843e-08,1.5225e-08,-6.5989e-09
0.04,0.04,0,0.05236,0.15708,2.4582e-08,-3.3351e-08,-2.5862e-08,-2.6619e-10,6.6484e-08,1.9949e-08,3.2168e-08,2.4535e-08,-5.8408e-09
0,0.08,0,0.05236,0.15708,2.5554e-08,-4.1675e-08,-1.9943e-08,-4.0159e-09,6.6488e-08,1.9631e-08,3.485e-08,1.8269e-08,-1.5415e-09
-0.04,-0.04,0.04,0.05236,0.15708,1.6087e-08,-2.7976e-08,-2.1075e-08,-1.5463e-09,5.0038e-08,3.2077e-08,3.3656e-08,7.4465e-09,-1.8367e-08
0,-0.04,0.04,0.05236,0.15708,1.9261e-08,-2.5873e-08,-2.5918e-08,8.7686e-10,5.6153e-08,2.5999e-08,2.9654e-08,1.2335e-08,-1.9859e-08
0.04,-0.04,0.04,0.05236,0.15708,2.1014e-08,-2.4673e-08,-3.5021e-08,4.3144e-10,5.9579e-08,2.4787e-08,2.5561e-08,1.6623e-08,-1.8302e-08
-0.04,0,0.04,0.05236,0.15708,1.8664e-08,-3.6569e-08,-2.0866e-08,-6.5559e-09,5.5626e-08,2.511e-08,3.1917e-08,8.4159e-09,-1.2201e-08
0,0,0.04,0.05236,0.15708,2.0169e-08,-3.0198e-08,-2.5667e-08,-5.5433e-09,6.608e-08,2.4625e-08,2.9967e-08,1.2645e-08,-1.3971e-08
0.04,0,0.04,0.05236,0.15708,2.4543e-08,-2.8916e-08,-3.0483e-08,-3.5207e-09,7.2399e-08,2.2397e-08,2.6542e-08,1.8025e-08,-1.2878e-08
-0.04,0.04,0.04,0.05236,0.15708,2.1822e-08,-4.0376e-08,-2.1362e-08,-5.8383e-09,6.051e-08,2.2563e-08,3.5403e-08,1.0197e-08,-8.4905e-09
0,0.04,0.04,0.05236,0.15708,2.4781e-08,-3.8603e-08,-2.4359e-08,-7.4692e-09,6.5793e-08,2.1382e-08,2.9118e-08,1.4474e-08,-7.4301e-09
0.04,0.04,0.04,0.05236,0.15708,2.9562e-08,-3.2579e-08,-3.1297e-08,-4.915e-09,7.4564e-08,1.9058e-08,2.692e-08,2.0446e-08,-8.3634e-09
0,0,0.08,0.05236,0.15708,2.2812e-08,-2.9701e-08,-2.9859e-08,-1.1668e-08,7.0769e-08,2.1949e-08,2.5549e-08,1.2421e-08,-1.3567e-08
0,0,-0.08,0.10472,0.15708,1.2013e-08,-2.7277e-08,-1.2911e-08,8.5047e-09,4.014e-08,2.5729e-08,4.4425e-08,1.6296e-08,1.4552e-09
-0.04,-0.04,-0.04,0.10472,0.15708,1.249e-08,-2.7457e-08,-1.6414e-08,8.838e-09,3.6517e-08,3.5726e-08,4.5249e-08,6.3352e-09,-7.1999e-09
0,-0.04,-0.04,0.10472,0.15708,1.2718e-08,-2.468e-08,-1.7993e-08,1.1762e-08,3.967e-08,3.0575e-08,4.0538e-08,1.3748e-08,-7.1324e-09
0.04,-0.04,-0.04,0.10472,0.15708,1.4132e-08,-2.384e-08,-2.3059e-08,1.4262e-08,4.3841e-08,2.7673e-08,3.4191e-08,2.0138e-08,-9.3819e-09
-0.04,0,-0.04,0.10472,0.15708,1.4094e-08,-3.3094e-08,-1.4751e-08,4.8016e-09,4.0071e-08,3.0233e-08,4.8544e-08,9.1015e-09,-2.0258e-09
0,0,-0.04,0.10472,0.15708,1.5644e-08,-2.9168e-08,-1.9004e-08,6.2686e-09,4.7409e-08,2.5274e-08,4.0021e-08,1.4073e-08,-4.8339e-09
0.04,0,-0.04,0.10472,0.15708,1.6135e-08,-2.7029e-08,-2.2255e-08,7.0287e-09,4.9675e-08,2.3125e-08,3.5276e-08,2.4318e-08,-5.3797e-09
-0.04,0.04,-0.04,0.10472,0.15708,1.5476e-08,-3.9619e-08,-1.3491e-08,2.5058e-09,4.4739e-08,2.4863e-08,5.0637e-08,9.8952e-09,7.6903e-10
0,0.04,-0.04,0.10472,0.15708,1.6486e-08,-3.5365e-08,-1.7522e-08,2.8739e-09,4.9635e-08,2.3011e-08,4.1037e-08,1.8453e-08,4.6305e-10
0.04,0.04,-0.04,0.10472,0.15708,2.2231e-08,-3.1925e-08,-2.0223e-08,3.8011e-09,5.4618e-08,2.0419e-08,3.5857e-08,2.7475e-08,1.1456e-10
0,-0.08,0,0.10472,0.15708,1.4536e-08,-2.3285e-08,-2.5511e-08,1.224e-08,4.0108e-08,3.6413e-08,3.3397e-08,1.0902e-08,-2.5854e-08
-0.04,-0.04,0,0.10472,0.15708,1.446e-08,-2.9115e-08,-1.8395e-08,5.092e-09,4.1642e-08,3.2784e-08,3.8523e-08,8.3107e-09,-1.2206e-08
0,-0.04,0,0.10472,0.15708,1.7184e-08,-2.6176e-08,-2.1999e-08,7.2443e-09,4.8765e-08,2.9492e-08,3.452e-08,1.3308e-08,-1.3571e-08
0.04,-0.04,0,0.10472,0.15708,1.842e-08,-2.3694e-08,-2.7013e-08,8.7186e-09,5.3641e-08,2.6249e-08,2.9409e-08,1.7062e-08,-1.6798e-08
-0.08,0,0,0.10472,0.15708,1.522e-08,-3.6839e-08,-1.4902e-08,9.2149e-10,4.1499e-08,3.154e-08,4.3416e-08,4.0005e-09,-3.7587e-09
-0.04,0,0,0.10472,0.15708,1.6451e-08,-3.3306e-08,-1.9171e-08,1.0156e-09,4.8655e-08,2.7196e-08,3.9335e-08,8.2092e-09,-5.8684e-09
0,0,0,0.10472,0.15708,1.9509e-08,-3.1048e-08,-2.2916e-08,3.3823e-09,5.291e-08,2.4443e-08,3.5535e-08,1.4593e-08,-8.0957e-09
0.04,0,0,0.10472,0.15708,2.1515e-08,-2.7809e-08,-2.7351e-08,2.9241e-09,5.6205e-08,2.3368e-08,3.0805e-08,2.2095e-08,-8.7138e-09
0.08,0,0,0.10472,0.15708,2.4385e-08,-2.4954e-08,-3.3978e-08,3.5178e-09,6.021e-08,1.9908e-08,2.7937e-08,2.59e-08,-9.4943e-09
-0.04,0.04,0,0.10472,0.15708,1.9498e-08,-3.9982e-08,-1.7666e-08,-1.0432e-09,5.4471e-08,2.3798e-08,3.7543e-08,9.5581e-09,-2.313e-09
0,0.04,0,0.10472,0.15708,2.1915e-08,-3.5638e-08,-1.9878e-08,-2.4401e-10,6.0771e-08,2.1529e-08,3.6568e-08,1.6003e-08,-3.2084e-09
0.04,0.04,0,0.10472,0.15708,2.3145e-08,-3.4028e-08,-2.2573e-08,7.7189e-10,6.4925e-08,1.9632e-08,3.2754e-08,2.3199e-08,-3.5145e-09
0,0.08,0,0.10472,0.15708,2.5323e-08,-4.3017e-08,-1.8687e-08,-2.6447e-09,6.1926e-08,1.8506e-08,3.4214e-08,1.8227e-08,-5.7941e-10
-0.04,-0.04,0.04,0.10472,0.15708,1.8443e-08,-2.8108e-08,-2.0519e-08,-1.936e-10,4.6207e-08,3.2285e-08,3.3741e-08,8.2256e-09,-1.5187e-08
0,-0.04,0.04,0.10472,0.15708,1.9485e-08,-2.5301e-08,-2.5892e-08,4.9241e-10,5.5671e-08,2.6487e-08,2.9344e-08,1.1354e-08,-1.5395e-08
0.04,-0.04,0.04,0.10472,0.15708,2.2522e-08,-2.355e-08,-3.4701e-08,3.9802e-09,5.9307e-08,2.5458e-08,2.6431e-08,1.4794e-08,-1.7931e-08
-0.04,0,0.04,0.10472,0.15708,1.8828e-08,-3.2643e-08,-2.0964e-08,-4.3788e-09,5.2253e-08,2.7939e-08,3.2657e-08,9.0552e-09,-9.3864e-09
0,0,0.04,0.10472,0.15708,2.3598e-08,-3.0811e-08,-2.6946e-08,-2.1051e-09,6.0018e-08,2.4817e-08,2.9303e-08,1.5025e-08,-1.0574e-08
0.04,0,0.04,0.10472,0.15708,2.6462e-08,-2.8356e-08,-2.9353e-08,-1.4302e-09,6.4869e-08,2.164e-08,2.7255e-08,1.8944e-08,-1.1196e-08
-0.04,0.04,0.04,0.10472,0.15708,2.1004e-08,-4.0523e-08,-1.9699e-08,-4.6616e-09,6.157e-08,2.2162e-08,3.3249e-08,8.5209e-09,-5.2853e-09
0,0.04,0.04,0.10472,0.15708,2.5825e-08,-3.5005e-08,-2.5501e-08,-4.2823e-09,6.9277e-08,2.1233e-08,3.0972e-08,1.5931e-08,-6.9814e-09
0.04,0.04,0.04,0.10472,0.15708,2.9875e-08,-3.2537e-08,-2.9773e-08,-5.5274e-09,8.0111e-08,1.8937e-08,2.7239e-08,1.9832e-08,-5.8956e-09
0,0,0.08,0.10472,0.15708,2.4766e-08,-2.9728e-08,-2.7736e-08,-8.0278e-09,7.0953e-08,2.1595e-08,2.62e-08,1.2222e-08,-1.073e-08
0,0,-0.08,0.15708,0.15708,1.1375e-08,-2.9389e-08,-1.1301e-08,1.0348e-08,3.6817e-08,2.6281e-08,4.5921e-08,1.8699e-08,7.325e-09
-0.04,-0.04,-0.04,0.15708,0.15708,1.3185e-08,-2.8931e-08,-1.4586e-08,1.2018e-08,3.6881e-08,3.3978e-08,4.9183e-08,5.8478e-09,-6.9323e-09
0,-0.04,-0.04,0.15708,0.15708,1.512e-08,-2.6517e-08,-1.9393e-08,1.5466e-08,3.9013e-08,3.0491e-08,4.0684e-08,1.4405e-08,-8.4627e-09
0.04,-0.04,-0.04,0.15708,0.15708,1.523e-08,-2.4907e-08,-2.2655e-08,1.5246e-08,4.1577e-08,2.5765e-08,3.5057e-08,2.1783e-08,-8.5534e-09
-0.04,0,-0.04,0.15708,0.15708,1.4508e-08,-3.4111e-08,-1.3405e-08,7.6387e-09,4.0239e-08,2.9131e-08,4.7446e-08,8.34e-09,-9.5034e-10
0,0,-0.04,0.15708,0.15708,1.5998e-08,-3.0172e-08,-1.6461e-08,8.4051e-09,4.5722e-08,2.7223e-08,4.2491e-08,1.5323e-08,-8.3106e-11
0.04,0,-0.04,0.15708,0.15708,1.7791e-08,-2.6759e-08,-2.0578e-08,8.8087e-09,4.6487e-08,2.1875e-08,3.5979e-08,2.2284e-08,-1.0723e-09
-0.04,0.04,-0.04,0.15708,0.15708,1.6262e-08,-3.9212e-08,-1.1951e-08,3.7793e-09,4.5577e-08,2.4212e-08,4.6713e-08,1.0366e-08,1.8039e-09
0,0.04,-0.04,0.15708,0.15708,1.8119e-08,-3.5186e-08,-1.5991e-08,5.2785e-09,5.0996e-08,2.2864e-08,4.0452e-08,1.6924e-08,1.4494e-09
0.04,0.04,-0.04,0.15708,0.15708,2.1288e-08,-3.1613e-08,-1.8805e-08,6.6155e-09,5.5713e-08,2.0237e-08,3.5125e-08,2.452e-08,1.5504e-09
0,-0.08,0,0.15708,0.15708,1.5334e-08,-2.1217e-08,-2.2515e-08,1.6932e-08,4.0116e-08,3.3289e-08,3.2212e-08,1.1157e-08,-1.4849e-08
-0.04,-0.04,0,0.15708,0.15708,1.588e-08,-2.8193e-08,-1.9474e-08,6.8392e-09,3.9794e-08,3.356e-08,4.0904e-08,7.5919e-09,-9.4555e-09
0,-0.04,0,0.15708,0.15708,1.739e-08,-2.6384e-08,-2.183e-08,1.1479e-08,4.6502e-08,3.0261e-08,3.4649e-08,1.2531e-08,-1.1192e-08
0.04,-0.04,0,0.15708,0.15708,1.9458e-08,-2.4625e-08,-2.705e-08,1.0649e-08,4.9568e-08,2.6068e-08,3.1145e-08,1.859e-08,-1.5004e-08
-0.08,0,0,0.15708,0.15708,1.4166e-08,-3.6328e-08,-1.5052e-08,1.9154e-09,4.3902e-08,3.333e-08,4.4697e-08,3.1988e-09,-3.0968e-09
-0.04,0,0,0.15708,0.15708,1.7636e-08,-3.2947e-08,-1.8364e-08,4.2035e-09,4.6945e-08,2.8336e-08,3.9082e-08,9.1989e-09,-3.7453e-09
0,0,0,0.15708,0.15708,2.0184e-08,-3.2256e-08,-1.9875e-08,5.1534e-09,5.1937e-08,2.5465e-08,3.4103e-08,1.5434e-08,-6.1715e-09
0.04,0,0,0.15708,0.15708,2.3459e-08,-2.8147e-08,-2.4409e-08,5.5301e-09,6.1472e-08,2.2547e-08,3.2458e-08,2.0658e-08,-6.9723e-09
0.08,0,0,0.15708,0.15708,2.5647e-08,-2.5669e-08,-3.549e-08,6.7571e-09,5.8152e-08,2.0146e-08,2.8888e-08,2.8137e-08,-5.6358e-09
-0.04,0.04,0,0.15708,0.15708,1.9572e-08,-3.9745e-08,-1.6854e-08,1.2805e-09,5.2407e-08,2.5587e-08,3.7428e-08,1.2205e-08,-1.039e-09
0,0.04,0,0.15708,0.15708,2.2565e-08,-3.6573e-08,-1.9825e-08,7.5567e-10,5.5258e-08,2.3023e-08,3.379e-08,1.6355e-08,-9.0713e-10
0.04,0.04,0,0.15708,0.15708,2.593e-08,-3.5806e-08,-2.2279e-08,4.7694e-10,6.0904e-08,1.9694e-08,3.2335e-08,2.4047e-08,-6.0588e-10
0,0.08,0,0.15708,0.15708,2.7707e-08,-4.1641e-08,-1.7286e-08,-7.0902e-10,6.0969e-08,1.9346e-08,3.3056e-08,1.8477e-08,2.4699e-09
-0.04,-0.04,0.04,0.15708,0.15708,1.7197e-08,-2.8062e-08,-1.9964e-08,2.3798e-09,4.7674e-08,3.228e-08,3.209e-08,7.7776e-09,-1.0718e-08
0,-0.04,0.04,0.15708,0.15708,2.1016e-08,-2.5729e-08,-2.468e-08,5.9841e-09,5.1319e-08,2.8301e-08,2.9381e-08,1.3502e-08,-1.47e-08
0.04,-0.04,0.04,0.15708,0.15708,2.2532e-08,-2.355e-08,-3.3194e-08,8.1472e-09,5.6473e-08,2.4127e-08,2.6135e-08,1.7226e-08,-1.419e-08
-0.04,0,0.04,0.15708,0.15708,2.008e-08,-3.3978e-08,-2.1266e-08,-1.118e-09,5.5429e-08,2.8538e-08,3.1183e-08,6.9551e-09,-7.7254e-09
0,0,0.04,0.15708,0.15708,2.3284e-08,-2.9576e-08,-2.5259e-08,-2.7986e-10,6.0403e-08,2.5073e-08,3.1281e-08,1.3278e-08,-8.3422e-09
0.04,0,0.04,0.15708,0.15708,2.5592e-08,-2.7677e-08,-3.155e-08,1.0211e-09,6.6415e-08,2.1652e-08,2.6118e-08,1.9776e-08,-7.1382e-09
-0.04,0.04,0.04,0.15708,0.15708,2.2516e-08,-4.0591e-08,-2.0263e-08,-3.3494e-09,5.8782e-08,2.3892e-08,3.1602e-08,1.0505e-08,-3.7166e-09
0,0.04,0.04,0.15708,0.15708,2.7893e-08,-3.4854e-08,-2.2742e-08,-2.141e-09,7.066e-08,2.1844e-08,2.8184e-08,1.492e-08,-2.7363e-09
0.04,0.04,0.04,0.15708,0.15708,2.8402e-08,-3.1516e-08,-3.0159e-08,-8.181e-10,7.3119e-08,1.9127e-08,2.6015e-08,2.0366e-08,-5.2178e-09
0,0,0.08,0.15708,0.15708,2.5208e-08,-2.819e-08,-2.7515e-08,-6.6268e-09,6.706e-08,2.1629e-08,2.6785e-08,1.2946e-08,-1.1368e-08
