0,0,-0.08,0.05236,0.05236,-9.8992e-09,-4.1551e-08,-4.263e-08,-2.8956e-08,-4.4288e-09,2.8403e-08,4.5168e-08,-3.2265e-08,3.0575e-09,-2.7117e-08,-2.8691e-08,-1.4857e-08
-0.04,-0.04,-0.04,0.05236,0.05236,-5.2812e-09,-4.8624e-08,-4.1691e-08,-2.2793e-08,8.8278e-10,2.2023e-08,4.8337e-08,-3.4259e-08,-1.5662e-09,-1.8302e-08,-2.6597e-08,-1.9976e-08
0,-0.04,-0.04,0.05236,0.05236,-1.0168e-08,-4.6509e-08,-3.5007e-08,-2.2007e-08,1.3866e-09,3.036e-08,4.2291e-08,-3.6162e-08,-1.8206e-09,-1.935e-08,-3.1908e-08,-1.6187e-08
0.04,-0.04,-0.04,0.05236,0.05236,-1.5837e-08,-4.3591e-08,-2.8992e-08,-2.0776e-08,1.9093e-09,4.0217e-08,3.7225e-08,-3.7348e-08,-2.0819e-09,-2.0525e-08,-3.931e-08,-1.2746e-08
-0.04,0,-0.04,0.05236,0.05236,-5.5353e-09,-5.1197e-08,-4.8718e-08,-2.8311e-08,2.0072e-10,1.8944e-08,4.4848e-08,-2.8958e-08,9.9931e-10,-2.0044e-08,-2.5628e-08,-1.478e-08
0,0,-0.04,0.05236,0.05236,-9.5952e-09,-4.8987e-08,-4.0566e-08,-2.7108e-08,7.8311e-10,2.6421e-08,3.9479e-08,-3.0469e-08,1.2355e-09,-2.1261e-08,-3.0961e-08,-1.2108e-08
0.04,0,-0.04,0.05236,0.05236,-1.4715e-08,-4.5708e-08,-3.2745e-08,-2.5696e-08,1.2891e-09,3.4686e-08,3.5064e-08,-3.1092e-08,1.4138e-09,-2.2434e-08,-3.6866e-08,-9.6124e-09
-0.04,0.04,-0.04,0.05236,0.05236,-5.632e-09,-5.2655e-08,-5.6174e-08,-3.5402e-08,-6.7014e-10,1.5122e-08,4.0389e-08,-2.4183e-08,3.8791e-09,-2.2017e-08,-2.4365e-08,-1.0581e-08
0,0.04,-0.04,0.05236,0.05236,-9.1634e-09,-4.9836e-08,-4.6535e-08,-3.3649e-08,2.1458e-10,2.1835e-08,3.6392e-08,-2.5329e-08,4.9303e-09,-2.2953e-08,-2.9314e-08,-8.9058e-09
0.04,0.04,-0.04,0.05236,0.05236,-1.3406e-08,-4.698e-08,-3.6797e-08,-3.1473e-08,9.8178e-10,2.8925e-08,3.2448e-08,-2.5798e-08,5.9796e-09,-2.4351e-08,-3.5164e-08,-7.1506e-09
0,-0.08,0,0.05236,0.05236,-8.986e-09,-5.0424e-08,-2.8921e-08,-1.5787e-08,6.9097e-09,3.0474e-08,3.671e-08,-3.7733e-08,-6.3936e-09,-1.3782e-08,-3.3736e-08,-1.6693e-08
-0.04,-0.04,0,0.05236,0.05236,-3.5912e-09,-5.7742e-08,-3.8837e-08,-2.0188e-08,7.4871e-09,2.0846e-08,3.9102e-08,-3.0244e-08,-3.8284e-09,-1.4376e-08,-2.6993e-08,-1.5204e-08
0,-0.04,0,0.05236,0.05236,-9.5401e-09,-5.4372e-08,-3.3235e-08,-1.9432e-08,6.8218e-09,2.7637e-08,3.5873e-08,-3.1904e-08,-4.3326e-09,-1.4957e-08,-3.2585e-08,-1.1762e-08
0.04,-0.04,0,0.05236,0.05236,-1.6133e-08,-5.0915e-08,-2.7978e-08,-1.8544e-08,6.1134e-09,3.4716e-08,3.2009e-08,-3.2666e-08,-5.1889e-09,-1.516e-08,-4.0045e-08,-8.5745e-09
-0.08,0,0,0.05236,0.05236,-4.5559e-10,-6.3597e-08,-5.1447e-08,-2.5762e-08,7.8536e-09,1.2676e-08,4.1527e-08,-2.4758e-08,-1.7139e-09,-1.4755e-08,-2.1997e-08,-1.3001e-08
-0.04,0,0,0.05236,0.05236,-4.2418e-09,-6.0856e-08,-4.4478e-08,-2.4987e-08,7.3392e-09,1.7987e-08,3.7429e-08,-2.571e-08,-1.4812e-09,-1.5305e-08,-2.5924e-08,-1.0464e-08
0,0,0,0.05236,0.05236,-9.2397e-09,-5.7783e-08,-3.803e-08,-2.3985e-08,6.4237e-09,2.4185e-08,3.4148e-08,-2.6568e-08,-1.4924e-09,-1.5917e-08,-3.1648e-08,-8.1007e-09
0.04,0,0,0.05236,0.05236,-1.5061e-08,-5.3568e-08,-3.1175e-08,-2.2787e-08,5.8383e-09,3.0587e-08,3.0489e-08,-2.7207e-08,-1.7118e-09,-1.6035e-08,-3.8491e-08,-5.9783e-09
0.08,0,0,0.05236,0.05236,-2.1529e-08,-4.8832e-08,-2.5677e-08,-2.1186e-08,5.3038e-09,3.6944e-08,2.7187e-08,-2.7992e-08,-1.8235e-09,-1.5309e-08,-4.6599e-08,-4.1391e-09
-0.04,0.04,0,0.05236,0.05236,-4.2825e-09,-6.3991e-08,-5.0805e-08,-3.1893e-08,7.2709e-09,1.5265e-08,3.502e-08,-2.1976e-08,1.8241e-09,-1.6605e-08,-2.4828e-08,-6.7751e-09
0,0.04,0,0.05236,0.05236,-8.5693e-09,-5.9904e-08,-4.2188e-08,-3.0261e-08,6.2928e-09,2.0745e-08,3.1744e-08,-2.2917e-08,2.33e-09,-1.6951e-08,-2.9584e-08,-5.2201e-09
0.04,0.04,0,0.05236,0.05236,-1.3258e-08,-5.5034e-08,-3.5019e-08,-2.79e-08,5.8665e-09,2.6409e-08,2.8579e-08,-2.3558e-08,3.2649e-09,-1.6234e-08,-3.5387e-08,-3.917e-09
0,0.08,0,0.05236,0.05236,-7.8835e-09,-6.1038e-08,-4.6308e-08,-3.9038e-08,6.1948e-09,1.7157e-08,2.9218e-08,-1.9662e-08,7.3681e-09,-1.7297e-08,-2.79e-08,-3.1135e-09
-0.04,-0.04,0.04,0.05236,0.05236,-1.6899e-09,-6.9278e-08,-3.5743e-08,-1.6921e-08,1.4191e-08,1.9706e-08,3.2292e-08,-2.5717e-08,-6.533e-09,-1.0756e-08,-2.69e-08,-8.401e-09
0,-0.04,0.04,0.05236,0.05236,-7.9373e-09,-6.4544e-08,-3.1313e-08,-1.6349e-08,1.2031e-08,2.4636e-08,2.9477e-08,-2.6781e-08,-7.8158e-09,-1.0852e-08,-3.2115e-08,-5.763e-09
0.04,-0.04,0.04,0.05236,0.05236,-1.5637e-08,-5.9292e-08,-2.6764e-08,-1.5464e-08,1.0281e-08,3.0364e-08,2.6978e-08,-2.6929e-08,-9.182e-09,-1.0079e-08,-3.8641e-08,-3.436e-09
-0.04,0,0.04,0.05236,0.05236,-2.427e-09,-7.3637e-08,-4.0643e-08,-2.0807e-08,1.4529e-08,1.7196e-08,3.1135e-08,-2.2304e-08,-4.3407e-09,-1.122e-08,-2.5886e-08,-4.7689e-09
0,0,0.04,0.05236,0.05236,-7.9253e-09,-6.9002e-08,-3.5251e-08,-2.0046e-08,1.2289e-08,2.2269e-08,2.891e-08,-2.2998e-08,-5.0892e-09,-1.0622e-08,-3.0669e-08,-3.0057e-09
0.04,0,0.04,0.05236,0.05236,-1.4399e-08,-6.3309e-08,-2.9679e-08,-1.9054e-08,1.0343e-08,2.7117e-08,2.6094e-08,-2.3376e-08,-5.6647e-09,-1.04e-08,-3.7271e-08,-1.4649e-09
-0.04,0.04,0.04,0.05236,0.05236,-2.8559e-09,-7.7852e-08,-4.5315e-08,-2.6587e-08,1.4587e-08,1.4892e-08,2.9564e-08,-1.9406e-08,-1.2379e-09,-1.1428e-08,-2.4752e-08,-1.9964e-09
0,0.04,0.04,0.05236,0.05236,-7.4731e-09,-7.1891e-08,-3.8756e-08,-2.555e-08,1.2537e-08,1.9564e-08,2.711e-08,-2.0027e-08,-1.321e-09,-1.0773e-08,-2.9234e-08,-7.7809e-10
0.04,0.04,0.04,0.05236,0.05236,-1.309e-08,-6.6312e-08,-3.2111e-08,-2.3678e-08,1.0569e-08,2.4028e-08,2.495e-08,-2.0365e-08,-1.1441e-09,-9.4424e-09,-3.5189e-08,-1.6952e-11
0,0,0.08,0.05236,0.05236,-5.6596e-09,-8.3002e-08,-3.205e-08,-1.5188e-08,1.7638e-08,1.9977e-08,2.3881e-08,-1.8789e-08,-9.2281e-09,-6.5218e-09,-2.9433e-08,3.0231e-09
0,0,-0.08,0.10472,0.05236,-1.0117e-08,-4.0859e-08,-4.3289e-08,-2.676e-08,-3.3978e-09,2.6185e-08,4.5081e-08,-3.2581e-08,1.6544e-09,-2.5838e-08,-2.8614e-08,-1.7136e-08
-0.04,-0.04,-0.04,0.10472,0.05236,-5.4851e-09,-4.7983e-08,-4.3395e-08,-2.055e-08,1.9679e-09,2.0774e-08,4.8289e-08,-3.5358e-08,-2.8899e-09,-1.7366e-08,-2.6271e-08,-2.2754e-08
0,-0.04,-0.04,0.10472,0.05236,-1.002e-08,-4.6126e-08,-3.6805e-08,-1.9841e-08,2.6623e-09,2.9587e-08,4.2854e-08,-3.717e-08,-3.3181e-09,-1.8475e-08,-3.1526e-08,-1.8234e-08
0.04,-0.04,-0.04,0.10472,0.05236,-1.6088e-08,-4.305e-08,-3.0276e-08,-1.9039e-08,2.4515e-09,3.8031e-08,3.7511e-08,-3.8298e-08,-3.7613e-09,-1.9325e-08,-3.8796e-08,-1.4495e-08
-0.04,0,-0.04,0.10472,0.05236,-5.6001e-09,-5.0723e-08,-5.0557e-08,-2.5598e-08,1.2151e-09,1.7753e-08,4.4506e-08,-2.9782e-08,-6.4054e-10,-1.9264e-08,-2.5377e-08,-1.6829e-08
0,0,-0.04,0.10472,0.05236,-1.0011e-08,-4.8255e-08,-4.1542e-08,-2.4781e-08,1.9192e-09,2.5022e-08,3.9406e-08,-3.0768e-08,-2.976e-10,-2.048e-08,-3.058e-08,-1.3846e-08
0.04,0,-0.04,0.10472,0.05236,-1.5305e-08,-4.5471e-08,-3.4447e-08,-2.3427e-08,2.2177e-09,3.3102e-08,3.4942e-08,-3.181e-08,-5.7175e-10,-2.1111e-08,-3.6793e-08,-1.1507e-08
-0.04,0.04,-0.04,0.10472,0.05236,-5.4803e-09,-5.2373e-08,-5.7083e-08,-3.2066e-08,-2.4274e-12,1.3707e-08,4.1049e-08,-2.4794e-08,2.156e-09,-2.11e-08,-2.3977e-08,-1.2712e-08
0,0.04,-0.04,0.10472,0.05236,-9.4025e-09,-4.9873e-08,-4.6911e-08,-3.0803e-08,1.1621e-09,2.004e-08,3.6489e-08,-2.5873e-08,3.1786e-09,-2.1914e-08,-2.8448e-08,-1.0604e-08
0.04,0.04,-0.04,0.10472,0.05236,-1.3866e-08,-4.6633e-08,-3.8017e-08,-2.8951e-08,1.6835e-09,2.7932e-08,3.2643e-08,-2.6309e-08,4.1965e-09,-2.2968e-08,-3.4041e-08,-8.6651e-09
0,-0.08,0,0.10472,0.05236,-8.8999e-09,-4.976e-08,-3.041e-08,-1.4174e-08,7.8477e-09,2.9297e-08,3.7544e-08,-3.9473e-08,-8.0729e-09,-1.3048e-08,-3.3576e-08,-1.873e-08
-0.04,-0.04,0,0.10472,0.05236,-3.6185e-09,-5.7501e-08,-4.0492e-08,-1.7983e-08,8.9847e-09,2.0202e-08,3.9678e-08,-3.1634e-08,-5.1862e-09,-1.3647e-08,-2.7055e-08,-1.8101e-08
0,-0.04,0,0.10472,0.05236,-9.5343e-09,-5.3969e-08,-3.4487e-08,-1.7192e-08,7.93e-09,2.6446e-08,3.6161e-08,-3.2983e-08,-6.0673e-09,-1.3867e-08,-3.2594e-08,-1.4009e-08
0.04,-0.04,0,0.10472,0.05236,-1.6513e-08,-5e-08,-2.8775e-08,-1.6401e-08,6.8778e-09,3.3739e-08,3.2292e-08,-3.4205e-08,-6.9187e-09,-1.4004e-08,-3.9242e-08,-1.0735e-08
-0.08,0,0,0.10472,0.05236,-3.4265e-10,-6.261e-08,-5.3222e-08,-2.3177e-08,9.7798e-09,1.1974e-08,4.147e-08,-2.5345e-08,-2.9557e-09,-1.4124e-08,-2.1748e-08,-1.5725e-08
-0.04,0,0,0.10472,0.05236,-4.3156e-09,-6.0798e-08,-4.6084e-08,-2.236e-08,8.5903e-09,1.7297e-08,3.7667e-08,-2.6767e-08,-3.0662e-09,-1.4429e-08,-2.5883e-08,-1.3007e-08
0,0,0,0.10472,0.05236,-9.5107e-09,-5.7264e-08,-3.904e-08,-2.144e-08,7.5029e-09,2.3361e-08,3.4273e-08,-2.779e-08,-3.3359e-09,-1.4922e-08,-3.122e-08,-1.0207e-08
0.04,0,0,0.10472,0.05236,-1.5518e-08,-5.3378e-08,-3.2525e-08,-2.0561e-08,6.5798e-09,2.9498e-08,3.0807e-08,-2.8521e-08,-3.8126e-09,-1.4745e-08,-3.7721e-08,-8.0148e-09
0.08,0,0,0.10472,0.05236,-2.216e-08,-4.8553e-08,-2.632e-08,-1.9416e-08,5.8769e-09,3.645e-08,2.7452e-08,-2.9265e-08,-4.5315e-09,-1.3759e-08,-4.6644e-08,-5.987e-09
-0.04,0.04,0,0.10472,0.05236,-4.9313e-09,-6.3349e-08,-5.1605e-08,-2.7984e-08,7.9937e-09,1.4162e-08,3.5259e-08,-2.2859e-08,-4.1016e-10,-1.535e-08,-2.4637e-08,-9.0333e-09
0,0.04,0,0.10472,0.05236,-8.8742e-09,-5.9755e-08,-4.3585e-08,-2.697e-08,7.1049e-09,1.9435e-08,3.1915e-08,-2.3467e-08,2.6685e-10,-1.5288e-08,-2.9349e-08,-7.3965e-09
0.04,0.04,0,0.10472,0.05236,-1.3844e-08,-5.4485e-08,-3.5235e-08,-2.5462e-08,6.2144e-09,2.4706e-08,2.8732e-08,-2.419e-08,8.6784e-10,-1.4972e-08,-3.5309e-08,-5.5854e-09
0,0.08,0,0.10472,0.05236,-8.2299e-09,-6.0327e-08,-4.7725e-08,-3.4619e-08,6.8128e-09,1.554e-08,2.9524e-08,-2.0055e-08,4.712e-09,-1.5892e-08,-2.7572e-08,-4.8053e-09
-0.04,-0.04,0.04,0.10472,0.05236,-1.5404e-09,-6.7535e-08,-3.703e-08,-1.4299e-08,1.5713e-08,1.8792e-08,3.2803e-08,-2.713e-08,-8.1333e-09,-1.0062e-08,-2.6855e-08,-1.1809e-08
0,-0.04,0.04,0.10472,0.05236,-7.9494e-09,-6.4057e-08,-3.2298e-08,-1.3627e-08,1.3242e-08,2.4086e-08,3.0282e-08,-2.8395e-08,-9.2583e-09,-9.6141e-09,-3.2306e-08,-8.3224e-09
0.04,-0.04,0.04,0.10472,0.05236,-1.636e-08,-5.8485e-08,-2.7407e-08,-1.3268e-08,1.0875e-08,2.9446e-08,2.7378e-08,-2.9153e-08,-1.0959e-08,-9.3131e-09,-3.8818e-08,-5.8219e-09
-0.04,0,0.04,0.10472,0.05236,-2.3182e-09,-7.2973e-08,-4.1449e-08,-1.7893e-08,1.5825e-08,1.6439e-08,3.1214e-08,-2.336e-08,-6.185e-09,-1.0238e-08,-2.5773e-08,-7.6435e-09
0,0,0.04,0.10472,0.05236,-8.0693e-09,-6.8353e-08,-3.6068e-08,-1.7673e-08,1.3009e-08,2.1464e-08,2.9114e-08,-2.4145e-08,-6.7769e-09,-9.5434e-09,-3.0381e-08,-5.0364e-09
0.04,0,0.04,0.10472,0.05236,-1.5019e-08,-6.2307e-08,-3.0057e-08,-1.6334e-08,1.0923e-08,2.6124e-08,2.6556e-08,-2.4974e-08,-7.9717e-09,-8.723e-09,-3.6692e-08,-3.5807e-09
-0.04,0.04,0.04,0.10472,0.05236,-3.3154e-09,-7.6763e-08,-4.612e-08,-2.2792e-08,1.5796e-08,1.4033e-08,2.9799e-08,-2.0418e-08,-3.3596e-09,-1.0447e-08,-2.45e-08,-4.2811e-09
0,0.04,0.04,0.10472,0.05236,-7.775e-09,-7.1801e-08,-3.9497e-08,-2.1656e-08,1.2988e-08,1.8418e-08,2.7447e-08,-2.087e-08,-3.275e-09,-9.396e-09,-2.9091e-08,-2.8575e-09
0.04,0.04,0.04,0.10472,0.05236,-1.3748e-08,-6.5332e-08,-3.2701e-08,-2.091e-08,1.115e-08,2.2576e-08,2.5033e-08,-2.1211e-08,-3.4225e-09,-8.1524e-09,-3.4965e-08,-1.8747e-09
0,0,0.08,0.10472,0.05236,-6.0824e-09,-8.2518e-08,-3.2591e-08,-1.1751e-08,1.7965e-08,1.9498e-08,2.4458e-08,-2.0023e-08,-1.1599e-08,-5.3679e-09,-2.9415e-08,7.3681e-10
0,0,-0.08,0.15708,0.05236,-1.0037e-08,-4.0425e-08,-4.5497e-08,-2.4943e-08,-2.4717e-09,2.423e-08,4.5045e-08,-3.3015e-08,1.2202e-10,-2.5098e-08,-2.7771e-08,-1.8511e-08
-0.04,-0.04,-0.04,0.15708,0.05236,-5.0677e-09,-4.7571e-08,-4.5155e-08,-1.8536e-08,3.6212e-09,1.9982e-08,4.8531e-08,-3.593e-08,-4.1178e-09,-1.6686e-08,-2.5942e-08,-2.4788e-08
0,-0.04,-0.04,0.15708,0.05236,-1.0066e-08,-4.5216e-08,-3.7955e-08,-1.7818e-08,3.6001e-09,2.7669e-08,4.2738e-08,-3.761e-08,-4.6876e-09,-1.739e-08,-3.1468e-08,-2.0402e-08
0.04,-0.04,-0.04,0.15708,0.05236,-1.6172e-08,-4.1925e-08,-3.1089e-08,-1.7134e-08,3.6752e-09,3.6404e-08,3.7348e-08,-3.9318e-08,-5.2969e-09,-1.8168e-08,-3.8133e-08,-1.6445e-08
-0.04,0,-0.04,0.15708,0.05236,-5.6588e-09,-5.0099e-08,-5.2233e-08,-2.3217e-08,2.2221e-09,1.6431e-08,4.4793e-08,-2.9979e-08,-2.1242e-09,-1.851e-08,-2.4821e-08,-1.9244e-08
0,0,-0.04,0.15708,0.05236,-1.0033e-08,-4.7606e-08,-4.2666e-08,-2.2412e-08,2.9063e-09,2.3492e-08,3.9766e-08,-3.1435e-08,-2.0853e-09,-1.9455e-08,-3.0025e-08,-1.6083e-08
0.04,0,-0.04,0.15708,0.05236,-1.5559e-08,-4.4611e-08,-3.5165e-08,-2.1542e-08,2.9701e-09,3.1719e-08,3.4752e-08,-3.2619e-08,-2.0071e-09,-1.9526e-08,-3.6259e-08,-1.3335e-08
-0.04,0.04,-0.04,0.15708,0.05236,-5.7108e-09,-5.1922e-08,-5.9115e-08,-2.9356e-08,1.3256e-09,1.2547e-08,4.0538e-08,-2.5375e-08,7.2963e-10,-2.0149e-08,-2.3703e-08,-1.4841e-08
0,0.04,-0.04,0.15708,0.05236,-9.6727e-09,-4.9666e-08,-4.8401e-08,-2.8154e-08,2.0442e-09,1.8618e-08,3.6287e-08,-2.633e-08,1.1756e-09,-2.0742e-08,-2.8249e-08,-1.2533e-08
0.04,0.04,-0.04,0.15708,0.05236,-1.4065e-08,-4.6475e-08,-3.8669e-08,-2.6152e-08,2.2942e-09,2.5389e-08,3.2358e-08,-2.7097e-08,2.0163e-09,-2.0948e-08,-3.3923e-08,-1.0367e-08
0,-0.08,0,0.15708,0.05236,-8.8484e-09,-4.8502e-08,-3.1051e-08,-1.2331e-08,9.0092e-09,2.8566e-08,3.8012e-08,-4.1091e-08,-9.2155e-09,-1.2114e-08,-3.3353e-08,-2.1527e-08
-0.04,-0.04,0,0.15708,0.05236,-3.4814e-09,-5.553e-08,-4.2071e-08,-1.5536e-08,1.0493e-08,1.8914e-08,4.0395e-08,-3.2391e-08,-6.7266e-09,-1.277e-08,-2.6798e-08,-2.1117e-08
0,-0.04,0,0.15708,0.05236,-9.6609e-09,-5.297e-08,-3.5232e-08,-1.5324e-08,8.8743e-09,2.5843e-08,3.6077e-08,-3.4301e-08,-7.5706e-09,-1.2786e-08,-3.2029e-08,-1.6349e-08
0.04,-0.04,0,0.15708,0.05236,-1.6632e-08,-4.9066e-08,-2.9845e-08,-1.4319e-08,7.9148e-09,3.2328e-08,3.2805e-08,-3.5236e-08,-8.8004e-09,-1.271e-08,-3.9015e-08,-1.287e-08
-0.08,0,0,0.15708,0.05236,-4.5138e-10,-6.1694e-08,-5.4665e-08,-2.046e-08,1.1072e-08,1.0918e-08,4.1541e-08,-2.6464e-08,-4.3504e-09,-1.3277e-08,-2.1349e-08,-1.8426e-08
-0.04,0,0,0.15708,0.05236,-4.4577e-09,-5.9616e-08,-4.6837e-08,-1.9366e-08,9.6352e-09,1.6287e-08,3.7825e-08,-2.792e-08,-4.505e-09,-1.3442e-08,-2.5724e-08,-1.5707e-08
0,0,0,0.15708,0.05236,-9.5677e-09,-5.6989e-08,-4.0028e-08,-1.9188e-08,8.2783e-09,2.2085e-08,3.3991e-08,-2.8803e-08,-5.0947e-09,-1.3514e-08,-3.0757e-08,-1.2255e-08
0.04,0,0,0.15708,0.05236,-1.6008e-08,-5.2622e-08,-3.3067e-08,-1.8108e-08,7.0368e-09,2.7871e-08,3.0994e-08,-2.9717e-08,-5.8247e-09,-1.3028e-08,-3.7285e-08,-9.8356e-09
0.08,0,0,0.15708,0.05236,-2.2672e-08,-4.7733e-08,-2.6966e-08,-1.7011e-08,6.461e-09,3.4564e-08,2.7377e-08,-3.0061e-08,-6.5818e-09,-1.2175e-08,-4.5602e-08,-7.3553e-09
-0.04,0.04,0,0.15708,0.05236,-4.9417e-09,-6.2987e-08,-5.2827e-08,-2.5298e-08,8.6118e-09,1.3557e-08,3.5463e-08,-2.3391e-08,-1.8997e-09,-1.4204e-08,-2.4563e-08,-1.1298e-08
0,0.04,0,0.15708,0.05236,-9.3412e-09,-5.9481e-08,-4.4014e-08,-2.3754e-08,7.7054e-09,1.7836e-08,3.1964e-08,-2.4418e-08,-1.6865e-09,-1.4197e-08,-2.9084e-08,-8.9264e-09
0.04,0.04,0,0.15708,0.05236,-1.445e-08,-5.4893e-08,-3.6131e-08,-2.2849e-08,6.7117e-09,2.3802e-08,2.861e-08,-2.5147e-08,-1.6339e-09,-1.3274e-08,-3.5117e-08,-7.3053e-09
0,0.08,0,0.15708,0.05236,-8.6214e-09,-5.9877e-08,-4.7745e-08,-3.1004e-08,6.9692e-09,1.4682e-08,2.9109e-08,-2.0675e-08,2.3276e-09,-1.4333e-08,-2.7219e-08,-6.5085e-09
-0.04,-0.04,0.04,0.15708,0.05236,-1.4295e-09,-6.6704e-08,-3.7627e-08,-1.1646e-08,1.6973e-08,1.8012e-08,3.3132e-08,-2.8341e-08,-9.8663e-09,-9.1063e-09,-2.66e-08,-1.5099e-08
0,-0.04,0.04,0.15708,0.05236,-8.329e-09,-6.2399e-08,-3.2861e-08,-1.1435e-08,1.395e-08,2.323e-08,3.0568e-08,-2.9696e-08,-1.1243e-08,-8.7269e-09,-3.195e-08,-1.1261e-08
0.04,-0.04,0.04,0.15708,0.05236,-1.6393e-08,-5.7471e-08,-2.7957e-08,-1.0729e-08,1.1619e-08,2.845e-08,2.7865e-08,-3.0304e-08,-1.275e-08,-7.7288e-09,-3.815e-08,-8.0061e-09
-0.04,0,0.04,0.15708,0.05236,-2.6629e-09,-7.2129e-08,-4.2524e-08,-1.498e-08,1.7257e-08,1.5654e-08,3.2004e-08,-2.4443e-08,-7.8765e-09,-9.1097e-09,-2.5349e-08,-1.0215e-08
0,0,0.04,0.15708,0.05236,-8.6585e-09,-6.7362e-08,-3.6647e-08,-1.4292e-08,1.4102e-08,2.0398e-08,2.9555e-08,-2.5468e-08,-8.7099e-09,-8.3446e-09,-3.056e-08,-7.2588e-09
0.04,0,0.04,0.15708,0.05236,-1.5331e-08,-6.152e-08,-3.096e-08,-1.3972e-08,1.1467e-08,2.5436e-08,2.6627e-08,-2.6041e-08,-1.0123e-08,-7.4466e-09,-3.6665e-08,-5.3197e-09
-0.04,0.04,0.04,0.15708,0.05236,-3.1707e-09,-7.6026e-08,-4.6879e-08,-1.9106e-08,1.6514e-08,1.3151e-08,3.0031e-08,-2.1081e-08,-5.4059e-09,-9.1793e-09,-2.4287e-08,-6.687e-09
0,0.04,0.04,0.15708,0.05236,-8.0829e-09,-7.1302e-08,-4.0225e-08,-1.8159e-08,1.3403e-08,1.7425e-08,2.7551e-08,-2.1647e-08,-5.8674e-09,-8.2255e-09,-2.8809e-08,-4.9932e-09
0.04,0.04,0.04,0.15708,0.05236,-1.4035e-08,-6.4647e-08,-3.3051e-08,-1.7281e-08,1.1521e-08,2.1551e-08,2.5264e-08,-2.2446e-08,-6.7387e-09,-6.2501e-09,-3.4615e-08,-3.6304e-09
0,0,0.08,0.15708,0.05236,-6.2815e-09,-8.163e-08,-3.33e-08,-8.7959e-09,1.899e-08,1.858e-08,2.4571e-08,-2.1518e-08,-1.3296e-08,-4.2168e-09,-2.9245e-08,-2.116e-09
0,0,-0.08,0.05236,0.10472,-9.96e-09,-4.1503e-08,-4.2398e-08,-2.8883e-08,-4.3128e-09,2.8593e-08,4.5504e-08,-3.2155e-08,3.2823e-09,-2.6768e-08,-2.8863e-08,-1.4871e-08
-0.04,-0.04,-0.04,0.05236,0.10472,-5.1646e-09,-4.8729e-08,-4.211e-08,-2.2419e-08,8.8809e-10,2.2174e-08,4.7618e-08,-3.4782e-08,-1.552e-09,-1.8187e-08,-2.6551e-08,-1.9631e-08
0,-0.04,-0.04,0.05236,0.10472,-1.0086e-08,-4.6957e-08,-3.5153e-08,-2.1882e-08,1.638e-09,2.9984e-08,4.235e-08,-3.6202e-08,-1.5278e-09,-1.9545e-08,-3.2222e-08,-1.6019e-08
0.04,-0.04,-0.04,0.05236,0.10472,-1.5815e-08,-4.3715e-08,-2.859e-08,-2.0581e-08,1.6498e-09,3.9344e-08,3.6958e-08,-3.7244e-08,-1.944e-09,-2.0348e-08,-3.9336e-08,-1.2808e-08
-0.04,0,-0.04,0.05236,0.10472,-5.5817e-09,-5.1037e-08,-4.8971e-08,-2.8106e-08,-9.9702e-11,1.8793e-08,4.488e-08,-2.8805e-08,1.031e-09,-1.9988e-08,-2.5363e-08,-1.4789e-08
0,0,-0.04,0.05236,0.10472,-9.7935e-09,-4.89e-08,-4.0549e-08,-2.6805e-08,1.2167e-09,2.6588e-08,3.9851e-08,-2.9999e-08,1.269e-09,-2.1632e-08,-3.048e-08,-1.1896e-08
0.04,0,-0.04,0.05236,0.10472,-1.4909e-08,-4.5564e-08,-3.3238e-08,-2.5304e-08,1.5763e-09,3.4273e-08,3.4775e-08,-3.0931e-08,1.4831e-09,-2.2773e-08,-3.7409e-08,-9.3763e-09
-0.04,0.04,-0.04,0.05236,0.10472,-5.4429e-09,-5.2574e-08,-5.5803e-08,-3.5064e-08,-7.3736e-10,1.5317e-08,4.1119e-08,-2.4417e-08,3.944e-09,-2.2102e-08,-2.4443e-08,-1.0445e-08
0,0.04,-0.04,0.05236,0.10472,-9.3618e-09,-4.9701e-08,-4.5876e-08,-3.363e-08,4.9261e-10,2.1389e-08,3.6695e-08,-2.5162e-08,5.1977e-09,-2.358e-08,-2.9165e-08,-8.6144e-09
0.04,0.04,-0.04,0.05236,0.10472,-1.3354e-08,-4.7522e-08,-3.6875e-08,-3.1763e-08,1.4046e-09,2.923e-08,3.2528e-08,-2.6008e-08,6.2185e-09,-2.429e-08,-3.4975e-08,-7.1065e-09
0,-0.08,0,0.05236,0.10472,-9.3407e-09,-5.0838e-08,-2.9157e-08,-1.5928e-08,6.9182e-09,3.0333e-08,3.6791e-08,-3.7726e-08,-6.6475e-09,-1.391e-08,-3.3565e-08,-1.6398e-08
-0.04,-0.04,0,0.05236,0.10472,-4.0776e-09,-5.7763e-08,-3.8905e-08,-2.0139e-08,7.4787e-09,2.0584e-08,3.9559e-08,-3.0479e-08,-3.848e-09,-1.4498e-08,-2.6993e-08,-1.5397e-08
0,-0.04,0,0.05236,0.10472,-9.6647e-09,-5.4727e-08,-3.3617e-08,-1.9524e-08,6.5897e-09,2.7288e-08,3.5801e-08,-3.1765e-08,-4.3059e-09,-1.4832e-08,-3.2555e-08,-1.1872e-08
0.04,-0.04,0,0.05236,0.10472,-1.608e-08,-5.0873e-08,-2.8103e-08,-1.8396e-08,6.1992e-09,3.4689e-08,3.1926e-08,-3.2502e-08,-4.8305e-09,-1.5137e-08,-4.0222e-08,-8.692e-09
-0.08,0,0,0.05236,0.10472,-4.2275e-10,-6.3476e-08,-5.1933e-08,-2.549e-08,8.3944e-09,1.2738e-08,4.106e-08,-2.4675e-08,-1.6415e-09,-1.5014e-08,-2.1694e-08,-1.2582e-08
-0.04,0,0,0.05236,0.10472,-4.5172e-09,-6.1412e-08,-4.5072e-08,-2.4775e-08,7.3655e-09,1.8327e-08,3.7766e-08,-2.5833e-08,-1.4779e-09,-1.5694e-08,-2.62e-08,-1.0234e-08
0,0,0,0.05236,0.10472,-9.0962e-09,-5.7546e-08,-3.8332e-08,-2.4031e-08,6.4773e-09,2.4139e-08,3.4252e-08,-2.6833e-08,-1.4158e-09,-1.5927e-08,-3.1535e-08,-7.8215e-09
0.04,0,0,0.05236,0.10472,-1.5011e-08,-5.4067e-08,-3.1485e-08,-2.279e-08,6.0718e-09,3.0795e-08,3.0517e-08,-2.737e-08,-1.4675e-09,-1.5913e-08,-3.7936e-08,-5.9674e-09
0.08,0,0,0.05236,0.10472,-2.1911e-08,-4.8818e-08,-2.5564e-08,-2.1435e-08,5.3848e-09,3.7352e-08,2.7272e-08,-2.8018e-08,-1.825e-09,-1.5799e-08,-4.6613e-08,-4.1727e-09
-0.04,0.04,0,0.05236,0.10472,-4.5786e-09,-6.3066e-08,-5.0391e-08,-3.1472e-08,7.081e-09,1.5044e-08,3.5346e-08,-2.2139e-08,1.6013e-09,-1.6441e-08,-2.49e-08,-6.7164e-09
0,0.04,0,0.05236,0.10472,-8.6254e-09,-6.0187e-08,-4.2366e-08,-2.9854e-08,6.6458e-09,2.0404e-08,3.1808e-08,-2.2893e-08,2.5895e-09,-1.7016e-08,-2.9816e-08,-5.0329e-09
0.04,0.04,0,0.05236,0.10472,-1.358e-08,-5.5526e-08,-3.5112e-08,-2.8182e-08,5.7012e-09,2.6321e-08,2.8706e-08,-2.3494e-08,2.8963e-09,-1.68e-08,-3.5886e-08,-3.7965e-09
0,0.08,0,0.05236,0.10472,-7.8469e-09,-6.0114e-08,-4.6779e-08,-3.7694e-08,6.4462e-09,1.6762e-08,2.9441e-08,-1.9555e-08,6.7885e-09,-1.7745e-08,-2.7819e-08,-2.8999e-09
-0.04,-0.04,0.04,0.05236,0.10472,-1.9618e-09,-6.893e-08,-3.6232e-08,-1.6635e-08,1.4288e-08,1.9267e-08,3.1796e-08,-2.5989e-08,-6.5973e-09,-1.0733e-08,-2.6918e-08,-8.4565e-09
0,-0.04,0.04,0.05236,0.10472,-8.1619e-09,-6.4353e-08,-3.1243e-08,-1.6035e-08,1.1943e-08,2.4685e-08,2.9971e-08,-2.6766e-08,-7.7245e-09,-1.0825e-08,-3.2088e-08,-5.3201e-09
0.04,-0.04,0.04,0.05236,0.10472,-1.6012e-08,-5.9386e-08,-2.6665e-08,-1.5536e-08,1.0078e-08,3.026e-08,2.7214e-08,-2.7537e-08,-8.7505e-09,-1.0381e-08,-3.8688e-08,-3.3786e-09
-0.04,0,0.04,0.05236,0.10472,-2.6165e-09,-7.4035e-08,-4.0577e-08,-2.0979e-08,1.4498e-08,1.7225e-08,3.1526e-08,-2.2477e-08,-4.5046e-09,-1.1328e-08,-2.5932e-08,-4.5842e-09
0,0,0.04,0.05236,0.10472,-8.106e-09,-6.9208e-08,-3.5115e-08,-2.0045e-08,1.2237e-08,2.2132e-08,2.8621e-08,-2.2771e-08,-4.8078e-09,-1.0904e-08,-3.0994e-08,-2.7483e-09
0.04,0,0.04,0.05236,0.10472,-1.4836e-08,-6.3003e-08,-2.949e-08,-1.9049e-08,1.0479e-08,2.6992e-08,2.6256e-08,-2.3476e-08,-5.4288e-09,-1.0155e-08,-3.7032e-08,-1.5085e-09
-0.04,0.04,0.04,0.05236,0.10472,-3.0917e-09,-7.7385e-08,-4.5234e-08,-2.6416e-08,1.5064e-08,1.4938e-08,2.9731e-08,-1.9412e-08,-1.3166e-09,-1.1593e-08,-2.4524e-08,-1.7045e-09
0,0.04,0.04,0.05236,0.10472,-7.7813e-09,-7.2335e-08,-3.8674e-08,-2.5473e-08,1.2494e-08,1.9385e-08,2.7511e-08,-1.9747e-08,-1.0956e-09,-1.0996e-08,-2.9401e-08,-6.8164e-10
0.04,0.04,0.04,0.05236,0.10472,-1.3331e-08,-6.6054e-08,-3.267e-08,-2.3842e-08,1.0785e-08,2.4132e-08,2.4958e-08,-2.0245e-08,-1.0042e-09,-9.7931e-09,-3.5524e-08,2.9441e-10
0,0,0.08,0.05236,0.10472,-5.9015e-09,-8.2738e-08,-3.2008e-08,-1.4849e-08,1.7628e-08,2.0222e-08,2.3913e-08,-1.8968e-08,-9.1832e-09,-6.5652e-09,-2.9257e-08,3.2357e-09
0,0,-0.08,0.10472,0.10472,-1.022e-08,-4.1023e-08,-4.3951e-08,-2.6762e-08,-3.2658e-09,2.5404e-08,4.5477e-08,-3.2468e-08,1.8482e-09,-2.6009e-08,-2.8381e-08,-1.6805e-08
-0.04,-0.04,-0.04,0.10472,0.10472,-5.5183e-09,-4.8006e-08,-4.3751e-08,-2.0571e-08,2.384e-09,2.0784e-08,4.808e-08,-3.5144e-08,-2.9221e-09,-1.7408e-08,-2.6309e-08,-2.2488e-08
0,-0.04,-0.04,0.10472,0.10472,-1.0229e-08,-4.5931e-08,-3.6897e-08,-1.9902e-08,2.4916e-09,2.9021e-08,4.2666e-08,-3.7098e-08,-3.0493e-09,-1.8354e-08,-3.1659e-08,-1.8215e-08
0.04,-0.04,-0.04,0.10472,0.10472,-1.593e-08,-4.2743e-08,-3.0327e-08,-1.9195e-08,2.8332e-09,3.7524e-08,3.7196e-08,-3.8451e-08,-3.6445e-09,-1.9443e-08,-3.8694e-08,-1.4141e-08
-0.04,0,-0.04,0.10472,0.10472,-5.6497e-09,-5.0717e-08,-5.0713e-08,-2.5668e-08,1.5673e-09,1.7492e-08,4.4674e-08,-2.9477e-08,-6.0931e-10,-1.9432e-08,-2.5336e-08,-1.6869e-08
0,0,-0.04,0.10472,0.10472,-1.0067e-08,-4.8175e-08,-4.227e-08,-2.465e-08,2.2108e-09,2.448e-08,3.9652e-08,-3.065e-08,-3.8023e-10,-2.0078e-08,-3.0293e-08,-1.3818e-08
0.04,0,-0.04,0.10472,0.10472,-1.5264e-08,-4.4918e-08,-3.3917e-08,-2.3153e-08,2.3645e-09,3.2917e-08,3.4916e-08,-3.1796e-08,-4.844e-10,-2.103e-08,-3.6522e-08,-1.1257e-08
-0.04,0.04,-0.04,0.10472,0.10472,-5.6025e-09,-5.2158e-08,-5.7474e-08,-3.2061e-08,2.0098e-10,1.3303e-08,4.1039e-08,-2.483e-08,2.2783e-09,-2.1389e-08,-2.3895e-08,-1.2512e-08
0,0.04,-0.04,0.10472,0.10472,-9.7117e-09,-4.9847e-08,-4.7784e-08,-3.0855e-08,1.3994e-09,2.0376e-08,3.6355e-08,-2.5662e-08,3.1929e-09,-2.2547e-08,-2.8482e-08,-1.0691e-08
0.04,0.04,-0.04,0.10472,0.10472,-1.3944e-08,-4.6657e-08,-3.8257e-08,-2.9186e-08,1.6001e-09,2.7039e-08,3.246e-08,-2.6538e-08,3.8739e-09,-2.2877e-08,-3.4628e-08,-8.4553e-09
0,-0.08,0,0.10472,0.10472,-9.3477e-09,-4.9485e-08,-3.0264e-08,-1.4041e-08,8.2145e-09,2.952e-08,3.6923e-08,-3.9505e-08,-8.1178e-09,-1.3066e-08,-3.3731e-08,-1.8833e-08
-0.04,-0.04,0,0.10472,0.10472,-3.9382e-09,-5.6902e-08,-4.0818e-08,-1.7712e-08,9.391e-09,1.9809e-08,4.0567e-08,-3.1263e-08,-5.3091e-09,-1.3803e-08,-2.6955e-08,-1.7919e-08
0,-0.04,0,0.10472,0.10472,-9.783e-09,-5.4107e-08,-3.4697e-08,-1.7208e-08,8.0913e-09,2.6682e-08,3.6049e-08,-3.3272e-08,-5.9219e-09,-1.4102e-08,-3.2392e-08,-1.3846e-08
0.04,-0.04,0,0.10472,0.10472,-1.6707e-08,-5.0364e-08,-2.895e-08,-1.6565e-08,7.0562e-09,3.3445e-08,3.2606e-08,-3.4073e-08,-6.8556e-09,-1.3974e-08,-3.9626e-08,-1.08e-08
-0.08,0,0,0.10472,0.10472,-6.6532e-10,-6.2356e-08,-5.341e-08,-2.278e-08,1.0237e-08,1.1921e-08,4.1128e-08,-2.5623e-08,-2.9457e-09,-1.4248e-08,-2.1815e-08,-1.5821e-08
-0.04,0,0,0.10472,0.10472,-4.7348e-09,-6.1015e-08,-4.6274e-08,-2.2446e-08,8.9431e-09,1.6955e-08,3.7863e-08,-2.689e-08,-2.9603e-09,-1.4683e-08,-2.567e-08,-1.2562e-08
0,0,0,0.10472,0.10472,-9.9072e-09,-5.7107e-08,-3.9269e-08,-2.1072e-08,7.7852e-09,2.3134e-08,3.4104e-08,-2.8002e-08,-3.0747e-09,-1.4969e-08,-3.0756e-08,-9.8861e-09
0.04,0,0,0.10472,0.10472,-1.5507e-08,-5.3306e-08,-3.2501e-08,-2.0338e-08,6.738e-09,2.9604e-08,3.0574e-08,-2.8862e-08,-3.5429e-09,-1.4727e-08,-3.7435e-08,-7.8325e-09
0.08,0,0,0.10472,0.10472,-2.2816e-08,-4.8015e-08,-2.6626e-08,-1.9005e-08,6.2285e-09,3.553e-08,2.7204e-08,-2.9284e-08,-4.2093e-09,-1.4066e-08,-4.5928e-08,-5.5591e-09
-0.04,0.04,0,0.10472,0.10472,-4.9117e-09,-6.2704e-08,-5.1914e-08,-2.8292e-08,8.2788e-09,1.41e-08,3.5169e-08,-2.298e-08,-1.6597e-10,-1.5532e-08,-2.4709e-08,-8.8467e-09
0,0.04,0,0.10472,0.10472,-8.796e-09,-5.9296e-08,-4.358e-08,-2.6982e-08,7.4415e-09,1.9193e-08,3.1865e-08,-2.3638e-08,5.0453e-10,-1.5665e-08,-2.9126e-08,-7.136e-09
0.04,0.04,0,0.10472,0.10472,-1.4179e-08,-5.4756e-08,-3.5739e-08,-2.5621e-08,6.647e-09,2.4762e-08,2.8458e-08,-2.4279e-08,1.2571e-09,-1.5031e-08,-3.5383e-08,-5.496e-09
0,0.08,0,0.10472,0.10472,-8.4488e-09,-5.9979e-08,-4.7282e-08,-3.4441e-08,6.9193e-09,1.55e-08,2.9459e-08,-2.028e-08,5.2725e-09,-1.5863e-08,-2.7393e-08,-4.7177e-09
-0.04,-0.04,0.04,0.10472,0.10472,-1.6383e-09,-6.8099e-08,-3.6936e-08,-1.4183e-08,1.5887e-08,1.8623e-08,3.2701e-08,-2.7379e-08,-8.2101e-09,-1.003e-08,-2.662e-08,-1.1274e-08
0,-0.04,0.04,0.10472,0.10472,-8.2467e-09,-6.3939e-08,-3.2651e-08,-1.3803e-08,1.3126e-08,2.3913e-08,2.9933e-08,-2.8159e-08,-9.371e-09,-9.6882e-09,-3.2339e-08,-8.0134e-09
0.04,-0.04,0.04,0.10472,0.10472,-1.6455e-08,-5.8205e-08,-2.7696e-08,-1.3309e-08,1.1258e-08,2.954e-08,2.7497e-08,-2.8998e-08,-1.0845e-08,-9.2385e-09,-3.8583e-08,-5.5164e-09
-0.04,0,0.04,0.10472,0.10472,-3.0821e-09,-7.2984e-08,-4.1635e-08,-1.7972e-08,1.6378e-08,1.6407e-08,3.1173e-08,-2.3289e-08,-6.3307e-09,-1.0302e-08,-2.6115e-08,-7.6717e-09
0,0,0.04,0.10472,0.10472,-8.648e-09,-6.8485e-08,-3.5917e-08,-1.7104e-08,1.3338e-08,2.1028e-08,2.8989e-08,-2.4322e-08,-6.6801e-09,-9.9053e-09,-3.1031e-08,-5.2979e-09
0.04,0,0.04,0.10472,0.10472,-1.5391e-08,-6.2213e-08,-3.0393e-08,-1.6431e-08,1.136e-08,2.6048e-08,2.6363e-08,-2.4972e-08,-7.7308e-09,-9.0166e-09,-3.6946e-08,-3.4496e-09
-0.04,0.04,0.04,0.10472,0.10472,-3.4055e-09,-7.6854e-08,-4.6325e-08,-2.2795e-08,1.6145e-08,1.3744e-08,2.9706e-08,-2.0531e-08,-3.3751e-09,-1.0715e-08,-2.4411e-08,-4.0719e-09
0,0.04,0.04,0.10472,0.10472,-8.0486e-09,-7.1894e-08,-3.9277e-08,-2.2108e-08,1.3269e-08,1.824e-08,2.7377e-08,-2.0927e-08,-3.4601e-09,-9.4253e-09,-2.922e-08,-2.9647e-09
0.04,0.04,0.04,0.10472,0.10472,-1.3806e-08,-6.5611e-08,-3.2793e-08,-2.0575e-08,1.1335e-08,2.2589e-08,2.5087e-08,-2.1427e-08,-3.7198e-09,-8.4061e-09,-3.4667e-08,-1.7543e-09
0,0,0.08,0.10472,0.10472,-6.4315e-09,-8.1814e-08,-3.289e-08,-1.1932e-08,1.8555e-08,1.9226e-08,2.412e-08,-2.0157e-08,-1.1367e-08,-5.2425e-09,-2.937e-08,7.4367e-10
0,0,-0.08,0.15708,0.10472,-1.0359e-08,-4.073e-08,-4.5965e-08,-2.4613e-08,-2.1177e-09,2.4248e-08,4.4757e-08,-3.3208e-08,3.3939e-10,-2.5144e-08,-2.789e-08,-1.8463e-08
-0.04,-0.04,-0.04,0.15708,0.10472,-5.3753e-09,-4.705e-08,-4.5237e-08,-1.861e-08,4.2415e-09,1.9483e-08,4.8299e-08,-3.6014e-08,-4.2863e-09,-1.6797e-08,-2.6129e-08,-2.5053e-08
0,-0.04,-0.04,0.15708,0.10472,-1.0435e-08,-4.489e-08,-3.8278e-08,-1.7733e-08,4.1939e-09,2.7142e-08,4.2901e-08,-3.7804e-08,-4.5419e-09,-1.764e-08,-3.12e-08,-2.0144e-08
0.04,-0.04,-0.04,0.15708,0.10472,-1.6774e-08,-4.1864e-08,-3.1612e-08,-1.709e-08,3.8245e-09,3.6884e-08,3.7391e-08,-3.9701e-08,-5.3149e-09,-1.8254e-08,-3.809e-08,-1.6299e-08
-0.04,0,-0.04,0.15708,0.10472,-5.8235e-09,-5.0264e-08,-5.2264e-08,-2.3416e-08,2.753e-09,1.5965e-08,4.521e-08,-2.9962e-08,-1.924e-09,-1.8465e-08,-2.4897e-08,-1.8944e-08
0,0,-0.04,0.15708,0.10472,-1.0405e-08,-4.7852e-08,-4.39e-08,-2.2278e-08,3.0595e-09,2.3072e-08,3.9866e-08,-3.1466e-08,-1.9952e-09,-1.942e-08,-2.9815e-08,-1.5747e-08
0.04,0,-0.04,0.15708,0.10472,-1.5638e-08,-4.4679e-08,-3.5702e-08,-2.1118e-08,3.288e-09,3.1108e-08,3.491e-08,-3.24e-08,-2.348e-09,-1.9732e-08,-3.5975e-08,-1.2786e-08
-0.04,0.04,-0.04,0.15708,0.10472,-5.9676e-09,-5.2469e-08,-5.9143e-08,-2.9475e-08,1.6363e-09,1.2446e-08,4.0928e-08,-2.5398e-08,4.9607e-10,-2.0348e-08,-2.3347e-08,-1.4575e-08
0,0.04,-0.04,0.15708,0.10472,-1.0075e-08,-4.9408e-08,-4.8946e-08,-2.8186e-08,2.4712e-09,1.8353e-08,3.6418e-08,-2.6546e-08,1.4934e-09,-2.0964e-08,-2.7941e-08,-1.2246e-08
0.04,0.04,-0.04,0.15708,0.10472,-1.4585e-08,-4.603e-08,-3.9084e-08,-2.6498e-08,2.5508e-09,2.5544e-08,3.2325e-08,-2.7148e-08,1.968e-09,-2.1739e-08,-3.374e-08,-9.9735e-09
0,-0.08,0,0.15708,0.10472,-9.1605e-09,-4.8762e-08,-3.1834e-08,-1.2069e-08,9.4459e-09,2.8436e-08,3.7246e-08,-4.093e-08,-9.2591e-09,-1.2097e-08,-3.335e-08,-2.1158e-08
-0.04,-0.04,0,0.15708,0.10472,-3.753e-09,-5.5749e-08,-4.2037e-08,-1.5584e-08,1.0317e-08,1.899e-08,4.0466e-08,-3.2714e-08,-6.7211e-09,-1.2917e-08,-2.6598e-08,-2.0966e-08
0,-0.04,0,0.15708,0.10472,-9.6883e-09,-5.2701e-08,-3.57e-08,-1.4806e-08,9.308e-09,2.5185e-08,3.5985e-08,-3.4105e-08,-7.5785e-09,-1.289e-08,-3.2117e-08,-1.5756e-08
0.04,-0.04,0,0.15708,0.10472,-1.7149e-08,-4.9261e-08,-3.0124e-08,-1.4377e-08,8.0023e-09,3.205e-08,3.2475e-08,-3.5533e-08,-8.6949e-09,-1.2885e-08,-3.9207e-08,-1.2466e-08
-0.08,0,0,0.15708,0.10472,-6.709e-10,-6.2184e-08,-5.4683e-08,-1.9964e-08,1.1529e-08,1.0719e-08,4.192e-08,-2.6375e-08,-4.3591e-09,-1.331e-08,-2.15e-08,-1.8379e-08
-0.04,0,0,0.15708,0.10472,-4.555e-09,-5.971e-08,-4.7215e-08,-1.9446e-08,1.0197e-08,1.5935e-08,3.7898e-08,-2.7946e-08,-4.6292e-09,-1.3822e-08,-2.5405e-08,-1.5211e-08
0,0,0,0.15708,0.10472,-9.99e-09,-5.6316e-08,-4.0376e-08,-1.8809e-08,8.9056e-09,2.1808e-08,3.4365e-08,-2.8775e-08,-5.0206e-09,-1.3748e-08,-3.0676e-08,-1.215e-08
0.04,0,0,0.15708,0.10472,-1.5887e-08,-5.2161e-08,-3.3087e-08,-1.7736e-08,7.7639e-09,2.8113e-08,3.0544e-08,-2.9764e-08,-5.445e-09,-1.3695e-08,-3.7046e-08,-9.3892e-09
0.08,0,0,0.15708,0.10472,-2.29e-08,-4.7817e-08,-2.7225e-08,-1.6842e-08,6.5981e-09,3.4707e-08,2.7341e-08,-3.0259e-08,-6.5599e-09,-1.2081e-08,-4.5875e-08,-7.2304e-09
-0.04,0.04,0,0.15708,0.10472,-4.9048e-09,-6.3117e-08,-5.316e-08,-2.4866e-08,9.3372e-09,1.2613e-08,3.4945e-08,-2.3443e-08,-1.8274e-09,-1.4508e-08,-2.4127e-08,-1.0965e-08
0,0.04,0,0.15708,0.10472,-9.3885e-09,-5.9159e-08,-4.4338e-08,-2.4051e-08,8.1909e-09,1.7954e-08,3.1759e-08,-2.4369e-08,-1.5596e-09,-1.4331e-08,-2.9124e-08,-9.0359e-09
0.04,0.04,0,0.15708,0.10472,-1.4437e-08,-5.4488e-08,-3.6336e-08,-2.2794e-08,7.3338e-09,2.3491e-08,2.8636e-08,-2.5222e-08,-1.1686e-09,-1.3685e-08,-3.4584e-08,-7.1367e-09
0,0.08,0,0.15708,0.10472,-8.7941e-09,-6.0298e-08,-4.7708e-08,-3.1026e-08,7.4102e-09,1.4262e-08,2.968e-08,-2.0843e-08,2.9954e-09,-1.5051e-08,-2.7213e-08,-6.3244e-09
-0.04,-0.04,0.04,0.15708,0.10472,-1.9497e-09,-6.6937e-08,-3.821e-08,-1.149e-08,1.7457e-08,1.7797e-08,3.305e-08,-2.8516e-08,-9.6139e-09,-9.3897e-09,-2.6425e-08,-1.47e-08
0,-0.04,0.04,0.15708,0.10472,-8.3274e-09,-6.2389e-08,-3.3268e-08,-1.1052e-08,1.4465e-08,2.2842e-08,3.0294e-08,-2.9646e-08,-1.095e-08,-8.723e-09,-3.1653e-08,-1.041e-08
0.04,-0.04,0.04,0.15708,0.10472,-1.6953e-08,-5.7029e-08,-2.8149e-08,-1.0903e-08,1.2124e-08,2.8252e-08,2.748e-08,-3.0668e-08,-1.2854e-08,-8.1574e-09,-3.8365e-08,-7.7949e-09
-0.04,0,0.04,0.15708,0.10472,-3.169e-09,-7.2442e-08,-4.3141e-08,-1.4707e-08,1.7508e-08,1.5485e-08,3.1562e-08,-2.425e-08,-7.8799e-09,-9.3828e-09,-2.5508e-08,-9.9055e-09
0,0,0.04,0.15708,0.10472,-8.6412e-09,-6.7393e-08,-3.6728e-08,-1.4215e-08,1.3981e-08,2.006e-08,2.9011e-08,-2.5791e-08,-9.0547e-09,-8.6944e-09,-3.0446e-08,-7.3403e-09
0.04,0,0.04,0.15708,0.10472,-1.5722e-08,-6.1545e-08,-3.1197e-08,-1.3617e-08,1.1844e-08,2.5208e-08,2.653e-08,-2.6014e-08,-1.0218e-08,-7.7369e-09,-3.6823e-08,-5.4194e-09
-0.04,0.04,0.04,0.15708,0.10472,-3.5662e-09,-7.6212e-08,-4.7052e-08,-1.9153e-08,1.6927e-08,1.2886e-08,2.9902e-08,-2.1171e-08,-5.0327e-09,-9.4088e-09,-2.4218e-08,-6.4072e-09
0,0.04,0.04,0.15708,0.10472,-8.3213e-09,-7.1153e-08,-4.0476e-08,-1.802e-08,1.4154e-08,1.7029e-08,2.7623e-08,-2.1674e-08,-5.1336e-09,-8.1295e-09,-2.9033e-08,-4.8496e-09
0.04,0.04,0.04,0.15708,0.10472,-1.4467e-08,-6.4411e-08,-3.3469e-08,-1.7717e-08,1.1829e-08,2.1411e-08,2.5144e-08,-2.2453e-08,-6.3953e-09,-6.9141e-09,-3.4563e-08,-3.4093e-09
0,0,0.08,0.15708,0.10472,-6.9857e-09,-8.0678e-08,-3.344e-08,-8.6885e-09,1.9545e-08,1.8322e-08,2.4739e-08,-2.1755e-08,-1.332e-08,-4.3549e-09,-2.9072e-08,-1.6961e-09
0,0,-0.08,0.05236,0.15708,-1.0037e-08,-4.1571e-08,-4.2382e-08,-2.841e-08,-4.0896e-09,2.7824e-08,4.5188e-08,-3.2076e-08,3.2195e-09,-2.7023e-08,-2.8746e-08,-1.5007e-08
-0.04,-0.04,-0.04,0.05236,0.15708,-5.4519e-09,-4.8676e-08,-4.1578e-08,-2.2722e-08,1.1084e-09,2.1854e-08,4.781e-08,-3.4572e-08,-1.6091e-09,-1.8357e-08,-2.662e-08,-1.9771e-08
0,-0.04,-0.04,0.05236,0.15708,-1.0212e-08,-4.658e-08,-3.5172e-08,-2.1883e-08,1.6055e-09,3.0224e-08,4.2003e-08,-3.5704e-08,-1.5835e-09,-1.9434e-08,-3.1726e-08,-1.588e-08
0.04,-0.04,-0.04,0.05236,0.15708,-1.6031e-08,-4.3811e-08,-2.9061e-08,-2.0901e-08,2.1633e-09,3.9867e-08,3.7271e-08,-3.724e-08,-2.2282e-09,-2.0284e-08,-3.9082e-08,-1.2216e-08
-0.04,0,-0.04,0.05236,0.15708,-5.718e-09,-5.0831e-08,-4.9155e-08,-2.8376e-08,2.7473e-10,1.8666e-08,4.4796e-08,-2.8719e-08,9.5246e-10,-2.0217e-08,-2.5454e-08,-1.4586e-08
0,0,-0.04,0.05236,0.15708,-9.937e-09,-4.8909e-08,-4.1057e-08,-2.7171e-08,1.2116e-09,2.5943e-08,3.9497e-08,-2.9884e-08,1.2392e-09,-2.1699e-08,-3.072e-08,-1.1802e-08
0.04,0,-0.04,0.05236,0.15708,-1.4846e-08,-4.591e-08,-3.2812e-08,-2.5582e-08,1.5451e-09,3.4248e-08,3.4883e-08,-3.1163e-08,1.7724e-09,-2.2571e-08,-3.7315e-08,-9.2146e-09
-0.04,0.04,-0.04,0.05236,0.15708,-5.5665e-09,-5.2727e-08,-5.6505e-08,-3.4942e-08,-5.8997e-10,1.4979e-08,4.0968e-08,-2.4472e-08,3.9918e-09,-2.2086e-08,-2.4291e-08,-1.0464e-08
0,0.04,-0.04,0.05236,0.15708,-9.2854e-09,-5.0094e-08,-4.5971e-08,-3.354e-08,8.8345e-10,2.1752e-08,3.636e-08,-2.5176e-08,4.8695e-09,-2.3698e-08,-2.9008e-08,-8.9187e-09
0.04,0.04,-0.04,0.05236,0.15708,-1.3533e-08,-4.6536e-08,-3.7181e-08,-3.1498e-08,1.4011e-09,2.8704e-08,3.2539e-08,-2.5866e-08,6.4872e-09,-2.4316e-08,-3.4844e-08,-6.9101e-09
0,-0.08,0,0.05236,0.15708,-9.1966e-09,-5.0907e-08,-2.9052e-08,-1.5748e-08,6.9988e-09,3.0155e-08,3.6849e-08,-3.7986e-08,-6.5228e-09,-1.3902e-08,-3.384e-08,-1.5542e-08
-0.04,-0.04,0,0.05236,0.15708,-4.0386e-09,-5.802e-08,-3.8777e-08,-2.0175e-08,7.8271e-09,2.0694e-08,3.98e-08,-3.0588e-08,-3.7905e-09,-1.4389e-08,-2.7245e-08,-1.509e-08
0,-0.04,0,0.05236,0.15708,-9.6335e-09,-5.502e-08,-3.3719e-08,-1.945e-08,7.4213e-09,2.7613e-08,3.5605e-08,-3.211e-08,-4.3998e-09,-1.4921e-08,-3.2844e-08,-1.1353e-08
0.04,-0.04,0,0.05236,0.15708,-1.6491e-08,-5.0841e-08,-2.8042e-08,-1.8425e-08,6.0505e-09,3.466e-08,3.2217e-08,-3.3087e-08,-5.2731e-09,-1.5282e-08,-4.0072e-08,-8.5492e-09
-0.08,0,0,0.05236,0.15708,-6.4348e-10,-6.3591e-08,-5.1753e-08,-2.5846e-08,8.793e-09,1.2808e-08,4.077e-08,-2.5009e-08,-1.3947e-09,-1.5068e-08,-2.2023e-08,-1.2745e-08
-0.04,0,0,0.05236,0.15708,-4.5794e-09,-6.1382e-08,-4.5309e-08,-2.4953e-08,7.8873e-09,1.8112e-08,3.7665e-08,-2.5795e-08,-1.3488e-09,-1.5546e-08,-2.6212e-08,-9.9753e-09
0,0,0,0.05236,0.15708,-9.3323e-09,-5.8286e-08,-3.8321e-08,-2.3936e-08,6.8906e-09,2.421e-08,3.4063e-08,-2.6654e-08,-1.6167e-09,-1.6193e-08,-3.1384e-08,-8.0514e-09
0.04,0,0,0.05236,0.15708,-1.5004e-08,-5.3132e-08,-3.1602e-08,-2.2692e-08,6.1875e-09,3.0184e-08,3.0551e-08,-2.7738e-08,-1.3541e-09,-1.6226e-08,-3.8051e-08,-5.7698e-09
0.08,0,0,0.05236,0.15708,-2.1784e-08,-4.8789e-08,-2.5927e-08,-2.1288e-08,5.3359e-09,3.7576e-08,2.7187e-08,-2.7956e-08,-2.207e-09,-1.5919e-08,-4.6386e-08,-4.0444e-09
-0.04,0.04,0,0.05236,0.15708,-4.6054e-09,-6.3812e-08,-5.0712e-08,-3.1272e-08,7.8287e-09,1.4932e-08,3.5234e-08,-2.2166e-08,1.6105e-09,-1.6954e-08,-2.5041e-08,-6.4565e-09
0,0.04,0,0.05236,0.15708,-8.7634e-09,-5.979e-08,-4.2779e-08,-2.9951e-08,6.6849e-09,2.0529e-08,3.199e-08,-2.3052e-08,2.2001e-09,-1.7157e-08,-2.9712e-08,-5.0859e-09
0.04,0.04,0,0.05236,0.15708,-1.37e-08,-5.5565e-08,-3.502e-08,-2.85e-08,5.8741e-09,2.6343e-08,2.8706e-08,-2.3597e-08,3.2969e-09,-1.6326e-08,-3.5722e-08,-3.8584e-09
0,0.08,0,0.05236,0.15708,-8.0353e-09,-6.0727e-08,-4.7038e-08,-3.8546e-08,6.5267e-09,1.687e-08,2.9426e-08,-1.9586e-08,7.2601e-09,-1.753e-08,-2.8007e-08,-2.8607e-09
-0.04,-0.04,0.04,0.05236,0.15708,-1.8569e-09,-6.9139e-08,-3.6286e-08,-1.6813e-08,1.4745e-08,1.949e-08,3.1983e-08,-2.6002e-08,-6.5046e-09,-1.0708e-08,-2.6847e-08,-8.0785e-09
0,-0.04,0.04,0.05236,0.15708,-8.2788e-09,-6.4753e-08,-3.1181e-08,-1.623e-08,1.2067e-08,2.4651e-08,2.9948e-08,-2.6583e-08,-7.5738e-09,-1.0815e-08,-3.2269e-08,-5.4011e-09
0.04,-0.04,0.04,0.05236,0.15708,-1.5799e-08,-5.9143e-08,-2.7011e-08,-1.5408e-08,1.0204e-08,3.0479e-08,2.697e-08,-2.7368e-08,-8.9222e-09,-1.0458e-08,-3.884e-08,-3.1447e-09
-0.04,0,0.04,0.05236,0.15708,-2.7545e-09,-7.413e-08,-4.0949e-08,-2.0633e-08,1.4886e-08,1.7052e-08,3.0962e-08,-2.2117e-08,-4.3845e-09,-1.1237e-08,-2.6135e-08,-4.592e-09
0,0,0.04,0.05236,0.15708,-8.2854e-09,-6.8948e-08,-3.5147e-08,-1.9933e-08,1.2327e-08,2.1905e-08,2.8544e-08,-2.3207e-08,-4.8155e-09,-1.0887e-08,-3.0915e-08,-2.7896e-09
0.04,0,0.04,0.05236,0.15708,-1.5153e-08,-6.3475e-08,-2.9943e-08,-1.902e-08,1.0701e-08,2.7396e-08,2.6119e-08,-2.3582e-08,-5.5195e-09,-1.0406e-08,-3.7369e-08,-1.2839e-09
-0.04,0.04,0.04,0.05236,0.15708,-3.0835e-09,-7.7634e-08,-4.5437e-08,-2.6295e-08,1.5122e-08,1.4552e-08,2.9359e-08,-1.9512e-08,-1.654e-09,-1.1517e-08,-2.4602e-08,-1.7653e-09
0,0.04,0.04,0.05236,0.15708,-7.696e-09,-7.2115e-08,-3.8776e-08,-2.4753e-08,1.2497e-08,1.9003e-08,2.7349e-08,-1.9794e-08,-8.8797e-10,-1.0943e-08,-2.9391e-08,-6.3183e-10
0.04,0.04,0.04,0.05236,0.15708,-1.3193e-08,-6.5554e-08,-3.211e-08,-2.3701e-08,1.0564e-08,2.3958e-08,2.495e-08,-2.0271e-08,-8.3485e-10,-9.9192e-09,-3.5054e-08,1.2407e-11
0,0,0.08,0.05236,0.15708,-6.1782e-09,-8.3111e-08,-3.2218e-08,-1.4715e-08,1.7994e-08,2.0148e-08,2.3796e-08,-1.8999e-08,-9.549e-09,-6.6179e-09,-2.9421e-08,3.5747e-09
0,0,-0.08,0.10472,0.15708,-1.0396e-08,-4.1271e-08,-4.4706e-08,-2.6624e-08,-3.1516e-09,2.5899e-08,4.5192e-08,-3.2598e-08,1.8371e-09,-2.6344e-08,-2.8182e-08,-1.6593e-08
-0.04,-0.04,-0.04,0.10472,0.15708,-5.5353e-09,-4.7534e-08,-4.3546e-08,-2.0721e-08,2.6132e-09,2.0218e-08,4.859e-08,-3.5257e-08,-2.9309e-09,-1.758e-08,-2.6211e-08,-2.1981e-08
0,-0.04,-0.04,0.10472,0.15708,-1.0443e-08,-4.5573e-08,-3.6822e-08,-2.0096e-08,3.0983e-09,2.9073e-08,4.2185e-08,-3.696e-08,-3.1642e-09,-1.8919e-08,-3.161e-08,-1.7691e-08
0.04,-0.04,-0.04,0.10472,0.15708,-1.6511e-08,-4.2997e-08,-3.0835e-08,-1.8854e-08,3.1165e-09,3.7894e-08,3.7282e-08,-3.8338e-08,-3.7019e-09,-1.9241e-08,-3.8627e-08,-1.4162e-08
-0.04,0,-0.04,0.10472,0.15708,-5.7519e-09,-5.1048e-08,-5.1144e-08,-2.5541e-08,2.2123e-09,1.711e-08,4.4982e-08,-2.9468e-08,-6.228e-10,-1.9515e-08,-2.5103e-08,-1.6612e-08
0,0,-0.04,0.10472,0.15708,-1.046e-08,-4.8394e-08,-4.2593e-08,-2.4664e-08,2.5229e-09,2.4254e-08,4.0318e-08,-3.061e-08,-4.2639e-10,-2.0413e-08,-3.024e-08,-1.3392e-08
0.04,0,-0.04,0.10472,0.15708,-1.5372e-08,-4.5431e-08,-3.4636e-08,-2.3166e-08,2.6402e-09,3.2477e-08,3.4926e-08,-3.1752e-08,-4.22e-10,-2.1607e-08,-3.6798e-08,-1.0807e-08
-0.04,0.04,-0.04,0.10472,0.15708,-5.95e-09,-5.231e-08,-5.8234e-08,-3.2394e-08,1.2026e-09,1.3541e-08,4.0986e-08,-2.4934e-08,2.352e-09,-2.1792e-08,-2.3963e-08,-1.2242e-08
0,0.04,-0.04,0.10472,0.15708,-9.6529e-09,-4.992e-08,-4.7844e-08,-3.0932e-08,1.7974e-09,2.0024e-08,3.6651e-08,-2.558e-08,3.28e-09,-2.2518e-08,-2.8263e-08,-1.0278e-08
0.04,0.04,-0.04,0.10472,0.15708,-1.4289e-08,-4.61e-08,-3.8246e-08,-2.9343e-08,2.1624e-09,2.716e-08,3.2253e-08,-2.6453e-08,4.3385e-09,-2.3228e-08,-3.4327e-08,-8.3487e-09
0,-0.08,0,0.10472,0.15708,-9.5669e-09,-4.9597e-08,-3.0547e-08,-1.4002e-08,8.1981e-09,2.9108e-08,3.7435e-08,-3.9336e-08,-7.8362e-09,-1.3214e-08,-3.3383e-08,-1.8512e-08
-0.04,-0.04,0,0.10472,0.15708,-4.1139e-09,-5.7146e-08,-4.064e-08,-1.7892e-08,9.4026e-09,1.9601e-08,3.9666e-08,-3.1831e-08,-5.3085e-09,-1.3684e-08,-2.6955e-08,-1.7584e-08
0,-0.04,0,0.10472,0.15708,-9.8625e-09,-5.3888e-08,-3.4922e-08,-1.7164e-08,8.1132e-09,2.6149e-08,3.5699e-08,-3.2877e-08,-6.0275e-09,-1.4281e-08,-3.2236e-08,-1.3898e-08
0.04,-0.04,0,0.10472,0.15708,-1.6997e-08,-4.9757e-08,-2.9438e-08,-1.6319e-08,7.3189e-09,3.3555e-08,3.2347e-08,-3.4278e-08,-7.0218e-09,-1.4187e-08,-3.9723e-08,-1.0399e-08
-0.08,0,0,0.10472,0.15708,-8.135e-10,-6.3206e-08,-5.4259e-08,-2.306e-08,1.064e-08,1.1619e-08,4.0762e-08,-2.5564e-08,-2.7799e-09,-1.4369e-08,-2.1778e-08,-1.5274e-08
-0.04,0,0,0.10472,0.15708,-4.794e-09,-6.0599e-08,-4.6374e-08,-2.2451e-08,9.6621e-09,1.677e-08,3.7948e-08,-2.6843e-08,-3.0369e-09,-1.479e-08,-2.5878e-08,-1.2597e-08
0,0,0,0.10472,0.15708,-9.8847e-09,-5.7477e-08,-3.9427e-08,-2.1369e-08,8.1955e-09,2.2474e-08,3.4197e-08,-2.7509e-08,-3.1705e-09,-1.4984e-08,-3.0936e-08,-1.007e-08
0.04,0,0,0.10472,0.15708,-1.5696e-08,-5.2902e-08,-3.3178e-08,-2.0294e-08,7.2146e-09,2.925e-08,3.0883e-08,-2.8618e-08,-3.5352e-09,-1.4984e-08,-3.7955e-08,-7.3599e-09
0.08,0,0,0.10472,0.15708,-2.2797e-08,-4.8004e-08,-2.6706e-08,-1.9039e-08,6.263e-09,3.5797e-08,2.7437e-08,-2.938e-08,-4.0168e-09,-1.4021e-08,-4.6071e-08,-5.4856e-09
-0.04,0.04,0,0.10472,0.15708,-4.8473e-09,-6.2973e-08,-5.2092e-08,-2.8346e-08,8.7069e-09,1.3933e-08,3.5206e-08,-2.2872e-08,1.5137e-11,-1.6056e-08,-2.4666e-08,-8.6662e-09
0,0.04,0,0.10472,0.15708,-9.4367e-09,-5.9323e-08,-4.3638e-08,-2.7061e-08,7.6181e-09,1.9312e-08,3.1978e-08,-2.3687e-08,7.7227e-10,-1.5734e-08,-2.9324e-08,-7.0408e-09
0.04,0.04,0,0.10472,0.15708,-1.458e-08,-5.514e-08,-3.634e-08,-2.5491e-08,6.7683e-09,2.4831e-08,2.869e-08,-2.4263e-08,8.525e-10,-1.5385e-08,-3.5477e-08,-5.2927e-09
0,0.08,0,0.10472,0.15708,-8.4518e-09,-6.0142e-08,-4.7396e-08,-3.4708e-08,7.2977e-09,1.5308e-08,2.9508e-08,-2.0167e-08,5.1957e-09,-1.6284e-08,-2.7514e-08,-4.4733e-09
-0.04,-0.04,0.04,0.10472,0.15708,-1.9891e-09,-6.8171e-08,-3.7309e-08,-1.4232e-08,1.6162e-08,1.846e-08,3.2417e-08,-2.7062e-08,-8.1365e-09,-1.0226e-08,-2.6686e-08,-1.1155e-08
0,-0.04,0.04,0.10472,0.15708,-8.4184e-09,-6.3185e-08,-3.2551e-08,-1.3748e-08,1.3274e-08,2.3788e-08,3.0037e-08,-2.8223e-08,-9.2438e-09,-9.8178e-09,-3.2155e-08,-8.2252e-09
0.04,-0.04,0.04,0.10472,0.15708,-1.6694e-08,-5.8049e-08,-2.7698e-08,-1.3212e-08,1.1432e-08,2.9308e-08,2.7391e-08,-2.9182e-08,-1.1063e-08,-9.0897e-09,-3.8719e-08,-5.1031e-09
-0.04,0,0.04,0.10472,0.15708,-2.8456e-09,-7.3563e-08,-4.1898e-08,-1.8023e-08,1.6461e-08,1.6075e-08,3.1597e-08,-2.3629e-08,-6.1434e-09,-1.042e-08,-2.575e-08,-6.9295e-09
0,0,0.04,0.10472,0.15708,-8.948e-09,-6.7501e-08,-3.6244e-08,-1.7026e-08,1.3612e-08,2.0793e-08,2.8863e-08,-2.4259e-08,-6.6706e-09,-9.8717e-09,-3.0466e-08,-4.882e-09
0.04,0,0.04,0.10472,0.15708,-1.5479e-08,-6.2508e-08,-3.0501e-08,-1.6593e-08,1.1588e-08,2.5902e-08,2.6426e-08,-2.4943e-08,-7.8354e-09,-8.8763e-09,-3.6989e-08,-3.0795e-09
-0.04,0.04,0.04,0.10472,0.15708,-3.6739e-09,-7.6918e-08,-4.6727e-08,-2.298e-08,1.6259e-08,1.3873e-08,2.9929e-08,-2.022e-08,-2.8733e-09,-1.0677e-08,-2.4515e-08,-3.9711e-09
0,0.04,0.04,0.10472,0.15708,-8.2349e-09,-7.1676e-08,-3.9846e-08,-2.1773e-08,1.399e-08,1.7832e-08,2.7463e-08,-2.0924e-08,-2.9214e-09,-9.9073e-09,-2.9237e-08,-2.5339e-09
0.04,0.04,0.04,0.10472,0.15708,-1.3979e-08,-6.4953e-08,-3.2885e-08,-2.0364e-08,1.1313e-08,2.2648e-08,2.5163e-08,-2.1333e-08,-3.385e-09,-8.5032e-09,-3.4784e-08,-1.2776e-09
0,0,0.08,0.10472,0.15708,-6.392e-09,-8.1818e-08,-3.3068e-08,-1.2084e-08,1.8815e-08,1.8926e-08,2.4097e-08,-2.0465e-08,-1.1067e-08,-5.6314e-09,-2.9532e-08,8.2624e-10
0,0,-0.08,0.15708,0.15708,-1.0753e-08,-4.0549e-08,-4.654e-08,-2.4656e-08,-1.6874e-09,2.3601e-08,4.5305e-08,-3.2779e-08,3.9633e-10,-2.5235e-08,-2.7289e-08,-1.8133e-08
-0.04,-0.04,-0.04,0.15708,0.15708,-5.5739e-09,-4.74e-08,-4.5393e-08,-1.8491e-08,4.4765e-09,1.9133e-08,4.8622e-08,-3.6247e-08,-4.1126e-09,-1.6836e-08,-2.5733e-08,-2.3984e-08
0,-0.04,-0.04,0.15708,0.15708,-1.0742e-08,-4.5391e-08,-3.8553e-08,-1.7759e-08,4.4964e-09,2.7407e-08,4.3044e-08,-3.7858e-08,-4.5254e-09,-1.7817e-08,-3.1263e-08,-1.9794e-08
0.04,-0.04,-0.04,0.15708,0.15708,-1.6865e-08,-4.2033e-08,-3.2006e-08,-1.7002e-08,4.1504e-09,3.6125e-08,3.7738e-08,-3.9463e-08,-5.2362e-09,-1.8492e-08,-3.7655e-08,-1.5819e-08
-0.04,0,-0.04,0.15708,0.15708,-6.0653e-09,-4.9701e-08,-5.257e-08,-2.3256e-08,3.7398e-09,1.5665e-08,4.4513e-08,-3.0243e-08,-1.9854e-09,-1.8635e-08,-2.4751e-08,-1.8745e-08
0,0,-0.04,0.15708,0.15708,-1.0635e-08,-4.7549e-08,-4.3817e-08,-2.2126e-08,3.6933e-09,2.3072e-08,3.992e-08,-3.1565e-08,-2.0233e-09,-1.9306e-08,-2.9752e-08,-1.5567e-08
0.04,0,-0.04,0.15708,0.15708,-1.5795e-08,-4.4571e-08,-3.5855e-08,-2.1277e-08,3.795e-09,3.0714e-08,3.5226e-08,-3.2654e-08,-1.9661e-09,-1.9892e-08,-3.5573e-08,-1.2706e-08
-0.04,0.04,-0.04,0.15708,0.15708,-6.2057e-09,-5.2009e-08,-6.0034e-08,-2.9395e-08,2.3093e-09,1.2096e-08,4.063e-08,-2.5374e-08,1.0177e-09,-2.0533e-08,-2.3632e-08,-1.4324e-08
0,0.04,-0.04,0.15708,0.15708,-1.0104e-08,-4.9309e-08,-4.9141e-08,-2.8287e-08,2.7913e-09,1.8825e-08,3.619e-08,-2.6435e-08,1.2668e-09,-2.1188e-08,-2.8062e-08,-1.2065e-08
0.04,0.04,-0.04,0.15708,0.15708,-1.4718e-08,-4.6339e-08,-3.9517e-08,-2.6529e-08,3.0481e-09,2.5387e-08,3.2212e-08,-2.7209e-08,2.062e-09,-2.177e-08,-3.3684e-08,-9.8221e-09
0,-0.08,0,0.15708,0.15708,-1.0067e-08,-4.8597e-08,-3.1856e-08,-1.2025e-08,9.872e-09,2.788e-08,3.7689e-08,-4.1487e-08,-9.3206e-09,-1.2292e-08,-3.2852e-08,-2.0953e-08
-0.04,-0.04,0,0.15708,0.15708,-4.0632e-09,-5.6119e-08,-4.2419e-08,-1.5654e-08,1.1067e-08,1.8501e-08,4.0122e-08,-3.2983e-08,-6.6241e-09,-1.304e-08,-2.6498e-08,-2.0472e-08
0,-0.04,0,0.15708,0.15708,-1.011e-08,-5.3077e-08,-3.6035e-08,-1.4981e-08,9.7355e-09,2.5172e-08,3.6367e-08,-3.4084e-08,-7.5995e-09,-1.3044e-08,-3.2063e-08,-1.5927e-08
0.04,-0.04,0,0.15708,0.15708,-1.7117e-08,-4.8497e-08,-3.0143e-08,-1.4173e-08,8.295e-09,3.2267e-08,3.2567e-08,-3.573e-08,-8.6209e-09,-1.321e-08,-3.9198e-08,-1.1986e-08
-0.08,0,0,0.15708,0.15708,-8.5955e-10,-6.2013e-08,-5.488e-08,-2.0281e-08,1.2763e-08,1.0568e-08,4.1456e-08,-2.6324e-08,-4.0032e-09,-1.3509e-08,-2.1543e-08,-1.7839e-08
-0.04,0,0,0.15708,0.15708,-4.9617e-09,-5.9723e-08,-4.7826e-08,-1.942e-08,1.0697e-08,1.5752e-08,3.7916e-08,-2.764e-08,-4.4662e-09,-1.3975e-08,-2.5712e-08,-1.4953e-08
0,0,0,0.15708,0.15708,-1.0311e-08,-5.6506e-08,-4.0324e-08,-1.8939e-08,9.3037e-09,2.1838e-08,3.4122e-08,-2.9025e-08,-5.0005e-09,-1.4054e-08,-3.0469e-08,-1.1703e-08
0.04,0,0,0.15708,0.15708,-1.6475e-08,-5.2087e-08,-3.3596e-08,-1.777e-08,8.207e-09,2.7789e-08,3.0775e-08,-2.9518e-08,-5.4911e-09,-1.3788e-08,-3.6771e-08,-9.3533e-09
0.08,0,0,0.15708,0.15708,-2.3141e-08,-4.7209e-08,-2.7376e-08,-1.6548e-08,6.917e-09,3.4059e-08,2.7371e-08,-3.058e-08,-6.2576e-09,-1.2832e-08,-4.5365e-08,-6.93e-09
-0.04,0.04,0,0.15708,0.15708,-5.238e-09,-6.2572e-08,-5.3328e-08,-2.4612e-08,1.0294e-08,1.2784e-08,3.5434e-08,-2.3692e-08,-1.8047e-09,-1.4939e-08,-2.4214e-08,-1.0916e-08
0,0.04,0,0.15708,0.15708,-9.7887e-09,-5.9001e-08,-4.4696e-08,-2.4055e-08,8.778e-09,1.7891e-08,3.1917e-08,-2.4474e-08,-1.355e-09,-1.4805e-08,-2.8852e-08,-8.644e-09
0.04,0.04,0,0.15708,0.15708,-1.5075e-08,-5.4081e-08,-3.7347e-08,-2.2376e-08,7.8278e-09,2.3044e-08,2.8557e-08,-2.5192e-08,-1.1782e-09,-1.3542e-08,-3.4649e-08,-6.8083e-09
0,0.08,0,0.15708,0.15708,-9.1035e-09,-6.0068e-08,-4.8059e-08,-3.0981e-08,7.9652e-09,1.4025e-08,2.9337e-08,-2.0931e-08,3.1542e-09,-1.5254e-08,-2.7035e-08,-6.2661e-09
-0.04,-0.04,0.04,0.15708,0.15708,-2.0835e-09,-6.6335e-08,-3.8282e-08,-1.189e-08,1.7908e-08,1.7724e-08,3.2878e-08,-2.8733e-08,-9.6735e-09,-9.2842e-09,-2.6492e-08,-1.4151e-08
0,-0.04,0.04,0.15708,0.15708,-9.0899e-09,-6.2457e-08,-3.3385e-08,-1.1306e-08,1.4888e-08,2.2638e-08,3.0287e-08,-2.9925e-08,-1.0995e-08,-8.9414e-09,-3.1638e-08,-1.0309e-08
0.04,-0.04,0.04,0.15708,0.15708,-1.7381e-08,-5.6779e-08,-2.8603e-08,-1.0704e-08,1.2497e-08,2.8044e-08,2.7703e-08,-3.0895e-08,-1.2752e-08,-8.2701e-09,-3.8295e-08,-7.3206e-09
-0.04,0,0.04,0.15708,0.15708,-3.1274e-09,-7.1435e-08,-4.2909e-08,-1.4856e-08,1.7726e-08,1.5144e-08,3.1421e-08,-2.4554e-08,-7.6887e-09,-9.6322e-09,-2.5278e-08,-9.3231e-09
0,0,0.04,0.15708,0.15708,-9.2962e-09,-6.7744e-08,-3.7249e-08,-1.4201e-08,1.4901e-08,1.9891e-08,2.9187e-08,-2.5291e-08,-8.5901e-09,-8.6731e-09,-3.0086e-08,-6.9236e-09
0.04,0,0.04,0.15708,0.15708,-1.6245e-08,-6.107e-08,-3.1305e-08,-1.3572e-08,1.2316e-08,2.4733e-08,2.6435e-08,-2.6212e-08,-9.9268e-09,-7.9219e-09,-3.6616e-08,-4.9511e-09
-0.04,0.04,0.04,0.15708,0.15708,-3.7691e-09,-7.585e-08,-4.7114e-08,-1.9127e-08,1.7642e-08,1.2663e-08,2.9893e-08,-2.1338e-08,-5.2223e-09,-9.6308e-09,-2.4285e-08,-6.3165e-09
0,0.04,0.04,0.15708,0.15708,-8.7654e-09,-7.0856e-08,-4.0232e-08,-1.8e-08,1.4431e-08,1.6812e-08,2.7492e-08,-2.1956e-08,-5.5169e-09,-8.6285e-09,-2.8728e-08,-4.6915e-09
0.04,0.04,0.04,0.15708,0.15708,-1.4672e-08,-6.422e-08,-3.3729e-08,-1.7348e-08,1.2159e-08,2.1183e-08,2.5334e-08,-2.2459e-08,-5.6227e-09,-6.7497e-09,-3.4439e-08,-3.2195e-09
0,0,0.08,0.15708,0.15708,-7.1853e-09,-8.0144e-08,-3.3619e-08,-8.7792e-09,2.0187e-08,1.8128e-08,2.4476e-08,-2.1539e-08,-1.3538e-08,-4.4472e-09,-2.8822e-08,-1.4897e-09
