0,0,-0.08,0.05236,0.05236,-1.0105e-08,-4.1079e-08,-4.4465e-08,-2.9153e-08,-4.6105e-09,2.9781e-08,4.4981e-08,-3.3338e-08,2.616e-09,-2.689e-08,-2.8501e-08,-1.5035e-08
-0.04,-0.04,-0.04,0.05236,0.05236,-5.6817e-09,-4.7646e-08,-4.1357e-08,-2.2177e-08,1.3015e-09,2.2694e-08,5.0547e-08,-3.431e-08,-1.2576e-09,-1.8193e-08,-2.5708e-08,-1.8714e-08
0,-0.04,-0.04,0.05236,0.05236,-9.8037e-09,-4.5723e-08,-3.6054e-08,-2.2536e-08,1.5044e-09,2.9221e-08,4.1421e-08,-3.584e-08,-2.1322e-09,-1.9403e-08,-3.2177e-08,-1.6345e-08
0.04,-0.04,-0.04,0.05236,0.05236,-1.6444e-08,-4.3091e-08,-2.8315e-08,-2.1155e-08,1.2079e-09,4.048e-08,3.7854e-08,-3.7068e-08,-1.8183e-09,-2.1059e-08,-3.8939e-08,-1.379e-08
-0.04,0,-0.04,0.05236,0.05236,-5.134e-09,-5.0176e-08,-4.8521e-08,-2.7627e-08,8.2371e-10,1.8301e-08,4.4368e-08,-2.8275e-08,1.3468e-09,-1.9836e-08,-2.5356e-08,-1.5706e-08
0,0,-0.04,0.05236,0.05236,-9.8812e-09,-4.8142e-08,-4.0942e-08,-2.6593e-08,-2.7316e-10,2.8379e-08,3.9798e-08,-3.0427e-08,1.5731e-09,-2.0473e-08,-3.1429e-08,-1.2193e-08
0.04,0,-0.04,0.05236,0.05236,-1.5359e-08,-4.7333e-08,-3.3201e-08,-2.6223e-08,9.4167e-10,3.5586e-08,3.5212e-08,-2.9846e-08,1.243e-09,-2.3039e-08,-3.6362e-08,-8.998e-09
-0.04,0.04,-0.04,0.05236,0.05236,-5.4374e-09,-5.2894e-08,-5.6708e-08,-3.5222e-08,-1.445e-09,1.3744e-08,3.8817e-08,-2.4467e-08,3.7832e-09,-2.2238e-08,-2.4321e-08,-1.1699e-08
0,0.04,-0.04,0.05236,0.05236,-8.9791e-09,-4.9229e-08,-4.2791e-08,-3.5355e-08,3.552e-10,2.0631e-08,3.5987e-08,-2.4895e-08,4.3414e-09,-2.4707e-08,-2.9629e-08,-9.479e-09
0.04,0.04,-0.04,0.05236,0.05236,-1.3704e-08,-4.6639e-08,-3.6884e-08,-3.154e-08,6.1661e-10,2.9513e-08,3.2298e-08,-2.5915e-08,5.9209e-09,-2.4419e-08,-3.4064e-08,-6.4786e-09
0,-0.08,0,0.05236,0.05236,-8.7462e-09,-5.1023e-08,-2.9394e-08,-1.5758e-08,6.7267e-09,3.0391e-08,3.7282e-08,-3.9619e-08,-6.2663e-09,-1.3828e-08,-3.3033e-08,-1.5954e-08
-0.04,-0.04,0,0.05236,0.05236,-4.1571e-09,-5.6386e-08,-3.7175e-08,-1.9962e-08,6.5035e-09,2.0768e-08,3.9002e-08,-3.0371e-08,-4.0144e-09,-1.4987e-08,-2.7244e-08,-1.5143e-08
0,-0.04,0,0.05236,0.05236,-9.257e-09,-5.5669e-08,-3.4635e-08,-1.9088e-08,7.6358e-09,2.7475e-08,3.4812e-08,-3.1678e-08,-4.5221e-09,-1.4675e-08,-3.3717e-08,-1.1596e-08
0.04,-0.04,0,0.05236,0.05236,-1.6607e-08,-4.9727e-08,-2.7848e-08,-1.7995e-08,5.3773e-09,3.5296e-08,3.1331e-08,-3.3501e-08,-5.4592e-09,-1.537e-08,-4.0853e-08,-8.8943e-09
-0.08,0,0,0.05236,0.05236,-7.8176e-10,-6.451e-08,-5.1497e-08,-2.4885e-08,8.1826e-09,1.1737e-08,4.0384e-08,-2.559e-08,-1.1782e-09,-1.4477e-08,-2.1591e-08,-1.3894e-08
-0.04,0,0,0.05236,0.05236,-4.1893e-09,-6.0048e-08,-4.5866e-08,-2.5353e-08,7.2793e-09,1.7759e-08,3.8526e-08,-2.5791e-08,-1.9523e-09,-1.5549e-08,-2.6275e-08,-1.0356e-08
0,0,0,0.05236,0.05236,-9.5861e-09,-5.8807e-08,-3.6796e-08,-2.4701e-08,6.8214e-09,2.3265e-08,3.4528e-08,-2.6999e-08,-1.052e-09,-1.6439e-08,-3.0033e-08,-8.1372e-09
0.04,0,0,0.05236,0.05236,-1.6341e-08,-5.1976e-08,-3.2358e-08,-2.3007e-08,5.7228e-09,3.1791e-08,3.1344e-08,-2.7622e-08,-2.4294e-09,-1.637e-08,-3.8971e-08,-6.2199e-09
0.08,0,0,0.05236,0.05236,-2.3574e-08,-4.7983e-08,-2.4874e-08,-2.0755e-08,5.4682e-09,3.7988e-08,2.7623e-08,-2.9325e-08,-2.0991e-09,-1.5752e-08,-4.6496e-08,-4.262e-09
-0.04,0.04,0,0.05236,0.05236,-3.7049e-09,-6.4304e-08,-5.1549e-08,-3.148e-08,7.4536e-09,1.5061e-08,3.6277e-08,-2.179e-08,1.7584e-09,-1.5998e-08,-2.4911e-08,-5.6862e-09
0,0.04,0,0.05236,0.05236,-7.896e-09,-6.0783e-08,-4.1326e-08,-2.9671e-08,6.8028e-09,2.198e-08,3.2015e-08,-2.3449e-08,2.3302e-09,-1.7616e-08,-2.9854e-08,-5.1356e-09
0.04,0.04,0,0.05236,0.05236,-1.2663e-08,-5.4685e-08,-3.4066e-08,-2.7389e-08,5.6346e-09,2.5822e-08,2.8264e-08,-2.3258e-08,2.829e-09,-1.6174e-08,-3.6311e-08,-3.9391e-09
0,0.08,0,0.05236,0.05236,-7.9947e-09,-5.9797e-08,-4.7167e-08,-3.6978e-08,6.2414e-09,1.6156e-08,2.9573e-08,-1.9337e-08,7.1872e-09,-1.6701e-08,-2.7299e-08,-2.3476e-09
-0.04,-0.04,0.04,0.05236,0.05236,-1.8308e-09,-6.8333e-08,-3.5941e-08,-1.7126e-08,1.3383e-08,1.9322e-08,3.2171e-08,-2.5288e-08,-6.3777e-09,-1.1219e-08,-2.6359e-08,-7.7865e-09
0,-0.04,0.04,0.05236,0.05236,-7.8144e-09,-6.4876e-08,-3.2504e-08,-1.5804e-08,1.2518e-08,2.4718e-08,2.9388e-08,-2.6448e-08,-8.0606e-09,-1.0626e-08,-3.2964e-08,-4.8276e-09
0.04,-0.04,0.04,0.05236,0.05236,-1.588e-08,-5.9148e-08,-2.6015e-08,-1.6262e-08,9.7022e-09,3.0512e-08,2.6641e-08,-2.7606e-08,-1.0543e-08,-1.0192e-08,-3.8953e-08,-3.346e-09
-0.04,0,0.04,0.05236,0.05236,-1.9824e-09,-7.5711e-08,-4.0897e-08,-2.0685e-08,1.4838e-08,1.6694e-08,3.1126e-08,-2.2297e-08,-3.6954e-09,-1.0848e-08,-2.5026e-08,-4.4458e-09
0,0,0.04,0.05236,0.05236,-9.0197e-09,-6.9026e-08,-3.6509e-08,-2.1329e-08,1.2775e-08,2.2835e-08,2.811e-08,-2.3159e-08,-5.7646e-09,-1.056e-08,-3.1027e-08,-2.6727e-09
0.04,0,0.04,0.05236,0.05236,-1.3892e-08,-6.3633e-08,-3.007e-08,-1.9614e-08,1.0237e-08,2.8314e-08,2.5495e-08,-2.3986e-08,-5.8127e-09,-1.0334e-08,-3.868e-08,-2.6328e-09
-0.04,0.04,0.04,0.05236,0.05236,-2.9799e-09,-7.5766e-08,-4.4932e-08,-2.7417e-08,1.4696e-08,1.5225e-08,2.9022e-08,-1.8397e-08,-8.6836e-10,-1.1731e-08,-2.4667e-08,-2.1661e-09
0,0.04,0.04,0.05236,0.05236,-6.7756e-09,-7.0086e-08,-3.8123e-08,-2.458e-08,1.199e-08,1.8823e-08,2.639e-08,-2.0113e-08,-1.7196e-09,-1.0231e-08,-2.9339e-08,1.7579e-10
0.04,0.04,0.04,0.05236,0.05236,-1.2636e-08,-6.5895e-08,-3.3354e-08,-2.3161e-08,1.0287e-08,2.396e-08,2.4982e-08,-1.9628e-08,-1.9836e-09,-9.4147e-09,-3.6619e-08,-1.7963e-10
0,0,0.08,0.05236,0.05236,-6.3453e-09,-8.6458e-08,-3.2352e-08,-1.529e-08,1.7654e-08,2.0572e-08,2.3229e-08,-1.8899e-08,-1.0542e-08,-5.9221e-09,-2.8749e-08,3.1532e-09
0,0,-0.08,0.10472,0.05236,-9.6374e-09,-3.9405e-08,-4.4781e-08,-2.649e-08,-3.2829e-09,2.8198e-08,4.6326e-08,-3.1925e-08,1.9893e-09,-2.6371e-08,-2.8746e-08,-1.6529e-08
-0.04,-0.04,-0.04,0.10472,0.05236,-5.0282e-09,-4.883e-08,-4.4205e-08,-2.0508e-08,2.4072e-09,2.1488e-08,4.8471e-08,-3.4835e-08,-2.9814e-09,-1.7908e-08,-2.6677e-08,-2.3385e-08
0,-0.04,-0.04,0.10472,0.05236,-1.0041e-08,-4.5844e-08,-3.5365e-08,-1.9703e-08,2.6461e-09,2.9877e-08,4.3233e-08,-3.7932e-08,-2.7794e-09,-1.8488e-08,-3.1984e-08,-1.9529e-08
0.04,-0.04,-0.04,0.10472,0.05236,-1.7228e-08,-4.3176e-08,-3.0017e-08,-1.9217e-08,2.6253e-09,3.7041e-08,3.8332e-08,-3.9117e-08,-3.0997e-09,-1.9459e-08,-3.9198e-08,-1.44e-08
-0.04,0,-0.04,0.10472,0.05236,-5.4037e-09,-5.1011e-08,-5.0324e-08,-2.5219e-08,1.073e-09,1.8495e-08,4.5707e-08,-3.0264e-08,-7.2252e-10,-1.8654e-08,-2.5917e-08,-1.6614e-08
0,0,-0.04,0.10472,0.05236,-1.0022e-08,-4.8623e-08,-4.1944e-08,-2.4069e-08,2.5102e-09,2.4497e-08,4.0166e-08,-3.0697e-08,-1.2771e-10,-1.9507e-08,-3.0601e-08,-1.514e-08
0.04,0,-0.04,0.10472,0.05236,-1.5034e-08,-4.5175e-08,-3.4866e-08,-2.3012e-08,2.0513e-09,3.3808e-08,3.3568e-08,-3.1332e-08,1.1724e-09,-2.2583e-08,-3.5759e-08,-1.1697e-08
-0.04,0.04,-0.04,0.10472,0.05236,-5.0025e-09,-5.2761e-08,-5.7064e-08,-3.1547e-08,-1.3904e-10,1.4269e-08,4.0762e-08,-2.516e-08,1.8362e-09,-1.9855e-08,-2.399e-08,-1.231e-08
0,0.04,-0.04,0.10472,0.05236,-9.8712e-09,-4.9545e-08,-4.546e-08,-3.1154e-08,6.0295e-10,2.0856e-08,3.5423e-08,-2.5409e-08,3.4918e-09,-2.2129e-08,-2.8948e-08,-9.8412e-09
0.04,0.04,-0.04,0.10472,0.05236,-1.4472e-08,-4.6118e-08,-3.7466e-08,-2.9588e-08,5.0103e-10,2.9756e-08,3.1627e-08,-2.687e-08,4.083e-09,-2.257e-08,-3.5406e-08,-9.1343e-09
0,-0.08,0,0.10472,0.05236,-8.6331e-09,-4.8717e-08,-2.9448e-08,-1.4067e-08,7.9081e-09,2.8453e-08,3.9429e-08,-4.1385e-08,-7.6511e-09,-1.2836e-08,-3.4037e-08,-1.8773e-08
-0.04,-0.04,0,0.10472,0.05236,-3.9821e-09,-5.4581e-08,-4.0558e-08,-1.7817e-08,9.2508e-09,1.9662e-08,3.9151e-08,-3.2709e-08,-5.433e-09,-1.3203e-08,-2.7155e-08,-1.6439e-08
0,-0.04,0,0.10472,0.05236,-9.3729e-09,-5.5009e-08,-3.4832e-08,-1.6621e-08,8.0642e-09,2.7099e-08,3.5031e-08,-3.279e-08,-5.8942e-09,-1.4004e-08,-3.2769e-08,-1.4313e-08
0.04,-0.04,0,0.10472,0.05236,-1.5813e-08,-5.0238e-08,-2.8749e-08,-1.6915e-08,7.2976e-09,3.4514e-08,3.2112e-08,-3.2652e-08,-6.8393e-09,-1.4301e-08,-3.9499e-08,-1.0538e-08
-0.08,0,0,0.10472,0.05236,1.7752e-10,-6.2397e-08,-5.5341e-08,-2.2611e-08,1.049e-08,1.2591e-08,4.1127e-08,-2.5905e-08,-3.1128e-09,-1.3802e-08,-2.1762e-08,-1.475e-08
-0.04,0,0,0.10472,0.05236,-4.6763e-09,-5.941e-08,-4.736e-08,-2.2152e-08,9.8247e-09,1.617e-08,3.861e-08,-2.6288e-08,-3.371e-09,-1.4994e-08,-2.5372e-08,-1.2597e-08
0,0,0,0.10472,0.05236,-9.2394e-09,-5.8194e-08,-3.8687e-08,-2.0235e-08,6.9744e-09,2.2647e-08,3.3503e-08,-2.8226e-08,-2.8246e-09,-1.4932e-08,-3.051e-08,-1.0622e-08
0.04,0,0,0.10472,0.05236,-1.5882e-08,-5.1995e-08,-3.2479e-08,-2.0822e-08,6.4042e-09,2.9473e-08,3.1148e-08,-2.8725e-08,-3.476e-09,-1.5027e-08,-3.7866e-08,-7.5963e-09
0.08,0,0,0.10472,0.05236,-2.2458e-08,-4.8035e-08,-2.6438e-08,-1.9285e-08,5.298e-09,3.5593e-08,2.7513e-08,-2.9476e-08,-3.6746e-09,-1.4275e-08,-4.473e-08,-6.3036e-09
-0.04,0.04,0,0.10472,0.05236,-4.1624e-09,-6.2711e-08,-5.2028e-08,-2.7329e-08,8.6757e-09,1.3409e-08,3.5587e-08,-2.2527e-08,-3.2687e-10,-1.6213e-08,-2.4497e-08,-9.6389e-09
0,0.04,0,0.10472,0.05236,-8.5656e-09,-5.9041e-08,-4.4528e-08,-2.7336e-08,6.8124e-09,1.9778e-08,3.1601e-08,-2.4044e-08,1.2711e-10,-1.6309e-08,-2.942e-08,-7.5579e-09
0.04,0.04,0,0.10472,0.05236,-1.4905e-08,-5.397e-08,-3.7329e-08,-2.7156e-08,7.0582e-09,2.4831e-08,2.8186e-08,-2.4045e-08,1.6159e-09,-1.5188e-08,-3.4574e-08,-6.5571e-09
0,0.08,0,0.10472,0.05236,-7.9842e-09,-6.2397e-08,-4.7374e-08,-3.4171e-08,5.7186e-09,1.577e-08,2.8554e-08,-2.0038e-08,4.2794e-09,-1.4829e-08,-2.7433e-08,-4.9069e-09
-0.04,-0.04,0.04,0.10472,0.05236,-2.0958e-09,-6.6986e-08,-3.7441e-08,-1.4185e-08,1.5293e-08,1.8258e-08,3.2204e-08,-2.7021e-08,-8.2918e-09,-1.0195e-08,-2.6078e-08,-1.1394e-08
0,-0.04,0.04,0.10472,0.05236,-8.5087e-09,-6.3266e-08,-3.2068e-08,-1.377e-08,1.3517e-08,2.4254e-08,2.9009e-08,-2.893e-08,-9.139e-09,-9.2503e-09,-3.1577e-08,-8.3494e-09
0.04,-0.04,0.04,0.10472,0.05236,-1.6388e-08,-5.8847e-08,-2.6242e-08,-1.3209e-08,1.0867e-08,2.9677e-08,2.6608e-08,-2.8327e-08,-1.0893e-08,-8.8211e-09,-3.9995e-08,-6.9541e-09
-0.04,0,0.04,0.10472,0.05236,-3.4178e-09,-7.5322e-08,-4.1762e-08,-1.7249e-08,1.5616e-08,1.6074e-08,3.1612e-08,-2.2696e-08,-5.8004e-09,-1.0076e-08,-2.5625e-08,-7.2784e-09
0,0,0.04,0.10472,0.05236,-8.4691e-09,-6.9247e-08,-3.6324e-08,-1.688e-08,1.3827e-08,2.0747e-08,2.8915e-08,-2.38e-08,-8.2179e-09,-9.8805e-09,-3.122e-08,-4.9945e-09
0.04,0,0.04,0.10472,0.05236,-1.4738e-08,-6.1689e-08,-3.0376e-08,-1.7154e-08,1.0836e-08,2.7327e-08,2.601e-08,-2.4918e-08,-8.071e-09,-8.6881e-09,-3.7173e-08,-3.728e-09
-0.04,0.04,0.04,0.10472,0.05236,-3.0354e-09,-7.6364e-08,-4.8042e-08,-2.3833e-08,1.6785e-08,1.3082e-08,2.9531e-08,-2.0025e-08,-3.968e-09,-1.0751e-08,-2.4974e-08,-3.8907e-09
0,0.04,0.04,0.10472,0.05236,-6.6896e-09,-7.0921e-08,-3.9082e-08,-2.1228e-08,1.2484e-08,1.7812e-08,2.8325e-08,-2.1725e-08,-2.7822e-09,-9.1765e-09,-2.9137e-08,-3.1866e-09
0.04,0.04,0.04,0.10472,0.05236,-1.3736e-08,-6.767e-08,-3.2642e-08,-2.1096e-08,1.0545e-08,2.2335e-08,2.4827e-08,-2.1367e-08,-3.1685e-09,-8.6045e-09,-3.3441e-08,-2.0512e-09
0,0,0.08,0.10472,0.05236,-6.6955e-09,-8.4185e-08,-3.2009e-08,-1.1819e-08,1.749e-08,1.9272e-08,2.3881e-08,-2.0372e-08,-1.1253e-08,-5.6583e-09,-2.9297e-08,3.704e-10
0,0,-0.08,0.15708,0.05236,-9.8802e-09,-3.961e-08,-4.5207e-08,-2.4212e-08,-2.9768e-09,2.4129e-08,4.5303e-08,-3.3656e-08,-8.3726e-11,-2.5525e-08,-2.843e-08,-1.9433e-08
-0.04,-0.04,-0.04,0.15708,0.05236,-5.0243e-09,-4.8312e-08,-4.5034e-08,-1.7944e-08,3.2699e-09,2.0647e-08,4.825e-08,-3.597e-08,-4.7212e-09,-1.5834e-08,-2.5855e-08,-2.5426e-08
0,-0.04,-0.04,0.15708,0.05236,-1.0367e-08,-4.6032e-08,-3.8422e-08,-1.7315e-08,3.565e-09,2.656e-08,4.4205e-08,-3.6895e-08,-5.1802e-09,-1.6751e-08,-3.0197e-08,-2.1062e-08
0.04,-0.04,-0.04,0.15708,0.05236,-1.5092e-08,-4.2368e-08,-2.9895e-08,-1.7754e-08,3.7396e-09,3.6446e-08,3.7329e-08,-3.9709e-08,-5.0147e-09,-1.8657e-08,-3.8245e-08,-1.6797e-08
-0.04,0,-0.04,0.15708,0.05236,-5.904e-09,-4.9177e-08,-5.1326e-08,-2.2476e-08,2.5103e-09,1.6425e-08,4.5128e-08,-2.9988e-08,-2.1229e-09,-1.7595e-08,-2.4638e-08,-1.9693e-08
0,0,-0.04,0.15708,0.05236,-9.851e-09,-4.6865e-08,-4.4376e-08,-2.2499e-08,2.697e-09,2.3782e-08,3.9174e-08,-3.2167e-08,-2.783e-09,-1.8591e-08,-2.9633e-08,-1.6309e-08
0.04,0,-0.04,0.15708,0.05236,-1.5989e-08,-4.4575e-08,-3.5281e-08,-2.1752e-08,3.1409e-09,3.057e-08,3.5454e-08,-3.2789e-08,-2.9943e-09,-1.8215e-08,-3.5504e-08,-1.3485e-08
-0.04,0.04,-0.04,0.15708,0.05236,-6.3152e-09,-5.175e-08,-5.6364e-08,-3.0829e-08,9.4641e-10,1.1946e-08,4.2131e-08,-2.5692e-08,5.0374e-10,-2.0416e-08,-2.3903e-08,-1.5365e-08
0,0.04,-0.04,0.15708,0.05236,-1.007e-08,-4.9385e-08,-4.6897e-08,-2.813e-08,2.069e-09,1.7492e-08,3.7268e-08,-2.648e-08,5.638e-10,-2.1416e-08,-2.8426e-08,-1.2734e-08
0.04,0.04,-0.04,0.15708,0.05236,-1.4072e-08,-4.5906e-08,-3.9035e-08,-2.7376e-08,3.1639e-09,2.4267e-08,3.1839e-08,-2.6868e-08,2.5272e-09,-2.0897e-08,-3.4508e-08,-1.0554e-08
0,-0.08,0,0.15708,0.05236,-8.7242e-09,-4.8756e-08,-3.1956e-08,-1.1316e-08,9.2138e-09,2.8699e-08,3.659e-08,-4.0868e-08,-8.9664e-09,-1.2871e-08,-3.3813e-08,-2.2721e-08
-0.04,-0.04,0,0.15708,0.05236,-4.5152e-09,-5.6961e-08,-4.0214e-08,-1.5509e-08,8.5838e-09,1.8664e-08,3.9642e-08,-3.3309e-08,-6.196e-09,-1.3209e-08,-2.6558e-08,-2.096e-08
0,-0.04,0,0.15708,0.05236,-1.0726e-08,-5.3294e-08,-3.6133e-08,-1.4752e-08,8.1501e-09,2.4696e-08,3.7423e-08,-3.3935e-08,-7.735e-09,-1.2594e-08,-3.1895e-08,-1.5371e-08
0.04,-0.04,0,0.15708,0.05236,-1.6662e-08,-5.0254e-08,-3.0559e-08,-1.4448e-08,8.1827e-09,3.1366e-08,3.3853e-08,-3.6717e-08,-9.0223e-09,-1.2386e-08,-3.8293e-08,-1.1375e-08
-0.08,0,0,0.15708,0.05236,-2.7435e-10,-6.2667e-08,-5.4971e-08,-2.0193e-08,1.1062e-08,1.1174e-08,4.1961e-08,-2.6771e-08,-4.3502e-09,-1.2956e-08,-2.1601e-08,-1.77e-08
-0.04,0,0,0.15708,0.05236,-5.2727e-09,-6.0377e-08,-4.6587e-08,-1.8431e-08,1.0671e-08,1.7543e-08,3.7649e-08,-2.7869e-08,-4.9933e-09,-1.3726e-08,-2.563e-08,-1.4526e-08
0,0,0,0.15708,0.05236,-9.9786e-09,-5.7582e-08,-3.9566e-08,-1.8326e-08,8.8771e-09,2.1944e-08,3.5053e-08,-2.9476e-08,-4.6612e-09,-1.3757e-08,-3.032e-08,-1.2207e-08
0.04,0,0,0.15708,0.05236,-1.5788e-08,-5.2625e-08,-3.4045e-08,-1.7299e-08,7.8658e-09,2.8913e-08,3.1044e-08,-2.895e-08,-6.1233e-09,-1.3156e-08,-3.7638e-08,-9.5153e-09
0.08,0,0,0.15708,0.05236,-2.2092e-08,-4.7746e-08,-2.7549e-08,-1.7608e-08,6.7396e-09,3.3427e-08,2.7378e-08,-2.9603e-08,-6.5853e-09,-1.1917e-08,-4.4217e-08,-6.6039e-09
-0.04,0.04,0,0.15708,0.05236,-4.5321e-09,-6.1623e-08,-5.2546e-08,-2.433e-08,8.8228e-09,1.2705e-08,3.5096e-08,-2.3607e-08,-1.6834e-09,-1.4069e-08,-2.4623e-08,-1.0144e-08
0,0.04,0,0.15708,0.05236,-8.3371e-09,-5.9586e-08,-4.4512e-08,-2.5412e-08,7.0476e-09,1.7223e-08,3.2145e-08,-2.3577e-08,-8.7805e-10,-1.3816e-08,-2.9298e-08,-8.8244e-09
0.04,0.04,0,0.15708,0.05236,-1.3886e-08,-5.458e-08,-3.5372e-08,-2.2458e-08,7.6251e-09,2.3356e-08,2.7975e-08,-2.4726e-08,-2.5527e-10,-1.3575e-08,-3.4011e-08,-7.9011e-09
0,0.08,0,0.15708,0.05236,-8.4136e-09,-5.8772e-08,-4.7034e-08,-2.9927e-08,7.3168e-09,1.4648e-08,2.9185e-08,-2.1261e-08,2.767e-09,-1.4743e-08,-2.635e-08,-6.4335e-09
-0.04,-0.04,0.04,0.15708,0.05236,-1.4608e-09,-6.9351e-08,-3.845e-08,-1.1927e-08,1.7708e-08,1.7405e-08,3.1979e-08,-2.904e-08,-9.4347e-09,-9.3218e-09,-2.7153e-08,-1.4803e-08
0,-0.04,0.04,0.15708,0.05236,-7.7389e-09,-6.2118e-08,-3.3184e-08,-1.1034e-08,1.3631e-08,2.3428e-08,3.0267e-08,-2.959e-08,-1.1131e-08,-7.8929e-09,-3.2327e-08,-9.7148e-09
0.04,-0.04,0.04,0.15708,0.05236,-1.8555e-08,-5.8885e-08,-2.8582e-08,-1.1288e-08,1.1835e-08,2.8584e-08,2.7687e-08,-3.0048e-08,-1.243e-08,-7.5844e-09,-3.8217e-08,-7.4562e-09
-0.04,0,0.04,0.15708,0.05236,-3.0233e-09,-7.2704e-08,-4.3032e-08,-1.5853e-08,1.7733e-08,1.595e-08,3.0638e-08,-2.3639e-08,-7.6321e-09,-8.0683e-09,-2.5403e-08,-9.7748e-09
0,0,0.04,0.15708,0.05236,-8.1534e-09,-6.7986e-08,-3.5951e-08,-1.4606e-08,1.3848e-08,2.1117e-08,2.905e-08,-2.5823e-08,-9.4341e-09,-8.1463e-09,-3.0257e-08,-7.2909e-09
0.04,0,0.04,0.15708,0.05236,-1.5359e-08,-6.1152e-08,-3.1508e-08,-1.3751e-08,1.1497e-08,2.5722e-08,2.7308e-08,-2.6273e-08,-1.0397e-08,-7.5546e-09,-3.625e-08,-5.1969e-09
-0.04,0.04,0.04,0.15708,0.05236,-2.2976e-09,-7.6795e-08,-4.7533e-08,-1.9212e-08,1.5693e-08,1.2911e-08,2.9913e-08,-2.0757e-08,-5.6678e-09,-8.7635e-09,-2.3941e-08,-7.2039e-09
0,0.04,0.04,0.15708,0.05236,-8.2022e-09,-6.9844e-08,-4.1139e-08,-1.8961e-08,1.2829e-08,1.6353e-08,2.7028e-08,-2.1546e-08,-5.8845e-09,-8.408e-09,-2.9033e-08,-4.9374e-09
0.04,0.04,0.04,0.15708,0.05236,-1.4231e-08,-6.4623e-08,-3.3422e-08,-1.7064e-08,1.1662e-08,2.1425e-08,2.5354e-08,-2.2638e-08,-6.7333e-09,-6.9859e-09,-3.4671e-08,-3.0092e-09
0,0,0.08,0.15708,0.05236,-7.0889e-09,-7.9425e-08,-3.3676e-08,-9.8958e-09,1.9713e-08,1.8089e-08,2.4317e-08,-2.1881e-08,-1.2645e-08,-4.1999e-09,-2.9515e-08,-1.5792e-09
0,0,-0.08,0.05236,0.10472,-1.0733e-08,-4.1045e-08,-4.325e-08,-2.9496e-08,-4.2221e-09,2.822e-08,4.5294e-08,-3.1978e-08,3.1464e-09,-2.7893e-08,-2.7699e-08,-1.4785e-08
-0.04,-0.04,-0.04,0.05236,0.10472,-5.0531e-09,-4.9171e-08,-4.2565e-08,-2.2528e-08,1.4197e-09,2.1516e-08,4.7731e-08,-3.6137e-08,-1.6837e-09,-1.8863e-08,-2.748e-08,-1.9265e-08
0,-0.04,-0.04,0.05236,0.10472,-9.7874e-09,-4.688e-08,-3.5061e-08,-2.167e-08,1.3074e-09,2.9784e-08,4.415e-08,-3.6207e-08,-1.8229e-09,-1.9316e-08,-3.1599e-08,-1.6841e-08
0.04,-0.04,-0.04,0.05236,0.10472,-1.6541e-08,-4.293e-08,-2.7851e-08,-2.0666e-08,1.7541e-09,4.011e-08,3.7407e-08,-3.6455e-08,-2.3389e-09,-2.0576e-08,-4.0171e-08,-1.216e-08
-0.04,0,-0.04,0.05236,0.10472,-5.9719e-09,-5.1094e-08,-4.8656e-08,-2.742e-08,1.8683e-09,1.9351e-08,4.4338e-08,-2.7933e-08,1.4979e-09,-2.0498e-08,-2.5549e-08,-1.478e-08
0,0,-0.04,0.05236,0.10472,-9.7857e-09,-4.8275e-08,-4.1016e-08,-2.6512e-08,2.9419e-10,2.6995e-08,3.9455e-08,-2.9327e-08,7.2854e-10,-2.0922e-08,-2.9794e-08,-1.1713e-08
0.04,0,-0.04,0.05236,0.10472,-1.4348e-08,-4.5493e-08,-3.4114e-08,-2.5975e-08,2.1742e-09,3.2842e-08,3.4885e-08,-3.1173e-08,1.5385e-09,-2.2042e-08,-3.8017e-08,-9.417e-09
-0.04,0.04,-0.04,0.05236,0.10472,-4.99e-09,-5.2759e-08,-5.4845e-08,-3.3803e-08,-2.8704e-10,1.5486e-08,4.0348e-08,-2.4523e-08,3.982e-09,-2.2798e-08,-2.4633e-08,-9.9708e-09
0,0.04,-0.04,0.05236,0.10472,-8.8522e-09,-4.9657e-08,-4.5856e-08,-3.2163e-08,7.9561e-10,2.1939e-08,3.6303e-08,-2.4906e-08,4.7847e-09,-2.3306e-08,-2.9862e-08,-9.058e-09
0.04,0.04,-0.04,0.05236,0.10472,-1.3967e-08,-4.8215e-08,-3.6981e-08,-3.0169e-08,9.9402e-10,2.8284e-08,3.3969e-08,-2.634e-08,5.7912e-09,-2.4876e-08,-3.5555e-08,-6.4319e-09
0,-0.08,0,0.05236,0.10472,-8.3815e-09,-5.2503e-08,-2.8332e-08,-1.5627e-08,6.8691e-09,2.9755e-08,3.6468e-08,-3.8592e-08,-6.2808e-09,-1.4017e-08,-3.4784e-08,-1.578e-08
-0.04,-0.04,0,0.05236,0.10472,-3.5824e-09,-5.9663e-08,-3.9815e-08,-1.9598e-08,8.4205e-09,2.1703e-08,3.7365e-08,-3.0152e-08,-3.944e-09,-1.3904e-08,-2.7318e-08,-1.5494e-08
0,-0.04,0,0.05236,0.10472,-1.0057e-08,-5.6615e-08,-3.3334e-08,-1.9217e-08,6.4474e-09,2.724e-08,3.6422e-08,-3.3568e-08,-4.2402e-09,-1.529e-08,-3.3466e-08,-1.2342e-08
0.04,-0.04,0,0.05236,0.10472,-1.5654e-08,-5.0762e-08,-2.7864e-08,-1.7775e-08,5.9015e-09,3.5719e-08,3.1537e-08,-3.1642e-08,-4.8105e-09,-1.532e-08,-4.0189e-08,-7.922e-09
-0.08,0,0,0.05236,0.10472,-8.7704e-10,-6.257e-08,-5.2508e-08,-2.5869e-08,8.4127e-09,1.2503e-08,4.1002e-08,-2.4397e-08,-1.0164e-09,-1.478e-08,-2.2444e-08,-1.2355e-08
-0.04,0,0,0.05236,0.10472,-4.1849e-09,-5.9574e-08,-4.5707e-08,-2.5265e-08,7.1189e-09,1.8211e-08,3.7979e-08,-2.6222e-08,-1.9132e-09,-1.5682e-08,-2.645e-08,-1.0629e-08
0,0,0,0.05236,0.10472,-9.3437e-09,-5.8976e-08,-3.8369e-08,-2.4238e-08,6.5412e-09,2.4187e-08,3.3036e-08,-2.7314e-08,-2.4734e-09,-1.5312e-08,-3.02e-08,-8.0523e-09
0.04,0,0,0.05236,0.10472,-1.5136e-08,-5.2887e-08,-3.2131e-08,-2.2826e-08,5.9754e-09,3.1548e-08,3.0389e-08,-2.8124e-08,-1.3919e-09,-1.4582e-08,-3.803e-08,-6.6854e-09
0.08,0,0,0.05236,0.10472,-2.1255e-08,-4.9865e-08,-2.567e-08,-2.0648e-08,5.5092e-09,3.6181e-08,2.7769e-08,-2.8145e-08,-2.1588e-09,-1.4757e-08,-4.7718e-08,-4.164e-09
-0.04,0.04,0,0.05236,0.10472,-4.626e-09,-6.187e-08,-5.0227e-08,-3.2592e-08,5.0495e-09,1.6046e-08,3.4682e-08,-2.2193e-08,1.4627e-09,-1.6086e-08,-2.4526e-08,-7.0041e-09
0,0.04,0,0.05236,0.10472,-8.376e-09,-5.9931e-08,-4.2028e-08,-3.0576e-08,6.0251e-09,1.9754e-08,3.2294e-08,-2.2986e-08,2.4303e-09,-1.6532e-08,-2.9123e-08,-4.22e-09
0.04,0.04,0,0.05236,0.10472,-1.3341e-08,-5.5497e-08,-3.5464e-08,-2.8425e-08,5.3437e-09,2.5479e-08,2.8409e-08,-2.2761e-08,3.0309e-09,-1.5761e-08,-3.5877e-08,-3.2439e-09
0,0.08,0,0.05236,0.10472,-8.1318e-09,-6.1022e-08,-4.6088e-08,-3.9178e-08,5.7583e-09,1.6029e-08,2.9745e-08,-1.9238e-08,7.5176e-09,-1.9578e-08,-2.8483e-08,-4.0003e-09
-0.04,-0.04,0.04,0.05236,0.10472,-8.0483e-10,-6.8414e-08,-3.7162e-08,-1.6651e-08,1.4254e-08,1.9301e-08,3.1638e-08,-2.7152e-08,-6.7057e-09,-1.1052e-08,-2.7109e-08,-7.9678e-09
0,-0.04,0.04,0.05236,0.10472,-8.3811e-09,-6.4968e-08,-3.1561e-08,-1.5455e-08,1.3256e-08,2.5692e-08,2.8996e-08,-2.6551e-08,-7.6373e-09,-1.156e-08,-3.2404e-08,-4.7045e-09
0.04,-0.04,0.04,0.05236,0.10472,-1.5803e-08,-5.8665e-08,-2.6661e-08,-1.466e-08,1.0523e-08,3.0166e-08,2.7297e-08,-2.6787e-08,-9.0907e-09,-9.9394e-09,-3.8927e-08,-1.941e-09
-0.04,0,0.04,0.05236,0.10472,-2.2986e-09,-7.3307e-08,-4.1632e-08,-2.1388e-08,1.6375e-08,1.7221e-08,3.1832e-08,-2.2324e-08,-4.2329e-09,-1.1365e-08,-2.5294e-08,-4.4911e-09
0,0,0.04,0.05236,0.10472,-8.2561e-09,-6.7841e-08,-3.612e-08,-2.0193e-08,1.2144e-08,2.0901e-08,2.8965e-08,-2.3164e-08,-5.2502e-09,-1.0508e-08,-3.0843e-08,-2.7381e-09
0.04,0,0.04,0.05236,0.10472,-1.4236e-08,-6.327e-08,-2.9198e-08,-1.8393e-08,1.0711e-08,2.7663e-08,2.5567e-08,-2.2953e-08,-6.1635e-09,-9.4556e-09,-3.6633e-08,-1.2109e-09
-0.04,0.04,0.04,0.05236,0.10472,-2.9844e-09,-7.7622e-08,-4.6447e-08,-2.4731e-08,1.6535e-08,1.4548e-08,3.0737e-08,-1.9313e-08,-1.1087e-09,-1.1698e-08,-2.5172e-08,-1.6671e-09
0,0.04,0.04,0.05236,0.10472,-7.7176e-09,-7.3274e-08,-3.828e-08,-2.5907e-08,1.2818e-08,1.9713e-08,2.7658e-08,-2.0055e-08,-5.2926e-10,-1.0076e-08,-3.0094e-08,-5.0374e-10
0.04,0.04,0.04,0.05236,0.10472,-1.3155e-08,-6.5346e-08,-3.2728e-08,-2.4346e-08,1.0691e-08,2.3508e-08,2.4594e-08,-2.0254e-08,-6.1168e-10,-9.9195e-09,-3.5229e-08,-5.0476e-10
0,0,0.08,0.05236,0.10472,-4.4278e-09,-8.3358e-08,-3.2599e-08,-1.4927e-08,1.7352e-08,2.0216e-08,2.3529e-08,-1.9737e-08,-9.9992e-09,-6.0492e-09,-2.9861e-08,2.9728e-09
0,0,-0.08,0.10472,0.10472,-1.054e-08,-4.1385e-08,-4.4471e-08,-2.743e-08,-2.8483e-09,2.414e-08,4.6473e-08,-3.2467e-08,2.1022e-09,-2.5589e-08,-2.9466e-08,-1.5315e-08
-0.04,-0.04,-0.04,0.10472,0.10472,-5.6469e-09,-4.7464e-08,-4.3104e-08,-2.0884e-08,2.5519e-09,2.0535e-08,4.874e-08,-3.5116e-08,-2.5517e-09,-1.7437e-08,-2.58e-08,-2.0943e-08
0,-0.04,-0.04,0.10472,0.10472,-1.0772e-08,-4.5901e-08,-3.4241e-08,-1.8863e-08,3.5839e-09,2.8019e-08,4.1644e-08,-3.6791e-08,-3.3795e-09,-1.8629e-08,-2.9997e-08,-1.844e-08
0.04,-0.04,-0.04,0.10472,0.10472,-1.6238e-08,-4.186e-08,-3.1053e-08,-1.8668e-08,2.5918e-09,3.823e-08,3.6495e-08,-3.8817e-08,-4.0885e-09,-1.9859e-08,-3.8472e-08,-1.3905e-08
-0.04,0,-0.04,0.10472,0.10472,-6.085e-09,-4.9873e-08,-4.879e-08,-2.5144e-08,8.2196e-10,1.6221e-08,4.4248e-08,-2.9155e-08,-1.6389e-10,-1.919e-08,-2.5206e-08,-1.6892e-08
0,0,-0.04,0.10472,0.10472,-1.0046e-08,-4.8144e-08,-4.2819e-08,-2.4802e-08,2.5759e-09,2.3833e-08,3.9888e-08,-3.0302e-08,3.1873e-10,-1.9583e-08,-3.0455e-08,-1.3929e-08
0.04,0,-0.04,0.10472,0.10472,-1.5616e-08,-4.4221e-08,-3.3776e-08,-2.2605e-08,2.2643e-09,3.2606e-08,3.4766e-08,-3.3014e-08,-5.4614e-10,-2.1638e-08,-3.6505e-08,-1.0935e-08
-0.04,0.04,-0.04,0.10472,0.10472,-6.4497e-09,-5.3027e-08,-5.9089e-08,-3.1104e-08,1.3077e-09,1.3943e-08,3.9915e-08,-2.5155e-08,2.6807e-09,-2.138e-08,-2.4626e-08,-1.3325e-08
0,0.04,-0.04,0.10472,0.10472,-9.636e-09,-5.0817e-08,-4.8241e-08,-3.1288e-08,1.7591e-09,2.1388e-08,3.6941e-08,-2.6478e-08,4.0736e-09,-2.2536e-08,-2.7624e-08,-1.0027e-08
0.04,0.04,-0.04,0.10472,0.10472,-1.336e-08,-4.6413e-08,-3.8268e-08,-2.7964e-08,1.8666e-09,2.7194e-08,3.1918e-08,-2.6973e-08,4.7161e-09,-2.3564e-08,-3.3925e-08,-9.2837e-09
0,-0.08,0,0.10472,0.10472,-9.16e-09,-4.9203e-08,-2.8895e-08,-1.4376e-08,7.854e-09,3.034e-08,3.8125e-08,-3.9973e-08,-8.0283e-09,-1.3435e-08,-3.3818e-08,-1.9062e-08
-0.04,-0.04,0,0.10472,0.10472,-4.3728e-09,-5.9287e-08,-4.0845e-08,-1.8338e-08,9.9083e-09,2.0443e-08,4.0271e-08,-3.2256e-08,-5.2412e-09,-1.3497e-08,-2.6747e-08,-1.8439e-08
0,-0.04,0,0.10472,0.10472,-7.8147e-09,-5.2838e-08,-3.4812e-08,-1.7039e-08,8.3563e-09,2.7182e-08,3.5691e-08,-3.3457e-08,-6.0392e-09,-1.3814e-08,-3.2539e-08,-1.2938e-08
0.04,-0.04,0,0.10472,0.10472,-1.806e-08,-4.9481e-08,-2.9338e-08,-1.632e-08,6.2524e-09,3.2482e-08,3.2629e-08,-3.4571e-08,-6.1017e-09,-1.3856e-08,-4.0413e-08,-1.0376e-08
-0.08,0,0,0.10472,0.10472,-1.1589e-10,-6.2988e-08,-5.3569e-08,-2.351e-08,1.1647e-08,1.2177e-08,4.1818e-08,-2.5035e-08,-2.818e-09,-1.4377e-08,-2.2271e-08,-1.5369e-08
-0.04,0,0,0.10472,0.10472,-4.9342e-09,-6.0016e-08,-4.6176e-08,-2.1507e-08,1.085e-08,1.735e-08,3.7873e-08,-2.6609e-08,-3.1986e-09,-1.5036e-08,-2.5971e-08,-1.2604e-08
0,0,0,0.10472,0.10472,-1.0153e-08,-5.6361e-08,-3.9212e-08,-2.1254e-08,7.7618e-09,2.2232e-08,3.3907e-08,-2.7966e-08,-3.0229e-09,-1.3589e-08,-3.1117e-08,-1.0587e-08
0.04,0,0,0.10472,0.10472,-1.512e-08,-5.2322e-08,-3.284e-08,-1.9286e-08,6.9762e-09,2.8608e-08,3.0233e-08,-2.9203e-08,-3.966e-09,-1.5288e-08,-3.6793e-08,-7.9866e-09
0.08,0,0,0.10472,0.10472,-2.2454e-08,-4.7776e-08,-2.7147e-08,-1.9281e-08,5.9117e-09,3.3114e-08,2.7866e-08,-2.8679e-08,-4.373e-09,-1.3839e-08,-4.4876e-08,-6.0855e-09
-0.04,0.04,0,0.10472,0.10472,-4.2414e-09,-6.2709e-08,-5.2433e-08,-2.9866e-08,8.9531e-09,1.3399e-08,3.572e-08,-2.2691e-08,1.0554e-10,-1.4929e-08,-2.5148e-08,-9.2007e-09
0,0.04,0,0.10472,0.10472,-8.9714e-09,-5.9375e-08,-4.3857e-08,-2.8186e-08,7.1076e-09,1.8709e-08,3.22e-08,-2.3721e-08,-3.4876e-10,-1.6429e-08,-2.9773e-08,-6.7366e-09
0.04,0.04,0,0.10472,0.10472,-1.4549e-08,-5.3057e-08,-3.5492e-08,-2.6718e-08,6.7233e-09,2.5289e-08,2.8971e-08,-2.5072e-08,2.1515e-09,-1.5036e-08,-3.5771e-08,-5.1495e-09
0,0.08,0,0.10472,0.10472,-7.5572e-09,-6.0185e-08,-4.6147e-08,-3.4119e-08,7.5155e-09,1.5466e-08,2.9516e-08,-2.0088e-08,4.4295e-09,-1.6451e-08,-2.6536e-08,-4.3271e-09
-0.04,-0.04,0.04,0.10472,0.10472,-3.15e-09,-6.8341e-08,-3.7465e-08,-1.393e-08,1.7402e-08,1.8618e-08,3.2867e-08,-2.6392e-08,-7.6248e-09,-1.0571e-08,-2.7125e-08,-1.2081e-08
0,-0.04,0.04,0.10472,0.10472,-9.736e-09,-6.1979e-08,-3.2172e-08,-1.4179e-08,1.3096e-08,2.3257e-08,3.059e-08,-2.8899e-08,-8.6881e-09,-1.0363e-08,-3.2444e-08,-8.1518e-09
0.04,-0.04,0.04,0.10472,0.10472,-1.636e-08,-5.8177e-08,-2.7696e-08,-1.3263e-08,1.1684e-08,2.9099e-08,2.7761e-08,-3.0837e-08,-1.1586e-08,-9.674e-09,-3.8783e-08,-5.041e-09
-0.04,0,0.04,0.10472,0.10472,-2.7018e-09,-7.4506e-08,-4.1842e-08,-1.9093e-08,1.6719e-08,1.5561e-08,3.0968e-08,-2.3947e-08,-6.2382e-09,-1.0387e-08,-2.5936e-08,-5.3568e-09
0,0,0.04,0.10472,0.10472,-8.8335e-09,-6.8536e-08,-3.7089e-08,-1.7572e-08,1.3998e-08,2.1121e-08,2.9396e-08,-2.4353e-08,-6.4943e-09,-1.0002e-08,-3.0796e-08,-5.1905e-09
0.04,0,0.04,0.10472,0.10472,-1.501e-08,-6.1771e-08,-3.1164e-08,-1.5547e-08,1.0778e-08,2.5898e-08,2.593e-08,-2.4746e-08,-7.1797e-09,-9.2486e-09,-3.657e-08,-3.9083e-09
-0.04,0.04,0.04,0.10472,0.10472,-2.957e-09,-7.5171e-08,-4.5885e-08,-2.2348e-08,1.4985e-08,1.4322e-08,2.989e-08,-2.0128e-08,-3.6174e-09,-1.1348e-08,-2.3694e-08,-3.897e-09
0,0.04,0.04,0.10472,0.10472,-7.7169e-09,-7.4585e-08,-3.9986e-08,-2.147e-08,1.2221e-08,1.8258e-08,2.7389e-08,-2.0922e-08,-3.2318e-09,-9.6135e-09,-2.9684e-08,-3.577e-09
0.04,0.04,0.04,0.10472,0.10472,-1.4168e-08,-6.6596e-08,-3.2677e-08,-2.0646e-08,1.1333e-08,2.2392e-08,2.4966e-08,-2.185e-08,-2.6285e-09,-8.1966e-09,-3.515e-08,-1.4945e-09
0,0,0.08,0.10472,0.10472,-5.4296e-09,-8.3136e-08,-3.213e-08,-1.1449e-08,1.8294e-08,1.9077e-08,2.3701e-08,-2.0055e-08,-1.0374e-08,-5.7088e-09,-2.9679e-08,1.5678e-09
0,0,-0.08,0.15708,0.10472,-9.7593e-09,-4.1397e-08,-4.6834e-08,-2.4801e-08,-1.7564e-09,2.3847e-08,4.5472e-08,-3.2993e-08,1.9622e-10,-2.5316e-08,-2.7801e-08,-1.8673e-08
-0.04,-0.04,-0.04,0.15708,0.10472,-5.3151e-09,-4.7002e-08,-4.5447e-08,-1.8371e-08,4.1431e-09,2.0083e-08,4.7555e-08,-3.5118e-08,-4.4454e-09,-1.6209e-08,-2.6504e-08,-2.5075e-08
0,-0.04,-0.04,0.15708,0.10472,-9.5857e-09,-4.6041e-08,-3.7904e-08,-1.7395e-08,3.4154e-09,2.8574e-08,4.478e-08,-3.8957e-08,-4.2913e-09,-1.7841e-08,-3.1934e-08,-1.8795e-08
0.04,-0.04,-0.04,0.15708,0.10472,-1.5501e-08,-4.1568e-08,-3.2822e-08,-1.6909e-08,2.887e-09,3.5581e-08,3.8195e-08,-3.8932e-08,-4.6432e-09,-1.8928e-08,-3.9267e-08,-1.5996e-08
-0.04,0,-0.04,0.15708,0.10472,-5.8049e-09,-5.0619e-08,-5.1355e-08,-2.2205e-08,3.1856e-09,1.503e-08,4.3924e-08,-2.9797e-08,-2.4627e-09,-1.7753e-08,-2.5811e-08,-1.9234e-08
0,0,-0.04,0.15708,0.10472,-1.0553e-08,-4.9352e-08,-4.3074e-08,-2.1937e-08,2.2126e-09,2.201e-08,4.0518e-08,-3.1055e-08,-2.5131e-09,-1.902e-08,-2.9784e-08,-1.542e-08
0.04,0,-0.04,0.15708,0.10472,-1.5451e-08,-4.5783e-08,-3.5564e-08,-2.1015e-08,3.7123e-09,3.1786e-08,3.3671e-08,-3.3186e-08,-2.4826e-09,-2.0593e-08,-3.7124e-08,-1.2201e-08
-0.04,0.04,-0.04,0.15708,0.10472,-5.3653e-09,-5.1176e-08,-6.0195e-08,-2.936e-08,2.356e-09,1.183e-08,3.9973e-08,-2.5308e-08,6.6456e-10,-1.9439e-08,-2.3324e-08,-1.4931e-08
0,0.04,-0.04,0.15708,0.10472,-1.0581e-08,-4.8869e-08,-4.707e-08,-2.7962e-08,2.1546e-09,1.9472e-08,3.5526e-08,-2.5631e-08,1.3839e-09,-2.0657e-08,-2.8396e-08,-1.2111e-08
0.04,0.04,-0.04,0.15708,0.10472,-1.5095e-08,-4.5186e-08,-4.0269e-08,-2.6784e-08,2.5145e-09,2.6263e-08,3.1564e-08,-2.7029e-08,2.6627e-09,-2.2288e-08,-3.4211e-08,-9.4698e-09
0,-0.08,0,0.15708,0.10472,-9.2438e-09,-4.8217e-08,-3.1735e-08,-1.2038e-08,9.335e-09,2.8312e-08,3.7195e-08,-4.2901e-08,-9.2028e-09,-1.2793e-08,-3.4337e-08,-1.9949e-08
-0.04,-0.04,0,0.15708,0.10472,-3.8489e-09,-5.684e-08,-4.1433e-08,-1.5721e-08,1.0336e-08,1.8889e-08,4.1558e-08,-3.2093e-08,-7.2988e-09,-1.3196e-08,-2.6377e-08,-1.9547e-08
0,-0.04,0,0.15708,0.10472,-9.2759e-09,-5.4867e-08,-3.5191e-08,-1.4732e-08,8.8006e-09,2.5399e-08,3.5709e-08,-3.4635e-08,-7.6873e-09,-1.3341e-08,-3.1952e-08,-1.4414e-08
0.04,-0.04,0,0.15708,0.10472,-1.803e-08,-4.8411e-08,-3.0709e-08,-1.4425e-08,7.0901e-09,3.229e-08,3.3011e-08,-3.5425e-08,-8.5693e-09,-1.2594e-08,-4.0253e-08,-1.2458e-08
-0.08,0,0,0.15708,0.10472,-4.6207e-10,-6.2885e-08,-5.3761e-08,-1.9768e-08,1.2093e-08,1.06e-08,4.1843e-08,-2.7268e-08,-4.7446e-09,-1.3531e-08,-2.1146e-08,-1.85e-08
-0.04,0,0,0.15708,0.10472,-4.6879e-09,-5.9539e-08,-4.6209e-08,-1.8834e-08,8.9797e-09,1.6585e-08,3.7658e-08,-2.859e-08,-4.0836e-09,-1.2941e-08,-2.5519e-08,-1.484e-08
0,0,0,0.15708,0.10472,-9.1103e-09,-5.6068e-08,-4.0754e-08,-1.7794e-08,8.3567e-09,2.2779e-08,3.481e-08,-2.871e-08,-5.7959e-09,-1.2805e-08,-3.081e-08,-1.2077e-08
0.04,0,0,0.15708,0.10472,-1.6352e-08,-5.3835e-08,-3.3375e-08,-1.7386e-08,6.7602e-09,2.7169e-08,3.0257e-08,-2.8832e-08,-5.4715e-09,-1.3903e-08,-3.7535e-08,-1.0284e-08
0.08,0,0,0.15708,0.10472,-2.3365e-08,-4.6812e-08,-2.5806e-08,-1.7082e-08,6.7138e-09,3.2796e-08,2.8195e-08,-2.8928e-08,-8.0733e-09,-1.3396e-08,-4.7015e-08,-7.1437e-09
-0.04,0.04,0,0.15708,0.10472,-4.2786e-09,-6.3468e-08,-5.1422e-08,-2.5193e-08,1.0059e-08,1.2567e-08,3.556e-08,-2.3264e-08,-2.3104e-09,-1.4099e-08,-2.4332e-08,-1.1513e-08
0,0.04,0,0.15708,0.10472,-8.6377e-09,-6.0802e-08,-4.5223e-08,-2.2991e-08,6.9396e-09,1.8734e-08,3.1193e-08,-2.5447e-08,-8.9586e-10,-1.461e-08,-2.8766e-08,-9.2692e-09
0.04,0.04,0,0.15708,0.10472,-1.4211e-08,-5.5752e-08,-3.6917e-08,-2.14e-08,6.8956e-09,2.4438e-08,2.7833e-08,-2.4469e-08,-1.2508e-09,-1.3493e-08,-3.4958e-08,-6.6128e-09
0,0.08,0,0.15708,0.10472,-8.8057e-09,-6.0838e-08,-4.9107e-08,-3.0429e-08,8.3429e-09,1.4626e-08,2.9441e-08,-2.119e-08,3.8628e-09,-1.4009e-08,-2.759e-08,-6.2245e-09
-0.04,-0.04,0.04,0.15708,0.10472,-1.1014e-09,-6.8183e-08,-3.8359e-08,-1.0676e-08,1.7826e-08,1.7907e-08,3.3512e-08,-2.807e-08,-9.5202e-09,-9.2207e-09,-2.661e-08,-1.3905e-08
0,-0.04,0.04,0.15708,0.10472,-7.9938e-09,-6.3714e-08,-3.3946e-08,-1.0723e-08,1.4472e-08,2.3669e-08,3.1143e-08,-2.9727e-08,-1.0014e-08,-8.6787e-09,-3.0752e-08,-1.059e-08
0.04,-0.04,0.04,0.15708,0.10472,-1.6667e-08,-5.6969e-08,-2.8508e-08,-1.0669e-08,1.2462e-08,2.8484e-08,2.7428e-08,-2.9948e-08,-1.2239e-08,-7.5404e-09,-3.814e-08,-7.8414e-09
-0.04,0,0.04,0.15708,0.10472,-2.6749e-09,-7.4829e-08,-4.2616e-08,-1.5657e-08,1.6956e-08,1.5385e-08,3.2424e-08,-2.4677e-08,-8.0935e-09,-9.368e-09,-2.5849e-08,-9.4131e-09
0,0,0.04,0.15708,0.10472,-9.149e-09,-6.8378e-08,-3.8009e-08,-1.4456e-08,1.3519e-08,2.1186e-08,2.8588e-08,-2.5296e-08,-9.0404e-09,-9.7364e-09,-3.0488e-08,-8.0995e-09
0.04,0,0.04,0.15708,0.10472,-1.5225e-08,-6.0387e-08,-3.1561e-08,-1.3366e-08,1.2207e-08,2.4833e-08,2.6878e-08,-2.6386e-08,-1.0638e-08,-7.892e-09,-3.7571e-08,-5.3427e-09
-0.04,0.04,0.04,0.15708,0.10472,-3.6097e-09,-7.658e-08,-4.564e-08,-1.9098e-08,1.5587e-08,1.2003e-08,2.9632e-08,-2.0542e-08,-5.1072e-09,-1.0633e-08,-2.4358e-08,-6.858e-09
0,0.04,0.04,0.15708,0.10472,-8.0331e-09,-6.9895e-08,-3.8894e-08,-1.711e-08,1.4365e-08,1.8315e-08,2.769e-08,-2.2591e-08,-6.5692e-09,-8.85e-09,-2.988e-08,-4.544e-09
0.04,0.04,0.04,0.15708,0.10472,-1.4818e-08,-6.3118e-08,-3.3594e-08,-1.7106e-08,1.2273e-08,2.2496e-08,2.4732e-08,-2.2518e-08,-6.8044e-09,-5.6992e-09,-3.547e-08,-3.7889e-09
0,0,0.08,0.15708,0.10472,-6.2071e-09,-7.956e-08,-3.3799e-08,-8.2769e-09,1.9637e-08,1.8038e-08,2.4979e-08,-2.1777e-08,-1.3652e-08,-5.2122e-09,-2.8385e-08,-1.931e-09
0,0,-0.08,0.05236,0.15708,-9.9729e-09,-4.0705e-08,-4.4037e-08,-2.9882e-08,-4.5981e-09,2.6617e-08,4.4294e-08,-3.16e-08,3.4397e-09,-2.7012e-08,-3.0067e-08,-1.4154e-08
-0.04,-0.04,-0.04,0.05236,0.15708,-6.1554e-09,-4.9137e-08,-4.0653e-08,-2.1967e-08,2.2507e-09,2.1386e-08,4.7424e-08,-3.4037e-08,-1.5358e-09,-1.8507e-08,-2.7208e-08,-1.8697e-08
0,-0.04,-0.04,0.05236,0.15708,-9.5257e-09,-4.6114e-08,-3.6834e-08,-2.1122e-08,1.7628e-09,3.0665e-08,4.2725e-08,-3.5686e-08,-1.4049e-09,-1.9051e-08,-3.2435e-08,-1.5083e-08
0.04,-0.04,-0.04,0.05236,0.15708,-1.6632e-08,-4.3406e-08,-2.9149e-08,-2.0115e-08,2.2551e-09,3.7941e-08,3.7081e-08,-3.6529e-08,-1.9595e-09,-1.9955e-08,-3.7257e-08,-1.2555e-08
-0.04,0,-0.04,0.05236,0.15708,-5.6751e-09,-5.0455e-08,-4.9038e-08,-2.7718e-08,1.3176e-11,1.9404e-08,4.5631e-08,-2.8278e-08,1.0197e-09,-2.1321e-08,-2.5227e-08,-1.4194e-08
0,0,-0.04,0.05236,0.15708,-1.0058e-08,-4.8553e-08,-3.9497e-08,-2.7452e-08,1.6015e-09,2.4995e-08,4.0073e-08,-2.9744e-08,7.9715e-10,-2.1365e-08,-3.0668e-08,-1.1998e-08
0.04,0,-0.04,0.05236,0.15708,-1.5131e-08,-4.6001e-08,-3.3484e-08,-2.5066e-08,2.1054e-09,3.5493e-08,3.5277e-08,-3.0858e-08,1.6482e-09,-2.3204e-08,-3.756e-08,-8.4137e-09
-0.04,0.04,-0.04,0.05236,0.15708,-5.7052e-09,-5.4104e-08,-5.8087e-08,-3.4028e-08,6.3579e-10,1.4676e-08,4.0603e-08,-2.4614e-08,4.6031e-09,-2.2297e-08,-2.3694e-08,-1.0541e-08
0,0.04,-0.04,0.05236,0.15708,-9.1859e-09,-4.9428e-08,-4.8281e-08,-3.3254e-08,1.7309e-09,2.1821e-08,3.6155e-08,-2.5321e-08,4.4266e-09,-2.3317e-08,-2.9557e-08,-8.9402e-09
0.04,0.04,-0.04,0.05236,0.15708,-1.4065e-08,-4.6925e-08,-3.8915e-08,-3.0762e-08,2.0191e-09,2.8713e-08,3.2552e-08,-2.58e-08,6.1679e-09,-2.5177e-08,-3.3646e-08,-7.5354e-09
0,-0.08,0,0.05236,0.15708,-8.8116e-09,-4.9948e-08,-2.9e-08,-1.5442e-08,7.0753e-09,2.9505e-08,3.5898e-08,-3.6959e-08,-6.8037e-09,-1.3736e-08,-3.4464e-08,-1.6003e-08
-0.04,-0.04,0,0.05236,0.15708,-3.2406e-09,-5.7319e-08,-4.0859e-08,-1.9763e-08,7.9227e-09,2.0891e-08,4.0928e-08,-3.127e-08,-3.8381e-09,-1.4064e-08,-2.7427e-08,-1.4649e-08
0,-0.04,0,0.05236,0.15708,-9.4556e-09,-5.4536e-08,-3.3575e-08,-1.9128e-08,6.1153e-09,2.8254e-08,3.5811e-08,-3.1294e-08,-4.2439e-09,-1.5572e-08,-3.1815e-08,-1.1412e-08
0.04,-0.04,0,0.05236,0.15708,-1.7624e-08,-5.0615e-08,-2.8707e-08,-1.7996e-08,6.4599e-09,3.4017e-08,3.1607e-08,-3.178e-08,-4.9691e-09,-1.5629e-08,-3.8725e-08,-8.7896e-09
-0.08,0,0,0.05236,0.15708,-1.1302e-09,-6.4212e-08,-5.0381e-08,-2.5113e-08,7.7754e-09,1.2302e-08,3.9606e-08,-2.5e-08,-1.9733e-09,-1.4287e-08,-2.17e-08,-1.3e-08
-0.04,0,0,0.05236,0.15708,-5.1669e-09,-6.2627e-08,-4.6139e-08,-2.3969e-08,7.7387e-09,1.8594e-08,3.7588e-08,-2.5357e-08,-1.8794e-09,-1.5795e-08,-2.6395e-08,-1.0589e-08
0,0,0,0.05236,0.15708,-9.0724e-09,-5.8654e-08,-3.8794e-08,-2.4467e-08,6.5925e-09,2.4545e-08,3.4308e-08,-2.6984e-08,-1.4949e-09,-1.5982e-08,-3.1618e-08,-8.1405e-09
0.04,0,0,0.05236,0.15708,-1.5245e-08,-5.521e-08,-3.1755e-08,-2.2204e-08,5.9225e-09,3.1904e-08,2.9939e-08,-2.6764e-08,5.5195e-11,-1.5717e-08,-3.7171e-08,-6.4225e-09
0.08,0,0,0.05236,0.15708,-2.1198e-08,-4.7374e-08,-2.5789e-08,-2.1311e-08,5.2159e-09,3.5924e-08,2.7145e-08,-2.8484e-08,-2.5733e-09,-1.4691e-08,-4.6934e-08,-3.8631e-09
-0.04,0.04,0,0.05236,0.15708,-4.9344e-09,-5.9414e-08,-5.1246e-08,-3.1223e-08,6.9263e-09,1.554e-08,3.6175e-08,-2.2377e-08,9.2287e-10,-1.6338e-08,-2.4448e-08,-6.2017e-09
0,0.04,0,0.05236,0.15708,-8.557e-09,-6.1701e-08,-4.3253e-08,-2.9897e-08,7.3459e-09,2.0674e-08,3.1393e-08,-2.3112e-08,1.9225e-09,-1.7777e-08,-2.9066e-08,-5.6216e-09
0.04,0.04,0,0.05236,0.15708,-1.415e-08,-5.5734e-08,-3.4789e-08,-2.6908e-08,6.0835e-09,2.5625e-08,2.7554e-08,-2.2403e-08,3.0639e-09,-1.7606e-08,-3.5319e-08,-4.2866e-09
0,0.08,0,0.05236,0.15708,-7.7438e-09,-5.9681e-08,-4.7109e-08,-3.9421e-08,5.9769e-09,1.7172e-08,2.9371e-08,-1.9554e-08,6.5477e-09,-1.8121e-08,-2.8621e-08,-3.4935e-09
-0.04,-0.04,0.04,0.05236,0.15708,-1.9509e-09,-6.9002e-08,-3.6112e-08,-1.6229e-08,1.5278e-08,2.0058e-08,3.3075e-08,-2.539e-08,-6.6177e-09,-1.138e-08,-2.6215e-08,-9.1311e-09
0,-0.04,0.04,0.05236,0.15708,-7.3755e-09,-6.4053e-08,-3.1907e-08,-1.5995e-08,1.3005e-08,2.541e-08,3.0199e-08,-2.7375e-08,-6.965e-09,-1.0017e-08,-3.3065e-08,-5.0322e-09
0.04,-0.04,0.04,0.05236,0.15708,-1.685e-08,-6.0332e-08,-2.6566e-08,-1.4663e-08,1.0696e-08,3.0303e-08,2.7356e-08,-2.6188e-08,-9.0224e-09,-9.9714e-09,-3.9368e-08,-3.3164e-09
-0.04,0,0.04,0.05236,0.15708,-2.214e-09,-7.4869e-08,-3.9362e-08,-2.1766e-08,1.4694e-08,1.7256e-08,3.0183e-08,-2.158e-08,-4.3686e-09,-1.092e-08,-2.6184e-08,-4.9453e-09
0,0,0.04,0.05236,0.15708,-8.9738e-09,-6.8503e-08,-3.5016e-08,-2.0559e-08,1.2194e-08,2.2072e-08,2.8258e-08,-2.339e-08,-4.789e-09,-1.1311e-08,-3.0604e-08,-3.4284e-09
0.04,0,0.04,0.05236,0.15708,-1.5371e-08,-6.0999e-08,-2.9608e-08,-1.8743e-08,1.0493e-08,2.7238e-08,2.6554e-08,-2.3611e-08,-6.3185e-09,-1.0429e-08,-3.7976e-08,-1.2999e-09
-0.04,0.04,0.04,0.05236,0.15708,-3.0771e-09,-7.7219e-08,-4.5803e-08,-2.6888e-08,1.3978e-08,1.5375e-08,2.9937e-08,-1.9409e-08,-2.3392e-09,-1.2584e-08,-2.5019e-08,-2.1764e-09
0,0.04,0.04,0.05236,0.15708,-8.2732e-09,-7.2776e-08,-3.7545e-08,-2.4665e-08,1.2644e-08,1.9567e-08,2.7489e-08,-1.957e-08,-1.6464e-09,-1.057e-08,-2.9221e-08,-1.0652e-09
0.04,0.04,0.04,0.05236,0.15708,-1.3469e-08,-6.5788e-08,-3.2307e-08,-2.4381e-08,1.1015e-08,2.3366e-08,2.5193e-08,-2.0429e-08,-8.9956e-10,-9.6819e-09,-3.6129e-08,7.0673e-10
0,0,0.08,0.05236,0.15708,-6.8203e-09,-8.227e-08,-3.1738e-08,-1.4481e-08,1.764e-08,2.0458e-08,2.3846e-08,-1.9595e-08,-8.7645e-09,-6.8847e-09,-2.8804e-08,3.5783e-09
0,0,-0.08,0.10472,0.15708,-1.0961e-08,-4.0663e-08,-4.3926e-08,-2.6783e-08,-3.659e-09,2.6043e-08,4.6261e-08,-3.3957e-08,1.4321e-09,-2.6409e-08,-2.7571e-08,-1.6405e-08
-0.04,-0.04,-0.04,0.10472,0.15708,-5.4456e-09,-4.8137e-08,-4.3236e-08,-2.0677e-08,2.1341e-09,2.0303e-08,4.769e-08,-3.5995e-08,-3.031e-09,-1.7535e-08,-2.522e-08,-2.0011e-08
0,-0.04,-0.04,0.10472,0.15708,-1.0842e-08,-4.4629e-08,-3.646e-08,-1.9874e-08,2.9204e-09,2.881e-08,4.2401e-08,-3.6913e-08,-3.143e-09,-1.8644e-08,-3.2467e-08,-1.7912e-08
0.04,-0.04,-0.04,0.10472,0.15708,-1.6477e-08,-4.1603e-08,-3.0641e-08,-1.8893e-08,3.4773e-09,3.7606e-08,3.6938e-08,-3.9402e-08,-3.356e-09,-1.9798e-08,-3.9754e-08,-1.408e-08
-0.04,0,-0.04,0.10472,0.15708,-6.3288e-09,-4.886e-08,-5.0243e-08,-2.5305e-08,1.8343e-09,1.704e-08,4.4743e-08,-2.9812e-08,-1.0167e-10,-1.9311e-08,-2.5917e-08,-1.756e-08
0,0,-0.04,0.10472,0.15708,-1.0841e-08,-4.6926e-08,-4.2232e-08,-2.518e-08,2.4455e-09,2.4363e-08,4.0494e-08,-3.0759e-08,-7.6668e-11,-1.9352e-08,-3.0226e-08,-1.4593e-08
0.04,0,-0.04,0.10472,0.15708,-1.4862e-08,-4.5457e-08,-3.5321e-08,-2.2983e-08,3.0485e-09,3.3891e-08,3.5493e-08,-3.1727e-08,-6.7821e-10,-2.1756e-08,-3.6493e-08,-9.9663e-09
-0.04,0.04,-0.04,0.10472,0.15708,-5.7996e-09,-5.0652e-08,-5.9266e-08,-3.1174e-08,5.9599e-10,1.3889e-08,4.1506e-08,-2.4362e-08,2.4228e-09,-2.0879e-08,-2.4554e-08,-1.2554e-08
0,0.04,-0.04,0.10472,0.15708,-9.5972e-09,-5.036e-08,-4.7659e-08,-3.1498e-08,1.4807e-09,1.8911e-08,3.618e-08,-2.5235e-08,2.9526e-09,-2.2029e-08,-2.8465e-08,-1.099e-08
0.04,0.04,-0.04,0.10472,0.15708,-1.4921e-08,-4.7321e-08,-4.0438e-08,-2.9535e-08,1.7163e-09,2.5765e-08,3.2045e-08,-2.671e-08,3.8954e-09,-2.2579e-08,-3.3995e-08,-7.5432e-09
0,-0.08,0,0.10472,0.15708,-1.0061e-08,-5.0386e-08,-3.0321e-08,-1.3806e-08,8.082e-09,2.9467e-08,3.7854e-08,-3.8868e-08,-7.8613e-09,-1.3576e-08,-3.2987e-08,-1.8444e-08
-0.04,-0.04,0,0.10472,0.15708,-3.7313e-09,-5.5746e-08,-4.1193e-08,-1.7246e-08,1.0415e-08,2.0088e-08,4.0841e-08,-3.1414e-08,-4.726e-09,-1.399e-08,-2.5686e-08,-1.6967e-08
0,-0.04,0,0.10472,0.15708,-1.0701e-08,-5.3208e-08,-3.5271e-08,-1.7148e-08,8.6571e-09,2.5569e-08,3.6684e-08,-3.367e-08,-5.3726e-09,-1.3581e-08,-3.1217e-08,-1.2608e-08
0.04,-0.04,0,0.10472,0.15708,-1.7018e-08,-5.0247e-08,-2.955e-08,-1.6282e-08,6.3702e-09,3.4076e-08,3.3706e-08,-3.5156e-08,-5.9133e-09,-1.4263e-08,-3.9353e-08,-1.0112e-08
-0.08,0,0,0.10472,0.15708,-1.2367e-09,-6.1897e-08,-5.3326e-08,-2.3796e-08,1.1983e-08,1.274e-08,4.2618e-08,-2.553e-08,-2.5902e-09,-1.4455e-08,-2.1183e-08,-1.3469e-08
-0.04,0,0,0.10472,0.15708,-4.8505e-09,-5.9629e-08,-4.7875e-08,-2.2814e-08,1.0048e-08,1.6185e-08,3.763e-08,-2.7012e-08,-3.3955e-09,-1.4692e-08,-2.5413e-08,-1.2505e-08
0,0,0,0.10472,0.15708,-9.8735e-09,-5.6261e-08,-3.8691e-08,-2.1226e-08,7.9854e-09,2.2139e-08,3.4722e-08,-2.7236e-08,-2.4587e-09,-1.4665e-08,-3.1449e-08,-1.0146e-08
0.04,0,0,0.10472,0.15708,-1.447e-08,-5.3253e-08,-3.1604e-08,-2.0423e-08,7.0832e-09,2.9426e-08,3.1079e-08,-2.8626e-08,-3.7535e-09,-1.5295e-08,-3.7151e-08,-7.5526e-09
0.08,0,0,0.10472,0.15708,-2.3222e-08,-4.9792e-08,-2.73e-08,-1.9212e-08,5.8202e-09,3.5042e-08,2.8496e-08,-2.8811e-08,-4.1197e-09,-1.4216e-08,-4.577e-08,-5.5661e-09
-0.04,0.04,0,0.10472,0.15708,-5.3192e-09,-6.4465e-08,-5.3055e-08,-2.8342e-08,7.4236e-09,1.3713e-08,3.5259e-08,-2.2808e-08,3.0676e-10,-1.5659e-08,-2.4804e-08,-9.2229e-09
0,0.04,0,0.10472,0.15708,-9.1831e-09,-5.9241e-08,-4.3683e-08,-2.7671e-08,7.4078e-09,1.9264e-08,3.297e-08,-2.3198e-08,5.5708e-10,-1.6016e-08,-3.0864e-08,-6.2063e-09
0.04,0.04,0,0.10472,0.15708,-1.3809e-08,-5.5083e-08,-3.7663e-08,-2.6036e-08,6.6356e-09,2.547e-08,2.8579e-08,-2.4085e-08,5.6201e-10,-1.4842e-08,-3.5112e-08,-5.3588e-09
0,0.08,0,0.10472,0.15708,-8.6799e-09,-6.0878e-08,-4.5404e-08,-3.4646e-08,8.2875e-09,1.5909e-08,2.9044e-08,-2.0532e-08,5.8587e-09,-1.6225e-08,-2.7286e-08,-4.1567e-09
-0.04,-0.04,0.04,0.10472,0.15708,-2.2545e-09,-6.5512e-08,-3.6224e-08,-1.4107e-08,1.6332e-08,1.8413e-08,3.354e-08,-2.7988e-08,-8.0451e-09,-9.4709e-09,-2.6478e-08,-1.0887e-08
0,-0.04,0.04,0.10472,0.15708,-8.8754e-09,-6.4176e-08,-3.2717e-08,-1.4128e-08,1.4157e-08,2.3298e-08,2.9573e-08,-2.7505e-08,-8.269e-09,-9.7446e-09,-3.0353e-08,-8.1217e-09
0.04,-0.04,0.04,0.10472,0.15708,-1.6471e-08,-5.9316e-08,-2.7293e-08,-1.3777e-08,1.0629e-08,2.8564e-08,2.8156e-08,-2.8898e-08,-1.0324e-08,-8.9595e-09,-3.8921e-08,-5.2904e-09
-0.04,0,0.04,0.10472,0.15708,-2.6093e-09,-7.3629e-08,-4.1823e-08,-1.8883e-08,1.6829e-08,1.6404e-08,3.0872e-08,-2.2811e-08,-6.1487e-09,-1.0853e-08,-2.4986e-08,-6.8334e-09
0,0,0.04,0.10472,0.15708,-8.2644e-09,-6.7422e-08,-3.7121e-08,-1.813e-08,1.3809e-08,2.0617e-08,2.998e-08,-2.3461e-08,-7.1591e-09,-1.0041e-08,-3.0745e-08,-5.0274e-09
0.04,0,0.04,0.10472,0.15708,-1.5297e-08,-6.1582e-08,-3.0696e-08,-1.6888e-08,1.1789e-08,2.616e-08,2.6505e-08,-2.4811e-08,-8.4559e-09,-8.8647e-09,-3.6002e-08,-3.3005e-09
-0.04,0.04,0.04,0.10472,0.15708,-3.365e-09,-7.5036e-08,-4.563e-08,-2.1873e-08,1.6764e-08,1.3658e-08,2.9331e-08,-2.0558e-08,-2.6333e-09,-1.0636e-08,-2.4303e-08,-4.205e-09
0,0.04,0.04,0.10472,0.15708,-7.4574e-09,-7.0915e-08,-3.847e-08,-2.173e-08,1.3822e-08,1.7387e-08,2.7189e-08,-2.1281e-08,-4.3094e-09,-9.1242e-09,-2.7896e-08,-2.1618e-09
0.04,0.04,0.04,0.10472,0.15708,-1.3769e-08,-6.5446e-08,-3.4269e-08,-2.0213e-08,1.0699e-08,2.2516e-08,2.4638e-08,-2.1906e-08,-3.8338e-09,-8.0749e-09,-3.5378e-08,-9.3369e-10
0,0,0.08,0.10472,0.15708,-5.6239e-09,-8.2131e-08,-3.3318e-08,-1.1668e-08,1.8695e-08,1.9244e-08,2.4697e-08,-2.1365e-08,-1.06e-08,-5.8729e-09,-2.85e-08,6.6193e-10
0,0,-0.08,0.15708,0.15708,-1.0882e-08,-4.0582e-08,-4.6862e-08,-2.5316e-08,-2.1461e-09,2.2782e-08,4.382e-08,-3.2247e-08,7.1236e-10,-2.5733e-08,-2.8253e-08,-1.7609e-08
-0.04,-0.04,-0.04,0.15708,0.15708,-5.7708e-09,-4.8386e-08,-4.5623e-08,-1.8452e-08,3.7262e-09,1.9462e-08,4.8451e-08,-3.6558e-08,-3.5739e-09,-1.6608e-08,-2.5373e-08,-2.5623e-08
0,-0.04,-0.04,0.15708,0.15708,-1.0508e-08,-4.4498e-08,-3.688e-08,-1.7613e-08,3.8544e-09,2.6077e-08,4.1942e-08,-3.6719e-08,-4.1467e-09,-1.8335e-08,-3.1835e-08,-1.9991e-08
0.04,-0.04,-0.04,0.15708,0.15708,-1.6499e-08,-4.2703e-08,-3.247e-08,-1.6699e-08,3.7991e-09,3.5781e-08,3.6919e-08,-3.9329e-08,-5.1765e-09,-1.81e-08,-3.7964e-08,-1.4794e-08
-0.04,0,-0.04,0.15708,0.15708,-6.3753e-09,-5.1259e-08,-5.1769e-08,-2.3058e-08,3.9536e-09,1.6167e-08,4.6315e-08,-2.9762e-08,-2.1465e-09,-1.9016e-08,-2.5404e-08,-1.9526e-08
0,0,-0.04,0.15708,0.15708,-1.0656e-08,-4.79e-08,-4.254e-08,-2.1668e-08,3.3514e-09,2.1343e-08,3.9687e-08,-3.0901e-08,-2.0162e-09,-1.9242e-08,-2.8688e-08,-1.5153e-08
0.04,0,-0.04,0.15708,0.15708,-1.6194e-08,-4.5933e-08,-3.4616e-08,-2.0823e-08,3.8967e-09,3.0412e-08,3.5663e-08,-3.1336e-08,-2.7309e-09,-2.0234e-08,-3.6848e-08,-1.2461e-08
-0.04,0.04,-0.04,0.15708,0.15708,-6.1753e-09,-5.1914e-08,-5.6666e-08,-2.8607e-08,2.1575e-09,1.2234e-08,4.1705e-08,-2.5012e-08,9.8975e-10,-1.9932e-08,-2.4446e-08,-1.3875e-08
0,0.04,-0.04,0.15708,0.15708,-9.9963e-09,-4.9244e-08,-4.9127e-08,-2.8591e-08,1.9603e-09,1.7609e-08,3.6713e-08,-2.598e-08,1.449e-09,-1.9592e-08,-2.7278e-08,-1.2245e-08
0.04,0.04,-0.04,0.15708,0.15708,-1.4673e-08,-4.8796e-08,-4.0232e-08,-2.6083e-08,3.3167e-09,2.4624e-08,3.266e-08,-2.658e-08,1.0948e-09,-2.1527e-08,-3.3637e-08,-9.6391e-09
0,-0.08,0,0.15708,0.15708,-9.9936e-09,-4.8105e-08,-3.167e-08,-1.1558e-08,1.1319e-08,2.6938e-08,3.9794e-08,-4.1395e-08,-9.3206e-09,-1.2828e-08,-3.2518e-08,-2.0008e-08
-0.04,-0.04,0,0.15708,0.15708,-4.9545e-09,-5.4281e-08,-4.173e-08,-1.4748e-08,1.0137e-08,2.0042e-08,3.9e-08,-3.2948e-08,-6.5244e-09,-1.3009e-08,-2.6413e-08,-1.979e-08
0,-0.04,0,0.15708,0.15708,-1.0071e-08,-5.4738e-08,-3.637e-08,-1.4302e-08,9.3649e-09,2.4872e-08,3.806e-08,-3.4653e-08,-7.9292e-09,-1.3108e-08,-3.1271e-08,-1.5231e-08
0.04,-0.04,0,0.15708,0.15708,-1.5976e-08,-4.8317e-08,-3.0008e-08,-1.4216e-08,8.5349e-09,3.207e-08,3.2591e-08,-3.5575e-08,-8.0832e-09,-1.2743e-08,-3.9194e-08,-1.2524e-08
-0.08,0,0,0.15708,0.15708,-5.8201e-10,-6.214e-08,-5.2935e-08,-1.9147e-08,1.1654e-08,1.0042e-08,4.0078e-08,-2.7414e-08,-4.0981e-09,-1.2622e-08,-2.2317e-08,-1.7638e-08
-0.04,0,0,0.15708,0.15708,-4.9781e-09,-5.9053e-08,-4.6291e-08,-2.1055e-08,9.8788e-09,1.6077e-08,3.5501e-08,-2.7032e-08,-4.7903e-09,-1.39e-08,-2.5775e-08,-1.368e-08
0,0,0,0.15708,0.15708,-9.8962e-09,-5.8483e-08,-3.9572e-08,-1.9145e-08,8.5122e-09,2.2022e-08,3.3924e-08,-2.9797e-08,-5.0102e-09,-1.4659e-08,-3.0697e-08,-1.1955e-08
0.04,0,0,0.15708,0.15708,-1.5572e-08,-5.3449e-08,-3.3864e-08,-1.7408e-08,7.5215e-09,2.6489e-08,3.1319e-08,-3.0507e-08,-5.9958e-09,-1.3666e-08,-3.7136e-08,-8.6512e-09
0.08,0,0,0.15708,0.15708,-2.3513e-08,-4.6402e-08,-2.6941e-08,-1.6857e-08,7.8134e-09,3.4173e-08,2.7434e-08,-3.0426e-08,-7.1583e-09,-1.3504e-08,-4.5124e-08,-6.8526e-09
-0.04,0.04,0,0.15708,0.15708,-5.6206e-09,-6.3477e-08,-5.3955e-08,-2.409e-08,9.0039e-09,1.2439e-08,3.543e-08,-2.3243e-08,-1.4224e-09,-1.4282e-08,-2.4188e-08,-1.1013e-08
0,0.04,0,0.15708,0.15708,-9.9354e-09,-5.8928e-08,-4.6263e-08,-2.5347e-08,7.5317e-09,1.6876e-08,3.3248e-08,-2.4586e-08,-1.6625e-09,-1.4545e-08,-2.7777e-08,-9.179e-09
0.04,0.04,0,0.15708,0.15708,-1.4895e-08,-5.483e-08,-3.7944e-08,-2.2886e-08,7.8441e-09,2.2576e-08,2.8959e-08,-2.6019e-08,-2.2258e-09,-1.3834e-08,-3.424e-08,-6.108e-09
0,0.08,0,0.15708,0.15708,-8.8154e-09,-6.016e-08,-4.8008e-08,-3.2843e-08,8.3586e-09,1.4391e-08,2.8976e-08,-2.1163e-08,3.5486e-09,-1.524e-08,-2.7375e-08,-5.8632e-09
-0.04,-0.04,0.04,0.15708,0.15708,-1.5042e-09,-6.5912e-08,-3.9013e-08,-1.1504e-08,1.8175e-08,1.8055e-08,3.2825e-08,-2.8799e-08,-1.0086e-08,-9.4088e-09,-2.6762e-08,-1.3784e-08
0,-0.04,0.04,0.15708,0.15708,-9.5147e-09,-6.3614e-08,-3.3015e-08,-1.1183e-08,1.4912e-08,2.3785e-08,2.9682e-08,-3.0016e-08,-1.1153e-08,-9.3815e-09,-3.1864e-08,-1.0828e-08
0.04,-0.04,0.04,0.15708,0.15708,-1.7332e-08,-5.6283e-08,-2.8994e-08,-1.0468e-08,1.2096e-08,2.7989e-08,2.7507e-08,-2.9881e-08,-1.2436e-08,-7.6394e-09,-3.7772e-08,-7.1273e-09
-0.04,0,0.04,0.15708,0.15708,-2.8744e-09,-7.2627e-08,-4.3796e-08,-1.4527e-08,1.7998e-08,1.5369e-08,3.1925e-08,-2.5134e-08,-8.2353e-09,-9.636e-09,-2.5461e-08,-8.2515e-09
0,0,0.04,0.15708,0.15708,-8.4074e-09,-6.7237e-08,-3.5931e-08,-1.3476e-08,1.3952e-08,2.1203e-08,2.9975e-08,-2.4952e-08,-8.4939e-09,-8.8418e-09,-3.0959e-08,-6.5215e-09
0.04,0,0.04,0.15708,0.15708,-1.6113e-08,-5.9666e-08,-3.1435e-08,-1.4052e-08,1.2459e-08,2.5226e-08,2.6943e-08,-2.5568e-08,-1.0506e-08,-7.3671e-09,-3.7119e-08,-4.7402e-09
-0.04,0.04,0.04,0.15708,0.15708,-4.3326e-09,-7.3531e-08,-4.6014e-08,-2.098e-08,1.7686e-08,1.2366e-08,3.0174e-08,-2.153e-08,-5.4166e-09,-9.391e-09,-2.4418e-08,-6.4483e-09
0,0.04,0.04,0.15708,0.15708,-7.5562e-09,-7.2011e-08,-4.0318e-08,-1.6605e-08,1.4482e-08,1.6506e-08,2.8638e-08,-2.1966e-08,-5.2762e-09,-8.2916e-09,-2.9506e-08,-3.8781e-09
0.04,0.04,0.04,0.15708,0.15708,-1.497e-08,-6.474e-08,-3.2861e-08,-1.7635e-08,1.228e-08,2.1034e-08,2.4317e-08,-2.2748e-08,-5.5277e-09,-6.2137e-09,-3.4608e-08,-2.8462e-09
0,0,0.08,0.15708,0.15708,-7.4164e-09,-7.8302e-08,-3.2903e-08,-8.0638e-09,1.9027e-08,1.7805e-08,2.3539e-08,-2.1692e-08,-1.3982e-08,-4.3479e-09,-2.8712e-08,-1.1886e-09
