0,0,-0.08,0.05236,0.05236,-1.0058e-08,-4.163e-08,-4.297e-08,-2.8943e-08,-5.276e-09,2.7761e-08,4.5865e-08,-3.2586e-08,2.8487e-09,-2.6704e-08,-2.869e-08,-1.4661e-08
-0.04,-0.04,-0.04,0.05236,0.05236,-5.0247e-09,-4.8548e-08,-4.1443e-08,-2.2409e-08,1.5087e-10,2.326e-08,4.7118e-08,-3.4043e-08,-1.5733e-09,-1.7698e-08,-2.6587e-08,-1.9795e-08
0,-0.04,-0.04,0.05236,0.05236,-1.0085e-08,-4.5741e-08,-3.4804e-08,-2.2294e-08,1.2651e-09,2.974e-08,4.2192e-08,-3.5717e-08,-1.8168e-09,-1.9253e-08,-3.3494e-08,-1.7443e-08
0.04,-0.04,-0.04,0.05236,0.05236,-1.5997e-08,-4.3059e-08,-2.9299e-08,-2.0814e-08,1.2885e-09,3.8966e-08,3.7187e-08,-3.7319e-08,-1.8278e-09,-2.0281e-08,-3.8648e-08,-1.2636e-08
-0.04,0,-0.04,0.05236,0.05236,-5.9187e-09,-5.1621e-08,-4.9258e-08,-2.7118e-08,5.9613e-11,2.0312e-08,4.5341e-08,-2.8212e-08,9.6634e-10,-2.0536e-08,-2.5634e-08,-1.3862e-08
0,0,-0.04,0.05236,0.05236,-9.3685e-09,-4.8414e-08,-4.0395e-08,-2.6352e-08,1.3579e-09,2.6243e-08,4.0563e-08,-2.9456e-08,1.0669e-09,-2.1804e-08,-3.0629e-08,-1.172e-08
0.04,0,-0.04,0.05236,0.05236,-1.5134e-08,-4.6425e-08,-3.3633e-08,-2.5688e-08,1.1287e-09,3.5141e-08,3.5739e-08,-3.045e-08,1.1651e-09,-2.101e-08,-3.6559e-08,-1.0053e-08
-0.04,0.04,-0.04,0.05236,0.05236,-5.5243e-09,-5.3223e-08,-5.5951e-08,-3.4625e-08,4.6411e-10,1.5391e-08,4.1663e-08,-2.422e-08,3.2267e-09,-2.2082e-08,-2.4879e-08,-1.0589e-08
0,0.04,-0.04,0.05236,0.05236,-9.1297e-09,-5.0762e-08,-4.4947e-08,-3.3496e-08,1.7284e-10,2.2094e-08,3.7304e-08,-2.5211e-08,5.7215e-09,-2.3711e-08,-2.8607e-08,-8.1451e-09
0.04,0.04,-0.04,0.05236,0.05236,-1.3383e-08,-4.8132e-08,-3.7076e-08,-3.1458e-08,5.5878e-10,2.9324e-08,3.2231e-08,-2.6166e-08,6.4725e-09,-2.4134e-08,-3.4569e-08,-7.4077e-09
0,-0.08,0,0.05236,0.05236,-9.9533e-09,-4.98e-08,-2.9085e-08,-1.5984e-08,7.0194e-09,3.026e-08,3.5554e-08,-3.7948e-08,-6.6255e-09,-1.38e-08,-3.3841e-08,-1.8162e-08
-0.04,-0.04,0,0.05236,0.05236,-4.7577e-09,-5.886e-08,-3.9984e-08,-2.0148e-08,7.6363e-09,2.1917e-08,4.0718e-08,-2.9956e-08,-3.9465e-09,-1.4719e-08,-2.7795e-08,-1.4717e-08
0,-0.04,0,0.05236,0.05236,-9.044e-09,-5.4732e-08,-3.3222e-08,-1.9103e-08,6.8595e-09,2.7586e-08,3.6429e-08,-3.1522e-08,-4.0753e-09,-1.4942e-08,-3.2778e-08,-1.1841e-08
0.04,-0.04,0,0.05236,0.05236,-1.7391e-08,-5.0368e-08,-2.8276e-08,-1.8346e-08,6.3465e-09,3.4657e-08,3.2516e-08,-3.1908e-08,-5.0989e-09,-1.53e-08,-4.0403e-08,-8.8263e-09
-0.08,0,0,0.05236,0.05236,-4.7606e-10,-6.3125e-08,-5.2032e-08,-2.5374e-08,8.5439e-09,1.2772e-08,4.1704e-08,-2.4583e-08,-1.3417e-09,-1.4794e-08,-2.1996e-08,-1.2384e-08
-0.04,0,0,0.05236,0.05236,-4.1755e-09,-6.0864e-08,-4.4242e-08,-2.4826e-08,6.3475e-09,1.8184e-08,3.8891e-08,-2.6256e-08,-1.5595e-09,-1.5853e-08,-2.656e-08,-9.9725e-09
0,0,0,0.05236,0.05236,-9.1981e-09,-5.8738e-08,-3.7304e-08,-2.4157e-08,7.1235e-09,2.4383e-08,3.4432e-08,-2.7282e-08,-1.7024e-09,-1.592e-08,-3.1631e-08,-7.6185e-09
0.04,0,0,0.05236,0.05236,-1.4555e-08,-5.2962e-08,-3.1895e-08,-2.2982e-08,6.1692e-09,3.1996e-08,3.0868e-08,-2.8192e-08,-1.7366e-09,-1.6131e-08,-3.7101e-08,-5.9196e-09
0.08,0,0,0.05236,0.05236,-2.0784e-08,-4.9216e-08,-2.5945e-08,-2.1339e-08,5.2679e-09,3.7045e-08,2.7716e-08,-2.7743e-08,-1.3834e-09,-1.4825e-08,-4.6081e-08,-4.5364e-09
-0.04,0.04,0,0.05236,0.05236,-4.6462e-09,-6.5218e-08,-5.0276e-08,-3.1795e-08,6.0381e-09,1.5089e-08,3.5223e-08,-2.2137e-08,1.1755e-09,-1.6454e-08,-2.5164e-08,-5.9593e-09
0,0.04,0,0.05236,0.05236,-8.4709e-09,-6.1398e-08,-4.276e-08,-2.9191e-08,6.1635e-09,2.0874e-08,3.239e-08,-2.2477e-08,2.5401e-09,-1.6415e-08,-3.0102e-08,-5.1474e-09
0.04,0.04,0,0.05236,0.05236,-1.3936e-08,-5.5469e-08,-3.5322e-08,-2.8668e-08,5.5676e-09,2.6933e-08,2.865e-08,-2.3229e-08,2.6437e-09,-1.566e-08,-3.6405e-08,-3.6952e-09
0,0.08,0,0.05236,0.05236,-7.8533e-09,-6.0848e-08,-4.6491e-08,-3.766e-08,5.7289e-09,1.7602e-08,2.9494e-08,-1.8987e-08,6.5396e-09,-1.7591e-08,-2.751e-08,-3.009e-09
-0.04,-0.04,0.04,0.05236,0.05236,-1.2955e-09,-7.0343e-08,-3.6322e-08,-1.7118e-08,1.4724e-08,2.0381e-08,3.2124e-08,-2.6012e-08,-6.8575e-09,-1.0476e-08,-2.6707e-08,-8.8504e-09
0,-0.04,0.04,0.05236,0.05236,-8.1737e-09,-6.506e-08,-3.168e-08,-1.6117e-08,1.1687e-08,2.4948e-08,2.9132e-08,-2.6551e-08,-7.6261e-09,-1.077e-08,-3.2424e-08,-5.6529e-09
0.04,-0.04,0.04,0.05236,0.05236,-1.631e-08,-6.096e-08,-2.6583e-08,-1.5704e-08,1.034e-08,3.0503e-08,2.7165e-08,-2.6869e-08,-9.1919e-09,-1.005e-08,-3.976e-08,-2.8739e-09
-0.04,0,0.04,0.05236,0.05236,-2.9587e-09,-7.1692e-08,-4.1749e-08,-2.0809e-08,1.4097e-08,1.6827e-08,3.1135e-08,-2.2895e-08,-4.4346e-09,-1.0919e-08,-2.6096e-08,-3.9799e-09
0,0,0.04,0.05236,0.05236,-7.3234e-09,-6.9904e-08,-3.4839e-08,-1.9744e-08,1.2372e-08,2.2089e-08,2.9182e-08,-2.3364e-08,-5.4045e-09,-1.0143e-08,-3.0677e-08,-3.0523e-09
0.04,0,0.04,0.05236,0.05236,-1.4525e-08,-6.2298e-08,-2.9936e-08,-1.8758e-08,1.0955e-08,2.741e-08,2.5664e-08,-2.376e-08,-5.5362e-09,-1.0013e-08,-3.6606e-08,-1.4215e-09
-0.04,0.04,0.04,0.05236,0.05236,-2.5158e-09,-7.7165e-08,-4.4489e-08,-2.5916e-08,1.5426e-08,1.5266e-08,2.9671e-08,-1.9168e-08,-1.8313e-09,-1.2109e-08,-2.489e-08,-2.2573e-09
0,0.04,0.04,0.05236,0.05236,-7.077e-09,-7.244e-08,-3.8693e-08,-2.4778e-08,1.2503e-08,2.0003e-08,2.7431e-08,-1.9531e-08,-1.6605e-09,-1.0841e-08,-2.8929e-08,-4.1929e-10
0.04,0.04,0.04,0.05236,0.05236,-1.3425e-08,-6.4541e-08,-3.2896e-08,-2.4335e-08,9.9048e-09,2.4211e-08,2.5026e-08,-1.9872e-08,-1.3733e-09,-9.4727e-09,-3.4718e-08,4.1699e-10
0,0,0.08,0.05236,0.05236,-5.6618e-09,-8.3261e-08,-3.1547e-08,-1.507e-08,1.8143e-08,2.0306e-08,2.428e-08,-1.9206e-08,-9.1997e-09,-6.6884e-09,-2.9262e-08,2.6087e-09
0,0,-0.08,0.10472,0.05236,-1.028e-08,-4.2653e-08,-4.3311e-08,-2.7352e-08,-2.9885e-09,2.702e-08,4.4036e-08,-3.2291e-08,1.8027e-09,-2.6109e-08,-2.791e-08,-1.6806e-08
-0.04,-0.04,-0.04,0.10472,0.05236,-5.0992e-09,-4.8049e-08,-4.3802e-08,-2.0816e-08,2.3113e-09,2.1614e-08,4.7524e-08,-3.5225e-08,-3.1839e-09,-1.7644e-08,-2.5733e-08,-2.2328e-08
0,-0.04,-0.04,0.10472,0.05236,-1.0076e-08,-4.6238e-08,-3.663e-08,-1.9929e-08,2.508e-09,2.8821e-08,4.2294e-08,-3.7276e-08,-2.7237e-09,-1.7992e-08,-3.1916e-08,-1.8614e-08
0.04,-0.04,-0.04,0.10472,0.05236,-1.6032e-08,-4.3036e-08,-3.1092e-08,-1.97e-08,3.1237e-09,3.8792e-08,3.7281e-08,-3.7855e-08,-3.643e-09,-1.9404e-08,-3.8477e-08,-1.4913e-08
-0.04,0,-0.04,0.10472,0.05236,-5.1394e-09,-5.0588e-08,-5.0628e-08,-2.6355e-08,1.5356e-09,1.7301e-08,4.3424e-08,-2.9717e-08,-7.0593e-10,-1.9289e-08,-2.5709e-08,-1.6485e-08
0,0,-0.04,0.10472,0.05236,-9.8658e-09,-4.7981e-08,-4.1817e-08,-2.5142e-08,2.3178e-09,2.5608e-08,4.0336e-08,-3.0009e-08,-6.1996e-10,-2.0584e-08,-2.9957e-08,-1.4752e-08
0.04,0,-0.04,0.10472,0.05236,-1.5432e-08,-4.5857e-08,-3.3113e-08,-2.2815e-08,2.5051e-09,3.3791e-08,3.5007e-08,-3.1475e-08,-1.0212e-09,-2.0836e-08,-3.7383e-08,-1.0961e-08
-0.04,0.04,-0.04,0.10472,0.05236,-5.1283e-09,-5.2883e-08,-5.9093e-08,-3.2181e-08,3.6554e-10,1.4438e-08,4.1257e-08,-2.5144e-08,1.9237e-09,-2.1632e-08,-2.4036e-08,-1.3171e-08
0,0.04,-0.04,0.10472,0.05236,-9.3455e-09,-5.1141e-08,-4.7809e-08,-3.0836e-08,1.022e-09,2.0232e-08,3.6524e-08,-2.5498e-08,3.0112e-09,-2.3214e-08,-2.8815e-08,-1.1042e-08
0.04,0.04,-0.04,0.10472,0.05236,-1.3845e-08,-4.667e-08,-3.8139e-08,-2.8842e-08,1.5406e-09,2.746e-08,3.3169e-08,-2.6328e-08,4.0778e-09,-2.2222e-08,-3.474e-08,-7.8464e-09
0,-0.08,0,0.10472,0.05236,-9.9722e-09,-4.8812e-08,-2.9556e-08,-1.3925e-08,7.2723e-09,2.9652e-08,3.7054e-08,-3.8805e-08,-7.8356e-09,-1.3121e-08,-3.3047e-08,-1.7956e-08
-0.04,-0.04,0,0.10472,0.05236,-3.394e-09,-5.6631e-08,-4.0312e-08,-1.8434e-08,9.2043e-09,2.0138e-08,3.9643e-08,-3.222e-08,-5.6096e-09,-1.3779e-08,-2.6604e-08,-1.7988e-08
0,-0.04,0,0.10472,0.05236,-9.9082e-09,-5.4447e-08,-3.4524e-08,-1.7775e-08,8.1446e-09,2.7424e-08,3.5554e-08,-3.3091e-08,-5.8589e-09,-1.4463e-08,-3.2725e-08,-1.4206e-08
0.04,-0.04,0,0.10472,0.05236,-1.6493e-08,-4.9471e-08,-2.893e-08,-1.6774e-08,6.2558e-09,3.2896e-08,3.1962e-08,-3.3839e-08,-7.0929e-09,-1.4767e-08,-3.8619e-08,-1.1316e-08
-0.08,0,0,0.10472,0.05236,-8.7367e-10,-6.3133e-08,-5.2861e-08,-2.2658e-08,9.5943e-09,1.1913e-08,4.1731e-08,-2.5696e-08,-2.9335e-09,-1.3953e-08,-2.1778e-08,-1.5922e-08
-0.04,0,0,0.10472,0.05236,-4.5403e-09,-5.9653e-08,-4.5849e-08,-2.3008e-08,8.9338e-09,1.7669e-08,3.878e-08,-2.7038e-08,-2.6252e-09,-1.465e-08,-2.6099e-08,-1.2888e-08
0,0,0,0.10472,0.05236,-9.3962e-09,-5.7556e-08,-3.9488e-08,-2.2172e-08,7.3834e-09,2.3575e-08,3.4134e-08,-2.7449e-08,-3.6516e-09,-1.3882e-08,-3.0898e-08,-1.083e-08
0.04,0,0,0.10472,0.05236,-1.4804e-08,-5.2682e-08,-3.2312e-08,-2.0643e-08,7.0583e-09,2.9706e-08,3.0386e-08,-2.7951e-08,-3.8062e-09,-1.5023e-08,-3.7263e-08,-8.3931e-09
0.08,0,0,0.10472,0.05236,-2.2337e-08,-4.8214e-08,-2.6761e-08,-1.8951e-08,5.576e-09,3.468e-08,2.7246e-08,-2.9308e-08,-4.4469e-09,-1.45e-08,-4.697e-08,-5.3258e-09
-0.04,0.04,0,0.10472,0.05236,-4.2371e-09,-6.3549e-08,-5.1875e-08,-2.8034e-08,7.2389e-09,1.3743e-08,3.5946e-08,-2.3022e-08,4.413e-10,-1.504e-08,-2.4561e-08,-9.7459e-09
0,0.04,0,0.10472,0.05236,-8.9988e-09,-5.8903e-08,-4.2479e-08,-2.7058e-08,7.1256e-09,2.0075e-08,3.182e-08,-2.4007e-08,8.4098e-11,-1.545e-08,-2.9266e-08,-7.4151e-09
0.04,0.04,0,0.10472,0.05236,-1.3509e-08,-5.4811e-08,-3.4217e-08,-2.5166e-08,6.4286e-09,2.4737e-08,2.8961e-08,-2.4502e-08,8.2364e-10,-1.4864e-08,-3.6472e-08,-5.7176e-09
0,0.08,0,0.10472,0.05236,-7.5857e-09,-6.0936e-08,-4.7316e-08,-3.4084e-08,6.2452e-09,1.5411e-08,2.8908e-08,-2.0593e-08,5.1855e-09,-1.5567e-08,-2.7655e-08,-4.4833e-09
-0.04,-0.04,0.04,0.10472,0.05236,-1.7621e-09,-6.9217e-08,-3.6909e-08,-1.4057e-08,1.5955e-08,1.9072e-08,3.2235e-08,-2.7528e-08,-7.6839e-09,-1.0232e-08,-2.7289e-08,-1.1751e-08
0,-0.04,0.04,0.10472,0.05236,-7.6238e-09,-6.4157e-08,-3.1923e-08,-1.3319e-08,1.2889e-08,2.4675e-08,3.0445e-08,-2.8476e-08,-9.3562e-09,-9.3555e-09,-3.2557e-08,-8.4164e-09
0.04,-0.04,0.04,0.10472,0.05236,-1.618e-08,-5.8403e-08,-2.739e-08,-1.3656e-08,1.1228e-08,2.9301e-08,2.6915e-08,-2.9929e-08,-1.1517e-08,-8.9161e-09,-3.865e-08,-5.0942e-09
-0.04,0,0.04,0.10472,0.05236,-1.7385e-09,-7.2672e-08,-4.2109e-08,-1.906e-08,1.5854e-08,1.6636e-08,3.115e-08,-2.3634e-08,-6.0871e-09,-1.0371e-08,-2.5858e-08,-8.121e-09
0,0,0.04,0.10472,0.05236,-7.9255e-09,-6.8791e-08,-3.6046e-08,-1.7718e-08,1.3757e-08,2.1754e-08,2.906e-08,-2.3516e-08,-7.1234e-09,-9.4691e-09,-3.0822e-08,-5.7856e-09
0.04,0,0.04,0.10472,0.05236,-1.4649e-08,-6.172e-08,-2.9174e-08,-1.5477e-08,1.1024e-08,2.5693e-08,2.6148e-08,-2.55e-08,-8.3731e-09,-8.3653e-09,-3.7655e-08,-3.0977e-09
-0.04,0.04,0.04,0.10472,0.05236,-3.7307e-09,-7.5277e-08,-4.6156e-08,-2.2206e-08,1.6242e-08,1.3658e-08,3.0179e-08,-1.985e-08,-3.5178e-09,-1.0584e-08,-2.4457e-08,-4.7624e-09
0,0.04,0.04,0.10472,0.05236,-7.5018e-09,-7.1146e-08,-3.8453e-08,-2.2352e-08,1.2734e-08,1.9079e-08,2.8045e-08,-1.999e-08,-3.6549e-09,-9.2822e-09,-2.969e-08,-3.4974e-09
0.04,0.04,0.04,0.10472,0.05236,-1.3313e-08,-6.6357e-08,-3.3522e-08,-2.0628e-08,1.1166e-08,2.3405e-08,2.5081e-08,-2.102e-08,-4.3375e-09,-8.1101e-09,-3.4856e-08,-2.0843e-09
0,0,0.08,0.10472,0.05236,-6.8043e-09,-8.3972e-08,-3.1723e-08,-1.2285e-08,1.858e-08,1.9624e-08,2.4573e-08,-2.0141e-08,-1.0956e-08,-5.0607e-09,-2.9302e-08,8.2375e-10
0,0,-0.08,0.15708,0.05236,-1.1126e-08,-4.0235e-08,-4.517e-08,-2.4569e-08,-3.2012e-09,2.4255e-08,4.5631e-08,-3.2648e-08,9.0962e-12,-2.4778e-08,-2.8022e-08,-1.9289e-08
-0.04,-0.04,-0.04,0.15708,0.05236,-4.9012e-09,-4.734e-08,-4.3108e-08,-1.8661e-08,3.7117e-09,1.9508e-08,4.9319e-08,-3.6714e-08,-4.477e-09,-1.6872e-08,-2.5583e-08,-2.4708e-08
0,-0.04,-0.04,0.15708,0.05236,-1.046e-08,-4.6946e-08,-3.7748e-08,-1.8025e-08,3.5164e-09,2.8301e-08,4.2771e-08,-3.8097e-08,-4.4487e-09,-1.7481e-08,-3.0103e-08,-2.0693e-08
0.04,-0.04,-0.04,0.15708,0.05236,-1.5881e-08,-4.2683e-08,-3.1075e-08,-1.7414e-08,3.3869e-09,3.8254e-08,3.7779e-08,-3.9294e-08,-5.5134e-09,-1.8226e-08,-3.7138e-08,-1.5215e-08
-0.04,0,-0.04,0.15708,0.05236,-5.0135e-09,-5.0411e-08,-5.0645e-08,-2.3701e-08,2.915e-09,1.6741e-08,4.5401e-08,-3.0729e-08,-1.936e-09,-1.7958e-08,-2.5138e-08,-1.8944e-08
0,0,-0.04,0.15708,0.05236,-1.0643e-08,-4.7141e-08,-4.24e-08,-2.2951e-08,3.212e-09,2.3147e-08,3.9974e-08,-3.1391e-08,-2.4328e-09,-1.9309e-08,-2.9423e-08,-1.5623e-08
0.04,0,-0.04,0.15708,0.05236,-1.4699e-08,-4.4332e-08,-3.569e-08,-2.1232e-08,2.382e-09,3.1368e-08,3.4818e-08,-3.2526e-08,-2.5359e-09,-2.027e-08,-3.5574e-08,-1.3204e-08
-0.04,0.04,-0.04,0.15708,0.05236,-5.495e-09,-5.1173e-08,-5.6456e-08,-2.8246e-08,1.2749e-09,1.1474e-08,4.0557e-08,-2.4971e-08,7.4232e-10,-2.058e-08,-2.3325e-08,-1.5141e-08
0,0.04,-0.04,0.15708,0.05236,-9.5318e-09,-5.0069e-08,-4.7886e-08,-2.8505e-08,1.701e-09,1.7935e-08,3.574e-08,-2.6177e-08,1.4008e-09,-2.1732e-08,-2.7518e-08,-1.2441e-08
0.04,0.04,-0.04,0.15708,0.05236,-1.4239e-08,-4.7143e-08,-3.8899e-08,-2.6647e-08,1.7684e-09,2.6245e-08,3.1959e-08,-2.7294e-08,1.424e-09,-2.201e-08,-3.391e-08,-1.0028e-08
0,-0.08,0,0.15708,0.05236,-8.3858e-09,-4.893e-08,-3.0174e-08,-1.2126e-08,1.0042e-08,2.8929e-08,3.7569e-08,-4.1427e-08,-9.1004e-09,-1.1971e-08,-3.3639e-08,-2.1421e-08
-0.04,-0.04,0,0.15708,0.05236,-4.5029e-09,-5.6077e-08,-4.1729e-08,-1.5593e-08,9.728e-09,1.9277e-08,3.9668e-08,-3.322e-08,-6.6172e-09,-1.2844e-08,-2.6886e-08,-2.0897e-08
0,-0.04,0,0.15708,0.05236,-9.9453e-09,-5.3126e-08,-3.5179e-08,-1.5112e-08,9.6641e-09,2.5834e-08,3.7e-08,-3.4068e-08,-7.6327e-09,-1.3374e-08,-3.2382e-08,-1.7663e-08
0.04,-0.04,0,0.15708,0.05236,-1.646e-08,-4.8544e-08,-3.0041e-08,-1.4362e-08,7.9571e-09,3.1853e-08,3.155e-08,-3.5365e-08,-8.6122e-09,-1.292e-08,-3.9529e-08,-1.2285e-08
-0.08,0,0,0.15708,0.05236,-1.8926e-10,-6.0616e-08,-5.2927e-08,-2.033e-08,1.0325e-08,1.1387e-08,4.1898e-08,-2.7017e-08,-4.1732e-09,-1.3397e-08,-2.1427e-08,-1.9268e-08
-0.04,0,0,0.15708,0.05236,-4.9459e-09,-6.1506e-08,-4.6568e-08,-1.8656e-08,9.3406e-09,1.5402e-08,3.8712e-08,-2.8562e-08,-5.2413e-09,-1.4249e-08,-2.5326e-08,-1.5112e-08
0,0,0,0.15708,0.05236,-9.3314e-09,-5.6686e-08,-3.9981e-08,-1.7873e-08,8.9115e-09,2.1504e-08,3.5213e-08,-2.9578e-08,-4.5576e-09,-1.3315e-08,-3.113e-08,-1.2147e-08
0.04,0,0,0.15708,0.05236,-1.5799e-08,-5.1569e-08,-3.3129e-08,-1.7989e-08,7.6737e-09,2.8587e-08,3.0354e-08,-2.9285e-08,-5.6621e-09,-1.2331e-08,-3.6392e-08,-9.9656e-09
0.08,0,0,0.15708,0.05236,-2.2451e-08,-4.7067e-08,-2.7727e-08,-1.7465e-08,6.5359e-09,3.5703e-08,2.8403e-08,-3.0783e-08,-6.3984e-09,-1.2086e-08,-4.5019e-08,-7.6429e-09
-0.04,0.04,0,0.15708,0.05236,-5.1561e-09,-6.2711e-08,-5.2915e-08,-2.5012e-08,9.1181e-09,1.2911e-08,3.4837e-08,-2.3471e-08,-2.3248e-09,-1.4504e-08,-2.4396e-08,-1.0857e-08
0,0.04,0,0.15708,0.05236,-8.6939e-09,-5.9301e-08,-4.4083e-08,-2.4936e-08,7.2227e-09,1.8194e-08,3.2357e-08,-2.4117e-08,-1.681e-09,-1.453e-08,-2.8589e-08,-9.2333e-09
0.04,0.04,0,0.15708,0.05236,-1.4299e-08,-5.4152e-08,-3.5949e-08,-2.2891e-08,7.2157e-09,2.4126e-08,2.8144e-08,-2.5065e-08,-1.486e-09,-1.2669e-08,-3.5267e-08,-7.3553e-09
0,0.08,0,0.15708,0.05236,-8.5501e-09,-6.0554e-08,-4.7375e-08,-2.9751e-08,7.2644e-09,1.5139e-08,2.9127e-08,-2.0917e-08,2.5836e-09,-1.5124e-08,-2.7974e-08,-6.3057e-09
-0.04,-0.04,0.04,0.15708,0.05236,-1.2226e-09,-6.4626e-08,-3.8375e-08,-1.1041e-08,1.6822e-08,1.72e-08,3.2825e-08,-2.8745e-08,-1.0213e-08,-8.9027e-09,-2.6084e-08,-1.3699e-08
0,-0.04,0.04,0.15708,0.05236,-7.2666e-09,-6.5717e-08,-3.301e-08,-1.1433e-08,1.4181e-08,2.3133e-08,3.0352e-08,-2.9903e-08,-1.047e-08,-8.6812e-09,-3.1274e-08,-1.0992e-08
0.04,-0.04,0.04,0.15708,0.05236,-1.6984e-08,-5.6758e-08,-2.7662e-08,-1.076e-08,1.1631e-08,2.9472e-08,2.8362e-08,-3.0568e-08,-1.2476e-08,-7.883e-09,-3.9124e-08,-6.2424e-09
-0.04,0,0.04,0.15708,0.05236,-3.0537e-09,-7.2968e-08,-4.3267e-08,-1.5302e-08,1.7932e-08,1.56e-08,3.0672e-08,-2.4174e-08,-8.2114e-09,-9.0036e-09,-2.5808e-08,-1.0506e-08
0,0,0.04,0.15708,0.05236,-8.1982e-09,-6.8107e-08,-3.6788e-08,-1.3733e-08,1.4115e-08,2.0499e-08,2.8805e-08,-2.6157e-08,-8.8472e-09,-8.6445e-09,-3.0457e-08,-8.2066e-09
0.04,0,0.04,0.15708,0.05236,-1.5658e-08,-6.0527e-08,-3.041e-08,-1.3599e-08,1.1669e-08,2.3885e-08,2.7175e-08,-2.5388e-08,-1.0312e-08,-7.771e-09,-3.7498e-08,-5.49e-09
-0.04,0.04,0.04,0.15708,0.05236,-2.7649e-09,-7.4629e-08,-4.5533e-08,-1.9584e-08,1.746e-08,1.3392e-08,3.0261e-08,-2.145e-08,-5.5426e-09,-9.0805e-09,-2.4319e-08,-5.8204e-09
0,0.04,0.04,0.15708,0.05236,-8.2242e-09,-7.3361e-08,-3.9678e-08,-1.7974e-08,1.3332e-08,1.7244e-08,2.7703e-08,-2.1814e-08,-5.8304e-09,-8.3782e-09,-2.7908e-08,-5.5189e-09
0.04,0.04,0.04,0.15708,0.05236,-1.3841e-08,-6.6139e-08,-3.3229e-08,-1.8634e-08,1.168e-08,2.2026e-08,2.5121e-08,-2.2596e-08,-5.2509e-09,-6.4124e-09,-3.4925e-08,-3.9575e-09
0,0,0.08,0.15708,0.05236,-6.0859e-09,-7.9492e-08,-3.3305e-08,-9.1837e-09,1.9378e-08,1.8606e-08,2.4709e-08,-2.1925e-08,-1.3736e-08,-4.1271e-09,-2.9822e-08,-1.0072e-09
0,0,-0.08,0.05236,0.10472,-1.0196e-08,-4.1087e-08,-4.4288e-08,-2.8805e-08,-4.4237e-09,2.7066e-08,4.6321e-08,-3.2263e-08,3.2187e-09,-2.7319e-08,-2.8591e-08,-1.529e-08
-0.04,-0.04,-0.04,0.05236,0.10472,-5.4406e-09,-4.8508e-08,-4.1643e-08,-2.2445e-08,5.1871e-10,2.199e-08,4.8552e-08,-3.4464e-08,-1.7545e-09,-1.8513e-08,-2.6419e-08,-2.0292e-08
0,-0.04,-0.04,0.05236,0.10472,-1.067e-08,-4.6092e-08,-3.6154e-08,-2.2272e-08,1.5558e-09,3.0585e-08,4.1913e-08,-3.5495e-08,-2.0481e-09,-1.9599e-08,-3.2027e-08,-1.5655e-08
0.04,-0.04,-0.04,0.05236,0.10472,-1.5615e-08,-4.3741e-08,-2.8272e-08,-2.0518e-08,1.9612e-09,3.9077e-08,3.6788e-08,-3.7294e-08,-2.2178e-09,-2.0089e-08,-3.7952e-08,-1.2769e-08
-0.04,0,-0.04,0.05236,0.10472,-5.4843e-09,-5.0444e-08,-5.1011e-08,-2.8201e-08,-8.6786e-12,1.8385e-08,4.4651e-08,-2.8138e-08,1.0023e-09,-1.9528e-08,-2.5921e-08,-1.481e-08
0,0,-0.04,0.05236,0.10472,-9.7514e-09,-4.8976e-08,-4.1245e-08,-2.7349e-08,1.0762e-09,2.4969e-08,3.9491e-08,-2.9961e-08,1.1944e-09,-2.1027e-08,-3.0732e-08,-1.1763e-08
0.04,0,-0.04,0.05236,0.10472,-1.4562e-08,-4.6482e-08,-3.3163e-08,-2.5189e-08,1.6066e-09,3.4719e-08,3.4674e-08,-3.091e-08,1.8653e-09,-2.2798e-08,-3.7393e-08,-9.698e-09
-0.04,0.04,-0.04,0.05236,0.10472,-5.793e-09,-5.2529e-08,-5.7555e-08,-3.5222e-08,-9.4227e-10,1.4084e-08,4.1264e-08,-2.3804e-08,3.9019e-09,-2.2159e-08,-2.4664e-08,-1.0538e-08
0,0.04,-0.04,0.05236,0.10472,-9.1829e-09,-4.91e-08,-4.583e-08,-3.3569e-08,8.6734e-10,2.1258e-08,3.5828e-08,-2.5338e-08,5.2487e-09,-2.3149e-08,-2.9445e-08,-8.4259e-09
0.04,0.04,-0.04,0.05236,0.10472,-1.3382e-08,-4.8145e-08,-3.8033e-08,-3.1511e-08,6.6439e-10,3.0232e-08,3.232e-08,-2.5578e-08,6.325e-09,-2.439e-08,-3.5024e-08,-6.7944e-09
0,-0.08,0,0.05236,0.10472,-8.5467e-09,-5.2106e-08,-2.8243e-08,-1.5694e-08,7.4383e-09,2.9976e-08,3.7198e-08,-3.7547e-08,-6.7876e-09,-1.3571e-08,-3.434e-08,-1.5902e-08
-0.04,-0.04,0,0.05236,0.10472,-3.9186e-09,-5.6557e-08,-4.0569e-08,-2.0185e-08,7.998e-09,2.0377e-08,3.9213e-08,-3.0133e-08,-3.7863e-09,-1.3886e-08,-2.7769e-08,-1.5775e-08
0,-0.04,0,0.05236,0.10472,-9.2735e-09,-5.4431e-08,-3.313e-08,-1.9522e-08,6.4891e-09,2.6859e-08,3.6859e-08,-3.2498e-08,-4.6625e-09,-1.4889e-08,-3.2513e-08,-1.1056e-08
0.04,-0.04,0,0.05236,0.10472,-1.5998e-08,-4.9741e-08,-2.8783e-08,-1.8446e-08,5.4539e-09,3.4525e-08,3.1623e-08,-3.3037e-08,-4.5277e-09,-1.6422e-08,-3.987e-08,-8.7091e-09
-0.08,0,0,0.05236,0.10472,-6.8009e-10,-6.4039e-08,-5.0901e-08,-2.5745e-08,7.8673e-09,1.2976e-08,4.0694e-08,-2.4485e-08,-1.6386e-09,-1.5334e-08,-2.1566e-08,-1.3248e-08
-0.04,0,0,0.05236,0.10472,-4.0004e-09,-6.0908e-08,-4.4425e-08,-2.4757e-08,6.9524e-09,1.8926e-08,3.7449e-08,-2.595e-08,-1.6169e-09,-1.5294e-08,-2.622e-08,-1.1007e-08
0,0,0,0.05236,0.10472,-9.9348e-09,-5.7976e-08,-3.8312e-08,-2.4305e-08,6.8218e-09,2.4469e-08,3.4279e-08,-2.7333e-08,-1.4553e-09,-1.5771e-08,-3.0854e-08,-7.7809e-09
0.04,0,0,0.05236,0.10472,-1.5008e-08,-5.4137e-08,-3.1442e-08,-2.2359e-08,5.8374e-09,3.165e-08,3.0317e-08,-2.7542e-08,-1.9606e-09,-1.5266e-08,-3.9083e-08,-5.7172e-09
0.08,0,0,0.05236,0.10472,-2.199e-08,-4.9212e-08,-2.5058e-08,-2.1492e-08,4.9382e-09,3.838e-08,2.721e-08,-2.7553e-08,-2.2148e-09,-1.6056e-08,-4.5879e-08,-4.4897e-09
-0.04,0.04,0,0.05236,0.10472,-4.6394e-09,-6.3887e-08,-5.0884e-08,-3.1389e-08,6.2326e-09,1.4663e-08,3.5897e-08,-2.25e-08,1.9834e-09,-1.5733e-08,-2.5471e-08,-7.31e-09
0,0.04,0,0.05236,0.10472,-8.7171e-09,-6.0573e-08,-4.229e-08,-2.9935e-08,6.7857e-09,2.046e-08,3.2369e-08,-2.3469e-08,2.4085e-09,-1.7577e-08,-2.9777e-08,-5.2094e-09
0.04,0.04,0,0.05236,0.10472,-1.4367e-08,-5.5461e-08,-3.4894e-08,-2.7918e-08,6.1846e-09,2.6666e-08,2.8458e-08,-2.3297e-08,3.2628e-09,-1.6539e-08,-3.4609e-08,-3.5283e-09
0,0.08,0,0.05236,0.10472,-8.0884e-09,-5.9959e-08,-4.6761e-08,-3.8044e-08,7.1762e-09,1.6898e-08,2.9755e-08,-1.9124e-08,7.0919e-09,-1.7368e-08,-2.829e-08,-3.1051e-09
-0.04,-0.04,0.04,0.05236,0.10472,-1.8389e-09,-6.9254e-08,-3.5404e-08,-1.6971e-08,1.5343e-08,2.0131e-08,3.3295e-08,-2.6188e-08,-6.7561e-09,-1.0601e-08,-2.6496e-08,-8.3874e-09
0,-0.04,0.04,0.05236,0.10472,-9.1573e-09,-6.4536e-08,-3.0955e-08,-1.6481e-08,1.2271e-08,2.4821e-08,2.9271e-08,-2.6375e-08,-7.0143e-09,-1.03e-08,-3.2119e-08,-6.2989e-09
0.04,-0.04,0.04,0.05236,0.10472,-1.6081e-08,-6.0644e-08,-2.6164e-08,-1.5608e-08,1.0023e-08,3.0403e-08,2.6522e-08,-2.6631e-08,-9.3171e-09,-1.0243e-08,-3.9841e-08,-3.6584e-09
-0.04,0,0.04,0.05236,0.10472,-2.8128e-09,-7.4792e-08,-4.0643e-08,-2.0804e-08,1.4954e-08,1.7946e-08,3.0756e-08,-2.2346e-08,-3.9255e-09,-1.1321e-08,-2.6592e-08,-4.9954e-09
0,0,0.04,0.05236,0.10472,-8.2979e-09,-6.935e-08,-3.3958e-08,-1.9706e-08,1.2657e-08,2.1891e-08,2.8121e-08,-2.3362e-08,-4.5082e-09,-1.0871e-08,-3.1346e-08,-3.4887e-09
0.04,0,0.04,0.05236,0.10472,-1.4824e-08,-6.3239e-08,-2.9474e-08,-1.9212e-08,1.1428e-08,2.8573e-08,2.6216e-08,-2.3928e-08,-5.8142e-09,-1.0383e-08,-3.7839e-08,-1.197e-09
-0.04,0.04,0.04,0.05236,0.10472,-3.642e-09,-7.6746e-08,-4.4892e-08,-2.6887e-08,1.4935e-08,1.493e-08,3.0416e-08,-1.9452e-08,-8.7487e-10,-1.1429e-08,-2.4574e-08,-1.739e-09
0,0.04,0.04,0.05236,0.10472,-7.2423e-09,-7.1721e-08,-3.9885e-08,-2.3919e-08,1.1663e-08,1.9455e-08,2.7405e-08,-2.04e-08,-1.7811e-09,-1.1282e-08,-2.9042e-08,-4.3153e-10
0.04,0.04,0.04,0.05236,0.10472,-1.3465e-08,-6.3793e-08,-3.2805e-08,-2.3038e-08,1.0734e-08,2.341e-08,2.5085e-08,-2.0205e-08,-1.3339e-09,-9.0877e-09,-3.4624e-08,-1.6296e-10
0,0,0.08,0.05236,0.10472,-4.9671e-09,-8.0918e-08,-3.1449e-08,-1.5525e-08,1.7443e-08,1.9748e-08,2.4024e-08,-1.8765e-08,-8.9631e-09,-6.5238e-09,-2.9193e-08,3.2179e-09
0,0,-0.08,0.10472,0.10472,-9.9018e-09,-3.9807e-08,-4.4113e-08,-2.6299e-08,-2.4636e-09,2.5654e-08,4.5569e-08,-3.3451e-08,1.7739e-09,-2.6128e-08,-2.8281e-08,-1.6286e-08
-0.04,-0.04,-0.04,0.10472,0.10472,-5.5585e-09,-4.7609e-08,-4.3246e-08,-2.0564e-08,2.7388e-09,2.0527e-08,4.8711e-08,-3.568e-08,-2.752e-09,-1.7886e-08,-2.5901e-08,-2.1915e-08
0,-0.04,-0.04,0.10472,0.10472,-9.9239e-09,-4.552e-08,-3.8266e-08,-2.0195e-08,3.0152e-09,2.9045e-08,4.3906e-08,-3.7043e-08,-3.2571e-09,-1.8625e-08,-3.1169e-08,-1.7908e-08
0.04,-0.04,-0.04,0.10472,0.10472,-1.6164e-08,-4.303e-08,-3.0592e-08,-1.8888e-08,3.0006e-09,3.6982e-08,3.7724e-08,-3.7957e-08,-3.9274e-09,-1.9723e-08,-3.9531e-08,-1.4428e-08
-0.04,0,-0.04,0.10472,0.10472,-6.0224e-09,-5.0992e-08,-4.879e-08,-2.5794e-08,1.5927e-09,1.7012e-08,4.392e-08,-2.8914e-08,-8.0575e-10,-1.8804e-08,-2.5365e-08,-1.6483e-08
0,0,-0.04,0.10472,0.10472,-1.0182e-08,-4.7836e-08,-4.2774e-08,-2.5221e-08,1.9375e-09,2.5429e-08,4.002e-08,-3.1128e-08,-2.0261e-10,-2.081e-08,-2.9971e-08,-1.3884e-08
0.04,0,-0.04,0.10472,0.10472,-1.5232e-08,-4.4699e-08,-3.4901e-08,-2.2794e-08,2.5282e-09,3.2411e-08,3.4284e-08,-3.2243e-08,-1.0916e-10,-2.119e-08,-3.6161e-08,-1.131e-08
-0.04,0.04,-0.04,0.10472,0.10472,-5.4231e-09,-5.1756e-08,-5.5281e-08,-3.2547e-08,-2.3731e-10,1.2809e-08,4.099e-08,-2.5282e-08,2.6482e-09,-2.1427e-08,-2.3888e-08,-1.2202e-08
0,0.04,-0.04,0.10472,0.10472,-9.7206e-09,-5.0005e-08,-4.7901e-08,-3.0544e-08,1.4454e-09,2.0295e-08,3.5652e-08,-2.519e-08,3.0615e-09,-2.1756e-08,-2.8226e-08,-1.0195e-08
0.04,0.04,-0.04,0.10472,0.10472,-1.4564e-08,-4.6419e-08,-3.8567e-08,-2.8637e-08,1.9074e-09,2.7503e-08,3.2373e-08,-2.6146e-08,4.2402e-09,-2.1902e-08,-3.5144e-08,-8.8153e-09
0,-0.08,0,0.10472,0.10472,-8.9147e-09,-4.9464e-08,-2.9954e-08,-1.4392e-08,7.6907e-09,2.9726e-08,3.6736e-08,-3.9e-08,-8.2548e-09,-1.285e-08,-3.2953e-08,-1.7938e-08
-0.04,-0.04,0,0.10472,0.10472,-4.2629e-09,-5.5953e-08,-4.0701e-08,-1.8492e-08,8.2943e-09,2.0657e-08,3.9592e-08,-3.2572e-08,-5.2992e-09,-1.3473e-08,-2.7394e-08,-1.7024e-08
0,-0.04,0,0.10472,0.10472,-1.0122e-08,-5.198e-08,-3.4883e-08,-1.7318e-08,8.5904e-09,2.6224e-08,3.6099e-08,-3.3458e-08,-5.8197e-09,-1.4036e-08,-3.2181e-08,-1.3396e-08
0.04,-0.04,0,0.10472,0.10472,-1.7334e-08,-4.956e-08,-2.9836e-08,-1.7044e-08,7.011e-09,3.3849e-08,3.1928e-08,-3.4308e-08,-6.4017e-09,-1.4278e-08,-3.9653e-08,-9.9049e-09
-0.08,0,0,0.10472,0.10472,-7.2797e-10,-6.2472e-08,-5.2944e-08,-2.3423e-08,8.7461e-09,1.0816e-08,4.0632e-08,-2.5414e-08,-2.841e-09,-1.4487e-08,-2.15e-08,-1.5773e-08
-0.04,0,0,0.10472,0.10472,-4.8007e-09,-6.1039e-08,-4.5037e-08,-2.1607e-08,8.2462e-09,1.667e-08,3.846e-08,-2.6753e-08,-2.8984e-09,-1.478e-08,-2.6296e-08,-1.3427e-08
0,0,0,0.10472,0.10472,-9.8582e-09,-5.8392e-08,-3.9198e-08,-2.1074e-08,7.7589e-09,2.2938e-08,3.419e-08,-2.7763e-08,-2.9879e-09,-1.5438e-08,-3.1562e-08,-1.0457e-08
0.04,0,0,0.10472,0.10472,-1.5932e-08,-5.2284e-08,-3.2566e-08,-2.0312e-08,6.6265e-09,2.8953e-08,3.128e-08,-2.8896e-08,-4.1377e-09,-1.4905e-08,-3.7682e-08,-7.794e-09
0.08,0,0,0.10472,0.10472,-2.2036e-08,-4.8116e-08,-2.5919e-08,-1.9352e-08,6.4229e-09,3.5343e-08,2.6672e-08,-2.9356e-08,-4.1275e-09,-1.3454e-08,-4.716e-08,-5.2272e-09
-0.04,0.04,0,0.10472,0.10472,-4.9997e-09,-6.2609e-08,-5.2116e-08,-2.9121e-08,8.2972e-09,1.3925e-08,3.5242e-08,-2.2623e-08,-2.3799e-10,-1.5242e-08,-2.4731e-08,-8.7962e-09
0,0.04,0,0.10472,0.10472,-8.7143e-09,-6.0518e-08,-4.3186e-08,-2.738e-08,7.6143e-09,1.9794e-08,3.1835e-08,-2.3594e-08,7.8899e-10,-1.6251e-08,-2.9429e-08,-7.7189e-09
0.04,0.04,0,0.10472,0.10472,-1.4428e-08,-5.6e-08,-3.5134e-08,-2.5852e-08,6.0725e-09,2.4489e-08,2.814e-08,-2.4952e-08,1.0923e-09,-1.3595e-08,-3.5322e-08,-5.2934e-09
0,0.08,0,0.10472,0.10472,-8.655e-09,-5.9972e-08,-4.7336e-08,-3.379e-08,7.0651e-09,1.5317e-08,2.8882e-08,-2.013e-08,5.4053e-09,-1.5677e-08,-2.7256e-08,-4.6711e-09
-0.04,-0.04,0.04,0.10472,0.10472,-2.7512e-09,-6.7047e-08,-3.6037e-08,-1.4517e-08,1.6036e-08,1.8455e-08,3.2445e-08,-2.7928e-08,-8.5577e-09,-1.0055e-08,-2.7089e-08,-1.11e-08
0,-0.04,0.04,0.10472,0.10472,-7.6739e-09,-6.2571e-08,-3.2216e-08,-1.3751e-08,1.3496e-08,2.4587e-08,3.005e-08,-2.7682e-08,-9.6132e-09,-1.0191e-08,-3.2487e-08,-7.5501e-09
0.04,-0.04,0.04,0.10472,0.10472,-1.5885e-08,-5.8361e-08,-2.718e-08,-1.347e-08,1.1073e-08,2.8609e-08,2.7383e-08,-2.8465e-08,-1.1811e-08,-9.3435e-09,-3.8369e-08,-6.6792e-09
-0.04,0,0.04,0.10472,0.10472,-3.4415e-09,-7.3719e-08,-4.1851e-08,-1.765e-08,1.5801e-08,1.6364e-08,3.1709e-08,-2.338e-08,-6.4581e-09,-1.0407e-08,-2.602e-08,-6.6665e-09
0,0,0.04,0.10472,0.10472,-8.5379e-09,-6.9478e-08,-3.5367e-08,-1.7099e-08,1.3799e-08,2.1588e-08,2.975e-08,-2.4027e-08,-6.8217e-09,-9.5109e-09,-3.1414e-08,-5.3509e-09
0.04,0,0.04,0.10472,0.10472,-1.5131e-08,-6.2474e-08,-3.0141e-08,-1.6317e-08,1.1396e-08,2.6055e-08,2.6562e-08,-2.4224e-08,-7.5018e-09,-9.3346e-09,-3.644e-08,-3.3471e-09
-0.04,0.04,0.04,0.10472,0.10472,-3.3732e-09,-7.6942e-08,-4.5517e-08,-2.1669e-08,1.5876e-08,1.4012e-08,2.9783e-08,-2.0509e-08,-3.2876e-09,-1.0716e-08,-2.4549e-08,-4.6054e-09
0,0.04,0.04,0.10472,0.10472,-8.1359e-09,-7.0694e-08,-3.9061e-08,-2.0678e-08,1.2409e-08,1.8513e-08,2.752e-08,-2.0515e-08,-3.2963e-09,-9.8776e-09,-2.8518e-08,-2.923e-09
0.04,0.04,0.04,0.10472,0.10472,-1.4254e-08,-6.47e-08,-3.3234e-08,-2.1486e-08,1.0747e-08,2.2271e-08,2.509e-08,-2.1692e-08,-2.8552e-09,-8.6382e-09,-3.4375e-08,-1.3965e-09
0,0,0.08,0.10472,0.10472,-5.064e-09,-8.3009e-08,-3.1719e-08,-1.2304e-08,1.8026e-08,1.8874e-08,2.3427e-08,-2.0837e-08,-1.1133e-08,-5.8107e-09,-2.9308e-08,4.4415e-10
0,0,-0.08,0.15708,0.10472,-1.0503e-08,-4.0596e-08,-4.5647e-08,-2.4829e-08,-1.9552e-09,2.3262e-08,4.5602e-08,-3.3008e-08,-1.3812e-11,-2.52e-08,-2.7364e-08,-1.8863e-08
-0.04,-0.04,-0.04,0.15708,0.10472,-5.0987e-09,-4.7678e-08,-4.5012e-08,-1.8601e-08,3.9142e-09,2.0156e-08,4.9424e-08,-3.6336e-08,-4.3558e-09,-1.6635e-08,-2.6016e-08,-2.545e-08
0,-0.04,-0.04,0.15708,0.10472,-1.0324e-08,-4.594e-08,-3.8905e-08,-1.7535e-08,4.2942e-09,2.7217e-08,4.2991e-08,-3.813e-08,-4.448e-09,-1.7459e-08,-3.1425e-08,-2.0368e-08
0.04,-0.04,-0.04,0.15708,0.10472,-1.7071e-08,-4.1871e-08,-3.1075e-08,-1.7009e-08,3.45e-09,3.5431e-08,3.6912e-08,-3.9886e-08,-4.7961e-09,-1.7671e-08,-3.8548e-08,-1.6195e-08
-0.04,0,-0.04,0.15708,0.10472,-5.328e-09,-5.0063e-08,-5.2477e-08,-2.2455e-08,2.5959e-09,1.5872e-08,4.5485e-08,-3.023e-08,-1.4578e-09,-1.9168e-08,-2.4735e-08,-1.9945e-08
0,0,-0.04,0.15708,0.10472,-1.0173e-08,-4.8087e-08,-4.2378e-08,-2.1869e-08,3.2585e-09,2.2427e-08,3.9981e-08,-3.1507e-08,-2.1401e-09,-1.9729e-08,-3.0473e-08,-1.4559e-08
0.04,0,-0.04,0.15708,0.10472,-1.5911e-08,-4.3598e-08,-3.5976e-08,-2.0996e-08,3.4495e-09,3.1409e-08,3.4809e-08,-3.2943e-08,-1.5557e-09,-2.0017e-08,-3.6435e-08,-1.2961e-08
-0.04,0.04,-0.04,0.15708,0.10472,-5.8562e-09,-5.284e-08,-5.7709e-08,-2.9589e-08,2.7564e-09,1.2236e-08,4.0085e-08,-2.4944e-08,1.0213e-09,-2.057e-08,-2.3676e-08,-1.4974e-08
0,0.04,-0.04,0.15708,0.10472,-1.0052e-08,-4.9042e-08,-4.9234e-08,-2.8777e-08,2.7459e-09,1.9546e-08,3.7197e-08,-2.6512e-08,1.629e-09,-2.1386e-08,-2.8782e-08,-1.2575e-08
0.04,0.04,-0.04,0.15708,0.10472,-1.4509e-08,-4.7022e-08,-3.8481e-08,-2.6271e-08,2.2175e-09,2.4783e-08,3.2576e-08,-2.7379e-08,2.0183e-09,-2.1401e-08,-3.3887e-08,-1.038e-08
0,-0.08,0,0.15708,0.10472,-8.712e-09,-4.9121e-08,-3.2164e-08,-1.2021e-08,9.8084e-09,2.8362e-08,3.7911e-08,-4.1161e-08,-9.6056e-09,-1.2432e-08,-3.3704e-08,-2.0733e-08
-0.04,-0.04,0,0.15708,0.10472,-4.5322e-09,-5.5581e-08,-4.1707e-08,-1.5235e-08,1.1235e-08,1.8925e-08,4.0431e-08,-3.243e-08,-6.9162e-09,-1.2454e-08,-2.6704e-08,-1.9944e-08
0,-0.04,0,0.15708,0.10472,-9.462e-09,-5.4277e-08,-3.6555e-08,-1.3894e-08,9.2607e-09,2.5879e-08,3.5417e-08,-3.4673e-08,-7.7825e-09,-1.2699e-08,-3.1305e-08,-1.6456e-08
0.04,-0.04,0,0.15708,0.10472,-1.6742e-08,-4.9748e-08,-2.9614e-08,-1.4332e-08,7.6526e-09,3.176e-08,3.2185e-08,-3.5454e-08,-9.178e-09,-1.2414e-08,-4.0128e-08,-1.2961e-08
-0.08,0,0,0.15708,0.10472,-3.5509e-10,-6.0485e-08,-5.6797e-08,-2.0001e-08,1.277e-08,1.0918e-08,4.2219e-08,-2.6821e-08,-4.2156e-09,-1.322e-08,-2.1342e-08,-1.8771e-08
-0.04,0,0,0.15708,0.10472,-4.9807e-09,-5.9615e-08,-4.8689e-08,-1.9711e-08,1.0192e-08,1.62e-08,3.8065e-08,-2.834e-08,-4.4121e-09,-1.3999e-08,-2.4963e-08,-1.5175e-08
0,0,0,0.15708,0.10472,-1.0166e-08,-5.7365e-08,-3.9684e-08,-1.9098e-08,8.4869e-09,2.2056e-08,3.3412e-08,-2.9066e-08,-4.0009e-09,-1.4902e-08,-3.0169e-08,-1.2401e-08
0.04,0,0,0.15708,0.10472,-1.6145e-08,-5.2684e-08,-3.401e-08,-1.7211e-08,7.5206e-09,2.7958e-08,3.0922e-08,-2.9524e-08,-5.5906e-09,-1.3364e-08,-3.7476e-08,-9.4636e-09
0.08,0,0,0.15708,0.10472,-2.3113e-08,-4.7642e-08,-2.7211e-08,-1.6604e-08,6.4894e-09,3.4878e-08,2.7831e-08,-3.024e-08,-6.4114e-09,-1.2697e-08,-4.6938e-08,-7.0864e-09
-0.04,0.04,0,0.15708,0.10472,-4.6093e-09,-6.3962e-08,-5.3321e-08,-2.5289e-08,9.7224e-09,1.279e-08,3.5139e-08,-2.3228e-08,-2.3025e-09,-1.5063e-08,-2.4108e-08,-1.0666e-08
0,0.04,0,0.15708,0.10472,-9.123e-09,-5.8377e-08,-4.3865e-08,-2.4436e-08,8.5278e-09,1.7064e-08,3.1843e-08,-2.4428e-08,-1.7752e-09,-1.3098e-08,-2.8607e-08,-8.23e-09
0.04,0.04,0,0.15708,0.10472,-1.4694e-08,-5.6572e-08,-3.5512e-08,-2.2666e-08,6.4e-09,2.3534e-08,2.9212e-08,-2.4878e-08,-3.0103e-10,-1.3972e-08,-3.4993e-08,-7.2842e-09
0,0.08,0,0.15708,0.10472,-9.2438e-09,-6.0458e-08,-4.8228e-08,-3.2108e-08,7.623e-09,1.3348e-08,3.0056e-08,-2.06e-08,2.8464e-09,-1.4652e-08,-2.7203e-08,-5.7006e-09
-0.04,-0.04,0.04,0.15708,0.10472,-7.2554e-10,-6.5254e-08,-3.8133e-08,-1.1882e-08,1.64e-08,1.7529e-08,3.3271e-08,-2.8126e-08,-1.0428e-08,-9.5516e-09,-2.6721e-08,-1.42e-08
0,-0.04,0.04,0.15708,0.10472,-8.9411e-09,-6.2235e-08,-3.3097e-08,-1.1221e-08,1.4074e-08,2.2767e-08,3.0902e-08,-2.9639e-08,-1.1414e-08,-8.597e-09,-3.1469e-08,-1.0788e-08
0.04,-0.04,0.04,0.15708,0.10472,-1.7264e-08,-5.7015e-08,-2.8459e-08,-1.0986e-08,1.1849e-08,2.7708e-08,2.8007e-08,-3.0796e-08,-1.3196e-08,-8.4036e-09,-3.7947e-08,-7.4801e-09
-0.04,0,0.04,0.15708,0.10472,-2.1446e-09,-7.0903e-08,-4.266e-08,-1.4916e-08,1.7879e-08,1.549e-08,3.1758e-08,-2.4959e-08,-7.6031e-09,-9.3577e-09,-2.6006e-08,-9.8523e-09
0,0,0.04,0.15708,0.10472,-8.2976e-09,-6.6588e-08,-3.7191e-08,-1.4673e-08,1.5291e-08,1.9497e-08,2.9041e-08,-2.4802e-08,-8.5842e-09,-8.7399e-09,-3.0421e-08,-7.2382e-09
0.04,0,0.04,0.15708,0.10472,-1.5918e-08,-6.1153e-08,-3.1045e-08,-1.3534e-08,1.2527e-08,2.5689e-08,2.6561e-08,-2.6514e-08,-9.7984e-09,-7.3122e-09,-3.7053e-08,-5.6058e-09
-0.04,0.04,0.04,0.15708,0.10472,-3.4901e-09,-7.6882e-08,-4.6814e-08,-1.954e-08,1.8182e-08,1.2815e-08,3.0304e-08,-2.1441e-08,-4.6862e-09,-1.0126e-08,-2.4603e-08,-5.7823e-09
0,0.04,0.04,0.15708,0.10472,-8.821e-09,-6.9717e-08,-3.9605e-08,-1.7679e-08,1.4282e-08,1.6399e-08,2.7521e-08,-2.2153e-08,-5.8199e-09,-8.1459e-09,-2.8316e-08,-5.1869e-09
0.04,0.04,0.04,0.15708,0.10472,-1.4005e-08,-6.5565e-08,-3.4721e-08,-1.8101e-08,1.2438e-08,2.1251e-08,2.5254e-08,-2.2505e-08,-6.2423e-09,-7.2177e-09,-3.5213e-08,-3.7012e-09
0,0,0.08,0.15708,0.10472,-5.7671e-09,-8.0524e-08,-3.3695e-08,-8.936e-09,2.0093e-08,1.8339e-08,2.4702e-08,-2.1119e-08,-1.3604e-08,-4.1748e-09,-2.9767e-08,-2.1488e-09
0,0,-0.08,0.05236,0.15708,-9.9661e-09,-4.1611e-08,-4.2047e-08,-2.8038e-08,-4.6359e-09,2.6668e-08,4.5802e-08,-3.2751e-08,3.4188e-09,-2.6904e-08,-2.8418e-08,-1.4587e-08
-0.04,-0.04,-0.04,0.05236,0.15708,-5.322e-09,-4.9006e-08,-4.1715e-08,-2.2671e-08,1.4941e-09,2.2444e-08,4.7176e-08,-3.4286e-08,-1.6793e-09,-1.7943e-08,-2.6545e-08,-1.9879e-08
0,-0.04,-0.04,0.05236,0.15708,-1.0513e-08,-4.6217e-08,-3.5636e-08,-2.1967e-08,1.8433e-09,2.9835e-08,4.2832e-08,-3.5026e-08,-1.8354e-09,-1.9082e-08,-3.202e-08,-1.5571e-08
0.04,-0.04,-0.04,0.05236,0.15708,-1.6288e-08,-4.422e-08,-2.9163e-08,-2.1334e-08,1.6195e-09,3.9838e-08,3.6979e-08,-3.7224e-08,-1.9417e-09,-2.1056e-08,-3.9261e-08,-1.2534e-08
-0.04,0,-0.04,0.05236,0.15708,-5.887e-09,-5.0047e-08,-4.8506e-08,-2.8293e-08,4.5633e-10,1.8609e-08,4.3925e-08,-2.8562e-08,1.1071e-09,-2.0142e-08,-2.5673e-08,-1.4719e-08
0,0,-0.04,0.05236,0.15708,-1.0339e-08,-4.8824e-08,-3.9969e-08,-2.6807e-08,1.8012e-09,2.6305e-08,3.9401e-08,-3.046e-08,1.7172e-09,-2.1208e-08,-3.0621e-08,-1.1705e-08
0.04,0,-0.04,0.05236,0.15708,-1.4667e-08,-4.5057e-08,-3.3524e-08,-2.5638e-08,1.0933e-09,3.5533e-08,3.54e-08,-3.0879e-08,2.1708e-09,-2.2253e-08,-3.6531e-08,-9.8184e-09
-0.04,0.04,-0.04,0.05236,0.15708,-5.7711e-09,-5.3295e-08,-5.6167e-08,-3.4899e-08,-8.8237e-10,1.4954e-08,4.0519e-08,-2.4275e-08,4.4747e-09,-2.2147e-08,-2.4664e-08,-1.0576e-08
0,0.04,-0.04,0.05236,0.15708,-9.4726e-09,-4.9816e-08,-4.67e-08,-3.3874e-08,1.0278e-09,2.1608e-08,3.6516e-08,-2.5088e-08,5.2098e-09,-2.2708e-08,-2.9289e-08,-9.2349e-09
0.04,0.04,-0.04,0.05236,0.15708,-1.3698e-08,-4.5909e-08,-3.7868e-08,-3.1818e-08,9.7866e-10,2.8609e-08,3.2589e-08,-2.6428e-08,6.2271e-09,-2.3585e-08,-3.3281e-08,-6.9791e-09
0,-0.08,0,0.05236,0.15708,-9.4479e-09,-4.9829e-08,-2.8776e-08,-1.5767e-08,7.0248e-09,2.9799e-08,3.7539e-08,-3.8236e-08,-6.3052e-09,-1.3887e-08,-3.3608e-08,-1.5355e-08
-0.04,-0.04,0,0.05236,0.15708,-3.5845e-09,-5.664e-08,-3.89e-08,-1.932e-08,7.1856e-09,2.0262e-08,3.9592e-08,-3.0918e-08,-3.5004e-09,-1.4126e-08,-2.7004e-08,-1.4453e-08
0,-0.04,0,0.05236,0.15708,-9.7857e-09,-5.471e-08,-3.384e-08,-1.9359e-08,6.9579e-09,2.7413e-08,3.5055e-08,-3.1262e-08,-4.4616e-09,-1.4584e-08,-3.2538e-08,-1.0802e-08
0.04,-0.04,0,0.05236,0.15708,-1.5898e-08,-5.0789e-08,-2.8482e-08,-1.8488e-08,6.2948e-09,3.333e-08,3.1931e-08,-3.2091e-08,-5.4525e-09,-1.4292e-08,-3.9832e-08,-8.6916e-09
-0.08,0,0,0.05236,0.15708,-7.981e-10,-6.287e-08,-5.1763e-08,-2.5673e-08,8.1697e-09,1.2876e-08,4.0559e-08,-2.4683e-08,-1.4024e-09,-1.5106e-08,-2.1267e-08,-1.2313e-08
-0.04,0,0,0.05236,0.15708,-4.1909e-09,-6.082e-08,-4.5121e-08,-2.5144e-08,7.8525e-09,1.7653e-08,3.7607e-08,-2.5839e-08,-1.3681e-09,-1.4888e-08,-2.6552e-08,-9.6512e-09
0,0,0,0.05236,0.15708,-9.537e-09,-5.8342e-08,-3.74e-08,-2.4147e-08,6.104e-09,2.4264e-08,3.3283e-08,-2.6489e-08,-1.0539e-09,-1.5741e-08,-3.1902e-08,-7.2296e-09
0.04,0,0,0.05236,0.15708,-1.5536e-08,-5.2792e-08,-3.158e-08,-2.278e-08,6.0141e-09,3.0027e-08,2.981e-08,-2.7304e-08,-1.4702e-09,-1.6247e-08,-3.8233e-08,-5.7016e-09
0.08,0,0,0.05236,0.15708,-2.108e-08,-4.9027e-08,-2.5477e-08,-2.0927e-08,5.6655e-09,3.8134e-08,2.7336e-08,-2.7738e-08,-2.0203e-09,-1.5275e-08,-4.5667e-08,-4.2662e-09
-0.04,0.04,0,0.05236,0.15708,-4.2472e-09,-6.3611e-08,-5.1726e-08,-3.2003e-08,8.3617e-09,1.4596e-08,3.5048e-08,-2.2374e-08,1.7104e-09,-1.7239e-08,-2.4904e-08,-6.1013e-09
0,0.04,0,0.05236,0.15708,-8.8351e-09,-5.9791e-08,-4.2321e-08,-2.9895e-08,7.452e-09,2.0455e-08,3.1343e-08,-2.2736e-08,2.4081e-09,-1.6727e-08,-3.0838e-08,-5.569e-09
0.04,0.04,0,0.05236,0.15708,-1.3713e-08,-5.5618e-08,-3.5423e-08,-2.8292e-08,5.397e-09,2.6204e-08,2.9111e-08,-2.3331e-08,3.5279e-09,-1.6868e-08,-3.5968e-08,-3.6227e-09
0,0.08,0,0.05236,0.15708,-7.9945e-09,-6.0763e-08,-4.803e-08,-3.8594e-08,6.0769e-09,1.6792e-08,2.9053e-08,-1.8943e-08,6.9262e-09,-1.6623e-08,-2.7434e-08,-2.8965e-09
-0.04,-0.04,0.04,0.05236,0.15708,-2.3717e-09,-7.0274e-08,-3.6966e-08,-1.6825e-08,1.4371e-08,1.9443e-08,3.2215e-08,-2.4801e-08,-6.3477e-09,-1.0797e-08,-2.6622e-08,-9.2278e-09
0,-0.04,0.04,0.05236,0.15708,-7.8598e-09,-6.5107e-08,-3.1118e-08,-1.6189e-08,1.2202e-08,2.4906e-08,2.9614e-08,-2.5878e-08,-7.5185e-09,-1.0911e-08,-3.2462e-08,-6.0947e-09
0.04,-0.04,0.04,0.05236,0.15708,-1.5837e-08,-5.9783e-08,-2.6743e-08,-1.5143e-08,1.0047e-08,3.0186e-08,2.7225e-08,-2.6739e-08,-9.373e-09,-1.0358e-08,-3.8663e-08,-3.4312e-09
-0.04,0,0.04,0.05236,0.15708,-3.2532e-09,-7.5239e-08,-4.1309e-08,-2.1169e-08,1.5873e-08,1.7622e-08,3.1678e-08,-2.242e-08,-4.8083e-09,-1.1614e-08,-2.5877e-08,-4.5656e-09
0,0,0.04,0.05236,0.15708,-8.2746e-09,-6.8606e-08,-3.5395e-08,-2.0354e-08,1.3238e-08,2.2722e-08,2.8444e-08,-2.2573e-08,-4.8731e-09,-1.1042e-08,-3.0621e-08,-2.6721e-09
0.04,0,0.04,0.05236,0.15708,-1.4539e-08,-6.318e-08,-3.0469e-08,-1.9392e-08,1.0615e-08,2.7583e-08,2.5729e-08,-2.4661e-08,-4.9835e-09,-1.0897e-08,-3.8158e-08,-1.3047e-09
-0.04,0.04,0.04,0.05236,0.15708,-2.7206e-09,-7.591e-08,-4.468e-08,-2.6495e-08,1.5748e-08,1.4716e-08,2.9555e-08,-1.9751e-08,-1.5253e-09,-1.1136e-08,-2.4702e-08,-1.9432e-09
0,0.04,0.04,0.05236,0.15708,-6.8005e-09,-7.1326e-08,-3.9214e-08,-2.488e-08,1.2656e-08,1.94e-08,2.6957e-08,-1.9493e-08,-1.6607e-09,-1.195e-08,-2.965e-08,-1.174e-09
0.04,0.04,0.04,0.05236,0.15708,-1.3411e-08,-6.5787e-08,-3.2591e-08,-2.3886e-08,1.0372e-08,2.3458e-08,2.5278e-08,-2.0458e-08,-6.5666e-10,-9.3626e-09,-3.4979e-08,1.0068e-10
0,0,0.08,0.05236,0.15708,-6.7568e-09,-8.4855e-08,-3.2567e-08,-1.505e-08,1.8477e-08,1.9948e-08,2.4453e-08,-1.8798e-08,-8.6084e-09,-6.6599e-09,-2.991e-08,3.0097e-09
0,0,-0.08,0.10472,0.15708,-1.0401e-08,-4.1147e-08,-4.4639e-08,-2.6728e-08,-2.8552e-09,2.6009e-08,4.4817e-08,-3.2274e-08,1.7527e-09,-2.5939e-08,-2.8605e-08,-1.6338e-08
-0.04,-0.04,-0.04,0.10472,0.15708,-5.4464e-09,-4.7786e-08,-4.4377e-08,-2.1181e-08,3.5191e-09,2.0752e-08,4.9127e-08,-3.559e-08,-2.922e-09,-1.8068e-08,-2.6344e-08,-2.1535e-08
0,-0.04,-0.04,0.10472,0.15708,-1.0667e-08,-4.4837e-08,-3.7684e-08,-2.0236e-08,2.5384e-09,2.9941e-08,4.2723e-08,-3.7477e-08,-3.5491e-09,-1.7873e-08,-3.1954e-08,-1.8079e-08
0.04,-0.04,-0.04,0.10472,0.15708,-1.6099e-08,-4.2812e-08,-3.0371e-08,-1.8806e-08,2.6442e-09,3.8744e-08,3.7286e-08,-3.9352e-08,-3.5545e-09,-1.9864e-08,-3.8866e-08,-1.4515e-08
-0.04,0,-0.04,0.10472,0.15708,-5.6964e-09,-4.9992e-08,-5.0933e-08,-2.4788e-08,2.312e-09,1.7566e-08,4.4739e-08,-2.9283e-08,-2.6567e-10,-2.0048e-08,-2.5432e-08,-1.6426e-08
0,0,-0.04,0.10472,0.15708,-1.0089e-08,-4.8519e-08,-4.1137e-08,-2.3985e-08,2.6581e-09,2.4245e-08,3.828e-08,-3.066e-08,-1.7832e-10,-2.1035e-08,-3.0356e-08,-1.4004e-08
0.04,0,-0.04,0.10472,0.15708,-1.5658e-08,-4.5964e-08,-3.5036e-08,-2.4214e-08,2.5748e-09,3.3816e-08,3.5806e-08,-3.1383e-08,-5.3772e-10,-2.1778e-08,-3.7098e-08,-1.0971e-08
-0.04,0.04,-0.04,0.10472,0.15708,-5.7974e-09,-5.1678e-08,-5.9102e-08,-3.2276e-08,9.6003e-10,1.3138e-08,4.076e-08,-2.4966e-08,2.4025e-09,-2.121e-08,-2.4701e-08,-1.1991e-08
0,0.04,-0.04,0.10472,0.15708,-1.0317e-08,-5.1029e-08,-4.7942e-08,-3.0654e-08,2.3199e-09,2.0323e-08,3.6543e-08,-2.5744e-08,3.3598e-09,-2.2191e-08,-2.8182e-08,-1.021e-08
0.04,0.04,-0.04,0.10472,0.15708,-1.4173e-08,-4.6844e-08,-3.8715e-08,-2.8813e-08,2.0597e-09,2.8048e-08,3.2612e-08,-2.6922e-08,4.098e-09,-2.3265e-08,-3.4971e-08,-8.2515e-09
0,-0.08,0,0.10472,0.15708,-9.1252e-09,-4.946e-08,-3.139e-08,-1.4757e-08,7.9081e-09,2.9731e-08,3.7465e-08,-3.9568e-08,-7.8618e-09,-1.2761e-08,-3.3108e-08,-1.8872e-08
-0.04,-0.04,0,0.10472,0.15708,-3.5064e-09,-5.603e-08,-4.1071e-08,-1.8294e-08,9.4429e-09,1.8288e-08,3.9813e-08,-3.1485e-08,-5.0945e-09,-1.3857e-08,-2.7097e-08,-1.7808e-08
0,-0.04,0,0.10472,0.15708,-9.7272e-09,-5.4657e-08,-3.5193e-08,-1.6707e-08,8.0497e-09,2.5372e-08,3.5558e-08,-3.3423e-08,-6.2995e-09,-1.4133e-08,-3.2596e-08,-1.4068e-08
0.04,-0.04,0,0.10472,0.15708,-1.6719e-08,-5.0045e-08,-2.9243e-08,-1.6313e-08,7.5751e-09,3.2951e-08,3.2623e-08,-3.3881e-08,-7.7994e-09,-1.4784e-08,-3.9071e-08,-1.025e-08
-0.08,0,0,0.10472,0.15708,-4.3326e-10,-6.3209e-08,-5.2915e-08,-2.3697e-08,1.0886e-08,1.1538e-08,4.0916e-08,-2.5481e-08,-3.1571e-09,-1.4398e-08,-2.1591e-08,-1.5048e-08
-0.04,0,0,0.10472,0.15708,-4.3684e-09,-5.9306e-08,-4.8313e-08,-2.1379e-08,9.0797e-09,1.7455e-08,3.7639e-08,-2.6312e-08,-3.2163e-09,-1.5135e-08,-2.5795e-08,-1.205e-08
0,0,0,0.10472,0.15708,-9.5708e-09,-5.7121e-08,-4.0613e-08,-2.0989e-08,7.2861e-09,2.2847e-08,3.4076e-08,-2.8229e-08,-3.0422e-09,-1.4598e-08,-3.1683e-08,-9.5945e-09
0.04,0,0,0.10472,0.15708,-1.6031e-08,-5.1975e-08,-3.2489e-08,-2.074e-08,7.3933e-09,2.879e-08,3.1016e-08,-2.7748e-08,-2.9889e-09,-1.4507e-08,-3.6959e-08,-7.9677e-09
0.08,0,0,0.10472,0.15708,-2.3251e-08,-4.8131e-08,-2.6909e-08,-1.9485e-08,5.8453e-09,3.5781e-08,2.8065e-08,-2.902e-08,-5.0602e-09,-1.4329e-08,-4.5674e-08,-5.5157e-09
-0.04,0.04,0,0.10472,0.15708,-5.0985e-09,-6.4043e-08,-5.251e-08,-2.8861e-08,8.1522e-09,1.3349e-08,3.5109e-08,-2.2695e-08,-9.8925e-10,-1.5654e-08,-2.4457e-08,-8.8154e-09
0,0.04,0,0.10472,0.15708,-8.4219e-09,-5.9319e-08,-4.4213e-08,-2.755e-08,7.7766e-09,1.9821e-08,3.2134e-08,-2.3584e-08,4.7291e-10,-1.5515e-08,-2.9178e-08,-6.1935e-09
0.04,0.04,0,0.10472,0.15708,-1.3946e-08,-5.4881e-08,-3.7137e-08,-2.4989e-08,7.2281e-09,2.4445e-08,2.9039e-08,-2.4275e-08,9.8367e-10,-1.4934e-08,-3.6265e-08,-5.1265e-09
0,0.08,0,0.10472,0.15708,-8.3659e-09,-6.05e-08,-4.8878e-08,-3.5246e-08,7.6569e-09,1.544e-08,2.9178e-08,-2.0235e-08,4.5718e-09,-1.6739e-08,-2.7334e-08,-4.0894e-09
-0.04,-0.04,0.04,0.10472,0.15708,-1.9027e-09,-6.7772e-08,-3.8378e-08,-1.4856e-08,1.5487e-08,1.8495e-08,3.2922e-08,-2.7347e-08,-8.1384e-09,-1.0361e-08,-2.6485e-08,-1.1415e-08
0,-0.04,0.04,0.10472,0.15708,-8.6352e-09,-6.4114e-08,-3.1931e-08,-1.3931e-08,1.3129e-08,2.2662e-08,3.0645e-08,-2.8091e-08,-9.1338e-09,-9.9875e-09,-3.1478e-08,-7.7398e-09
0.04,-0.04,0.04,0.10472,0.15708,-1.6133e-08,-5.8027e-08,-2.7675e-08,-1.3085e-08,1.1393e-08,2.931e-08,2.753e-08,-2.9031e-08,-1.1059e-08,-9.3836e-09,-3.8349e-08,-5.5159e-09
-0.04,0,0.04,0.10472,0.15708,-3.5098e-09,-7.2912e-08,-4.2635e-08,-1.7873e-08,1.7127e-08,1.6449e-08,3.1694e-08,-2.4164e-08,-6.7105e-09,-1.0054e-08,-2.5745e-08,-8.4831e-09
0,0,0.04,0.10472,0.15708,-9.6373e-09,-6.7925e-08,-3.5726e-08,-1.7087e-08,1.3207e-08,2.1153e-08,2.8807e-08,-2.4355e-08,-6.4902e-09,-1.0518e-08,-3.0633e-08,-4.0366e-09
0.04,0,0.04,0.10472,0.15708,-1.5509e-08,-6.4904e-08,-3.0332e-08,-1.6806e-08,1.1658e-08,2.5815e-08,2.6273e-08,-2.4857e-08,-7.8705e-09,-8.7877e-09,-3.6935e-08,-3.3256e-09
-0.04,0.04,0.04,0.10472,0.15708,-2.7094e-09,-7.6874e-08,-4.6905e-08,-2.2654e-08,1.6357e-08,1.3982e-08,2.953e-08,-2.0391e-08,-3.1812e-09,-1.0458e-08,-2.4086e-08,-3.639e-09
0,0.04,0.04,0.10472,0.15708,-7.4415e-09,-7.1189e-08,-3.9735e-08,-2.1588e-08,1.3447e-08,1.8743e-08,2.694e-08,-2.1367e-08,-3.1201e-09,-9.9919e-09,-2.8289e-08,-2.6047e-09
0.04,0.04,0.04,0.10472,0.15708,-1.3678e-08,-6.3712e-08,-3.2882e-08,-1.9651e-08,1.0996e-08,2.2593e-08,2.4839e-08,-2.1601e-08,-3.4519e-09,-9.0116e-09,-3.5137e-08,-1.5718e-09
0,0,0.08,0.10472,0.15708,-6.7272e-09,-8.1384e-08,-3.3116e-08,-1.217e-08,1.8909e-08,1.8609e-08,2.3981e-08,-2.0389e-08,-1.1645e-08,-5.5776e-09,-2.9475e-08,8.7835e-10
0,0,-0.08,0.15708,0.15708,-1.0515e-08,-4.1325e-08,-4.5133e-08,-2.5189e-08,-1.6499e-09,2.2952e-08,4.4731e-08,-3.2548e-08,8.8747e-10,-2.5518e-08,-2.7322e-08,-1.7783e-08
-0.04,-0.04,-0.04,0.15708,0.15708,-5.4593e-09,-4.6832e-08,-4.6945e-08,-1.8417e-08,4.2433e-09,1.861e-08,4.9073e-08,-3.6761e-08,-3.9102e-09,-1.6856e-08,-2.5891e-08,-2.4846e-08
0,-0.04,-0.04,0.15708,0.15708,-1.0208e-08,-4.4651e-08,-3.9138e-08,-1.7971e-08,4.3052e-09,2.7228e-08,4.327e-08,-3.8997e-08,-4.6597e-09,-1.7759e-08,-3.1245e-08,-1.9086e-08
0.04,-0.04,-0.04,0.15708,0.15708,-1.5549e-08,-4.2689e-08,-3.1271e-08,-1.6812e-08,4.1037e-09,3.6122e-08,3.7837e-08,-3.9681e-08,-5.0467e-09,-1.7911e-08,-3.7145e-08,-1.6182e-08
-0.04,0,-0.04,0.15708,0.15708,-5.3176e-09,-4.9775e-08,-5.32e-08,-2.3602e-08,3.7364e-09,1.5245e-08,4.6259e-08,-2.9725e-08,-1.7907e-09,-1.8404e-08,-2.4887e-08,-1.8238e-08
0,0,-0.04,0.15708,0.15708,-1.1517e-08,-4.6996e-08,-4.474e-08,-2.2153e-08,3.8771e-09,2.3606e-08,3.9328e-08,-3.1523e-08,-1.9522e-09,-1.9864e-08,-3.0171e-08,-1.5905e-08
0.04,0,-0.04,0.15708,0.15708,-1.5395e-08,-4.4565e-08,-3.5689e-08,-2.0767e-08,3.3941e-09,3.134e-08,3.5597e-08,-3.2738e-08,-1.917e-09,-2.0299e-08,-3.6273e-08,-1.2792e-08
-0.04,0.04,-0.04,0.15708,0.15708,-6.6769e-09,-5.0847e-08,-6.1406e-08,-2.8503e-08,3.2678e-09,1.2189e-08,4.1249e-08,-2.596e-08,1.159e-09,-2.064e-08,-2.3456e-08,-1.3995e-08
0,0.04,-0.04,0.15708,0.15708,-1.063e-08,-4.832e-08,-4.8586e-08,-2.7557e-08,2.2905e-09,1.8141e-08,3.6527e-08,-2.6204e-08,1.4094e-09,-2.1398e-08,-2.744e-08,-1.2579e-08
0.04,0.04,-0.04,0.15708,0.15708,-1.4364e-08,-4.584e-08,-3.9782e-08,-2.6049e-08,2.973e-09,2.4858e-08,3.2377e-08,-2.7284e-08,2.1932e-09,-2.1321e-08,-3.3488e-08,-1.0032e-08
0,-0.08,0,0.15708,0.15708,-9.3099e-09,-4.8556e-08,-3.1388e-08,-1.1832e-08,9.7189e-09,2.8335e-08,3.7904e-08,-4.091e-08,-8.6962e-09,-1.2022e-08,-3.2539e-08,-2.0591e-08
-0.04,-0.04,0,0.15708,0.15708,-4.3559e-09,-5.6563e-08,-4.1686e-08,-1.5772e-08,1.0882e-08,1.836e-08,4.0013e-08,-3.3175e-08,-6.359e-09,-1.3103e-08,-2.5997e-08,-2.0851e-08
0,-0.04,0,0.15708,0.15708,-9.7458e-09,-5.3297e-08,-3.6464e-08,-1.5325e-08,9.4376e-09,2.452e-08,3.6175e-08,-3.4431e-08,-7.5298e-09,-1.3461e-08,-3.2246e-08,-1.5434e-08
0.04,-0.04,0,0.15708,0.15708,-1.7332e-08,-4.8123e-08,-3.0417e-08,-1.4484e-08,8.3826e-09,3.1567e-08,3.2873e-08,-3.6142e-08,-8.6102e-09,-1.2677e-08,-3.8702e-08,-1.1576e-08
-0.08,0,0,0.15708,0.15708,-3.0366e-10,-6.2076e-08,-5.4392e-08,-1.9266e-08,1.2943e-08,1.02e-08,4.1649e-08,-2.6275e-08,-4.2048e-09,-1.3993e-08,-2.1302e-08,-1.7533e-08
-0.04,0,0,0.15708,0.15708,-5.5791e-09,-6.0347e-08,-4.7007e-08,-1.9042e-08,1.1423e-08,1.4768e-08,3.829e-08,-2.7592e-08,-4.2887e-09,-1.4367e-08,-2.5537e-08,-1.4287e-08
0,0,0,0.15708,0.15708,-1.033e-08,-5.6947e-08,-4.0973e-08,-1.8971e-08,9.2049e-09,2.08e-08,3.4188e-08,-2.9304e-08,-5.5254e-09,-1.4223e-08,-3.0646e-08,-1.1371e-08
0.04,0,0,0.15708,0.15708,-1.6279e-08,-5.1412e-08,-3.3248e-08,-1.7619e-08,7.7689e-09,2.7496e-08,3.0999e-08,-2.9652e-08,-5.9419e-09,-1.4328e-08,-3.7208e-08,-1.023e-08
0.08,0,0,0.15708,0.15708,-2.4032e-08,-4.8539e-08,-2.7373e-08,-1.6668e-08,6.9105e-09,3.4352e-08,2.7391e-08,-3.0487e-08,-6.0071e-09,-1.3666e-08,-4.54e-08,-6.8638e-09
-0.04,0.04,0,0.15708,0.15708,-5.4509e-09,-6.2009e-08,-5.3276e-08,-2.5407e-08,1.0542e-08,1.2488e-08,3.3983e-08,-2.3635e-08,-1.4095e-09,-1.4817e-08,-2.3944e-08,-1.0703e-08
0,0.04,0,0.15708,0.15708,-9.6199e-09,-5.8582e-08,-4.3447e-08,-2.496e-08,8.8405e-09,1.7601e-08,3.2091e-08,-2.4243e-08,-1.4304e-09,-1.5253e-08,-2.9545e-08,-8.3412e-09
0.04,0.04,0,0.15708,0.15708,-1.515e-08,-5.5016e-08,-3.7534e-08,-2.1901e-08,7.9489e-09,2.3313e-08,2.8336e-08,-2.5013e-08,-1.0605e-09,-1.2735e-08,-3.4731e-08,-7.1232e-09
0,0.08,0,0.15708,0.15708,-9.314e-09,-6.1202e-08,-4.8459e-08,-3.095e-08,8.9598e-09,1.4558e-08,2.8958e-08,-2.1206e-08,3.2793e-09,-1.5008e-08,-2.7787e-08,-6.2107e-09
-0.04,-0.04,0.04,0.15708,0.15708,-2.4093e-09,-6.6474e-08,-3.8013e-08,-1.1658e-08,1.8467e-08,1.7796e-08,3.4076e-08,-2.831e-08,-9.6191e-09,-9.4991e-09,-2.721e-08,-1.2736e-08
0,-0.04,0.04,0.15708,0.15708,-8.876e-09,-6.2022e-08,-3.3103e-08,-1.145e-08,1.4216e-08,2.3156e-08,3.0456e-08,-3.0495e-08,-1.1206e-08,-8.8883e-09,-3.1296e-08,-1.0239e-08
0.04,-0.04,0.04,0.15708,0.15708,-1.6913e-08,-5.7467e-08,-2.8115e-08,-1.1024e-08,1.2632e-08,2.7374e-08,2.7791e-08,-3.037e-08,-1.3208e-08,-8.8873e-09,-3.8734e-08,-7.7532e-09
-0.04,0,0.04,0.15708,0.15708,-3.5281e-09,-7.2507e-08,-4.4207e-08,-1.4967e-08,1.797e-08,1.5503e-08,3.1992e-08,-2.4682e-08,-8.2414e-09,-9.3168e-09,-2.547e-08,-9.3862e-09
0,0,0.04,0.15708,0.15708,-9.0759e-09,-6.8803e-08,-3.7347e-08,-1.377e-08,1.4525e-08,1.9826e-08,2.9402e-08,-2.5183e-08,-9.1127e-09,-8.515e-09,-3.0398e-08,-6.3389e-09
0.04,0,0.04,0.15708,0.15708,-1.6227e-08,-6.0767e-08,-3.1889e-08,-1.3952e-08,1.2535e-08,2.4856e-08,2.6961e-08,-2.6009e-08,-1.0594e-08,-7.9904e-09,-3.6944e-08,-4.737e-09
-0.04,0.04,0.04,0.15708,0.15708,-3.6174e-09,-7.532e-08,-4.7668e-08,-1.7679e-08,1.8024e-08,1.2717e-08,2.9326e-08,-2.1387e-08,-4.8785e-09,-9.3043e-09,-2.3914e-08,-6.8431e-09
0,0.04,0.04,0.15708,0.15708,-8.7887e-09,-6.982e-08,-4.0422e-08,-1.7642e-08,1.4547e-08,1.7324e-08,2.8165e-08,-2.1595e-08,-5.108e-09,-8.666e-09,-2.877e-08,-4.4598e-09
0.04,0.04,0.04,0.15708,0.15708,-1.4299e-08,-6.4596e-08,-3.4253e-08,-1.7946e-08,1.2025e-08,2.143e-08,2.5047e-08,-2.2519e-08,-5.5554e-09,-6.9529e-09,-3.4018e-08,-2.9513e-09
0,0,0.08,0.15708,0.15708,-7.5802e-09,-7.975e-08,-3.3539e-08,-8.4528e-09,2.0179e-08,1.811e-08,2.4345e-08,-2.1751e-08,-1.3034e-08,-4.4467e-09,-2.8193e-08,-1.2986e-09
