0,0,-0.08,0.05236,0.05236,1.0012e-08,-2.8741e-08,-1.3976e-08,7.3161e-09,4.0341e-08,2.7062e-08,4.6832e-08,1.5589e-08,-1.6157e-09
-0.04,-0.04,-0.04,0.05236,0.05236,1.2008e-08,-2.7892e-08,-1.7508e-08,5.7974e-09,3.7446e-08,3.5317e-08,4.5931e-08,7.5471e-09,-1.161e-08
0,-0.04,-0.04,0.05236,0.05236,1.2512e-08,-2.6268e-08,-1.8903e-08,7.5825e-09,4.3296e-08,3.2274e-08,4.138e-08,1.4184e-08,-1.4108e-08
0.04,-0.04,-0.04,0.05236,0.05236,1.5018e-08,-2.339e-08,-2.2653e-08,9.6024e-09,4.5973e-08,2.736e-08,3.5363e-08,2.0316e-08,-1.3275e-08
-0.04,0,-0.04,0.05236,0.05236,1.2851e-08,-3.3344e-08,-1.5491e-08,2.7455e-09,4.3055e-08,3.0508e-08,4.894e-08,7.9772e-09,-5.023e-09
0,0,-0.04,0.05236,0.05236,1.4189e-08,-2.9828e-08,-1.9622e-08,5.1886e-09,4.6213e-08,2.7018e-08,4.1196e-08,1.5688e-08,-6.3275e-09
0.04,0,-0.04,0.05236,0.05236,1.6445e-08,-2.7283e-08,-2.2264e-08,6.6215e-09,4.8966e-08,2.4358e-08,3.7806e-08,2.3416e-08,-7.4051e-09
-0.04,0.04,-0.04,0.05236,0.05236,1.4301e-08,-3.8893e-08,-1.495e-08,-3.9865e-11,4.5852e-08,2.5659e-08,5.0059e-08,1.136e-08,-3.1823e-09
0,0.04,-0.04,0.05236,0.05236,1.6821e-08,-3.476e-08,-1.7235e-08,1.4985e-09,4.9247e-08,2.2683e-08,4.2802e-08,2.0085e-08,-1.115e-09
0.04,0.04,-0.04,0.05236,0.05236,1.9841e-08,-3.1534e-08,-2.1299e-08,1.7802e-09,5.4546e-08,2.0362e-08,3.6083e-08,2.8407e-08,-2.2277e-09
0,-0.08,0,0.05236,0.05236,1.3313e-08,-2.2638e-08,-2.488e-08,1.0914e-08,4.361e-08,3.5615e-08,3.4769e-08,1.1112e-08,-2.3681e-08
-0.04,-0.04,0,0.05236,0.05236,1.4524e-08,-2.8782e-08,-1.9998e-08,3.7768e-09,4.2767e-08,3.2972e-08,3.7352e-08,7.566e-09,-1.4563e-08
0,-0.04,0,0.05236,0.05236,1.5952e-08,-2.6588e-08,-2.4395e-08,4.6388e-09,4.7721e-08,3.0985e-08,3.4391e-08,1.3514e-08,-1.8462e-08
0.04,-0.04,0,0.05236,0.05236,1.8692e-08,-2.4406e-08,-2.9308e-08,5.8485e-09,5.2695e-08,2.6272e-08,3.064e-08,1.9028e-08,-1.7614e-08
-0.08,0,0,0.05236,0.05236,1.4947e-08,-3.6505e-08,-1.5969e-08,-1.6029e-09,4.3733e-08,3.2807e-08,4.3508e-08,3.3118e-09,-7.2704e-09
-0.04,0,0,0.05236,0.05236,1.656e-08,-3.3648e-08,-1.8701e-08,-9.7886e-10,4.7878e-08,2.8481e-08,4.1199e-08,6.6506e-09,-8.9149e-09
0,0,0,0.05236,0.05236,1.9133e-08,-3.1122e-08,-2.3965e-08,-5.9778e-10,5.4499e-08,2.6465e-08,3.7227e-08,1.3828e-08,-1.0389e-08
0.04,0,0,0.05236,0.05236,2.0197e-08,-2.8863e-08,-2.8018e-08,7.9493e-10,5.9348e-08,2.3906e-08,3.1983e-08,2.0385e-08,-1.2139e-08
0.08,0,0,0.05236,0.05236,2.4152e-08,-2.5568e-08,-3.4195e-08,1.3478e-09,5.9441e-08,2.0788e-08,2.8105e-08,2.7445e-08,-9.9113e-09
-0.04,0.04,0,0.05236,0.05236,1.8646e-08,-4.0051e-08,-1.7963e-08,-2.3144e-09,5.3898e-08,2.4746e-08,3.8386e-08,9.0701e-09,-4.1652e-09
0,0.04,0,0.05236,0.05236,2.2045e-08,-3.744e-08,-2.1982e-08,-1.5823e-09,6.0718e-08,2.2533e-08,3.4012e-08,1.5341e-08,-5.0946e-09
0.04,0.04,0,0.05236,0.05236,2.3023e-08,-3.2751e-08,-2.67e-08,-1.7613e-09,6.6121e-08,2.0439e-08,3.1821e-08,2.3891e-08,-5.6794e-09
0,0.08,0,0.05236,0.05236,2.6458e-08,-4.4649e-08,-2.0684e-08,-4.4571e-09,6.0462e-08,1.9416e-08,3.5185e-08,2.0412e-08,-2.1174e-09
-0.04,-0.04,0.04,0.05236,0.05236,1.7266e-08,-2.8157e-08,-2.1817e-08,-1.7084e-09,4.8956e-08,3.198e-08,2.9964e-08,7.5021e-09,-1.6748e-08
0,-0.04,0.04,0.05236,0.05236,1.9073e-08,-2.5852e-08,-2.7169e-08,4.9453e-10,5.4824e-08,2.9336e-08,2.9148e-08,1.1395e-08,-1.8817e-08
0.04,-0.04,0.04,0.05236,0.05236,2.1403e-08,-2.368e-08,-3.2563e-08,-1.2441e-09,6.1593e-08,2.5983e-08,2.7518e-08,1.7199e-08,-1.8778e-08
-0.04,0,0.04,0.05236,0.05236,1.7724e-08,-3.3227e-08,-2.2778e-08,-4.2001e-09,5.7159e-08,2.5345e-08,3.3457e-08,9.1782e-09,-1.1041e-08
0,0,0.04,0.05236,0.05236,2.162e-08,-3.114e-08,-2.6207e-08,-4.3041e-09,6.1473e-08,2.4018e-08,2.9271e-08,1.3495e-08,-1.2353e-08
0.04,0,0.04,0.05236,0.05236,2.3976e-08,-2.7316e-08,-3.0879e-08,-4.1449e-09,6.6935e-08,2.1653e-08,2.7539e-08,1.7793e-08,-1.4076e-08
-0.04,0.04,0.04,0.05236,0.05236,2.1377e-08,-4.0132e-08,-2.0621e-08,-5.7865e-09,6.2396e-08,2.3072e-08,3.2967e-08,9.4877e-09,-8.4038e-09
0,0.04,0.04,0.05236,0.05236,2.6575e-08,-3.6523e-08,-2.609e-08,-6.4936e-09,6.8938e-08,2.1758e-08,2.8946e-08,1.6002e-08,-8.2589e-09
0.04,0.04,0.04,0.05236,0.05236,2.9763e-08,-3.4407e-08,-3.2284e-08,-5.3194e-09,7.5699e-08,1.9595e-08,2.7825e-08,1.9047e-08,-8.6459e-09
0,0,0.08,0.05236,0.05236,2.3575e-08,-3.0257e-08,-2.9274e-08,-1.1153e-08,7.0933e-08,2.2164e-08,2.5479e-08,1.2909e-08,-1.3467e-08
0,0,-0.08,0.10472,0.05236,1.1152e-08,-2.8067e-08,-1.3651e-08,8.8591e-09,3.9587e-08,2.6614e-08,4.57e-08,1.8168e-08,2.9424e-09
-0.04,-0.04,-0.04,0.10472,0.05236,1.2496e-08,-2.7153e-08,-1.7081e-08,9.3522e-09,3.7519e-08,3.4196e-08,4.7078e-08,7.6248e-09,-7.5202e-09
0,-0.04,-0.04,0.10472,0.05236,1.3973e-08,-2.649e-08,-1.9175e-08,1.0951e-08,4.1651e-08,3.1217e-08,4.0355e-08,1.434e-08,-1.0256e-08
0.04,-0.04,-0.04,0.10472,0.05236,1.4921e-08,-2.3282e-08,-2.4141e-08,1.1935e-08,4.3759e-08,2.6659e-08,3.4753e-08,1.9003e-08,-1.2105e-08
-0.04,0,-0.04,0.10472,0.05236,1.3099e-08,-3.3826e-08,-1.5299e-08,4.4322e-09,4.0993e-08,2.9356e-08,4.8331e-08,7.4281e-09,-2.6482e-09
0,0,-0.04,0.10472,0.05236,1.642e-08,-3.1184e-08,-1.9262e-08,7.3008e-09,4.5795e-08,2.6219e-08,3.9368e-08,1.5886e-08,-5.8321e-09
0.04,0,-0.04,0.10472,0.05236,1.6794e-08,-2.7806e-08,-2.037e-08,8.0004e-09,4.7729e-08,2.4085e-08,3.5848e-08,2.4014e-08,-5.2753e-09
-0.04,0.04,-0.04,0.10472,0.05236,1.5677e-08,-3.7889e-08,-1.482e-08,2.2118e-09,4.5104e-08,2.5386e-08,4.7734e-08,9.1323e-09,1.2511e-09
0,0.04,-0.04,0.10472,0.05236,1.8596e-08,-3.6279e-08,-1.7314e-08,3.2136e-09,4.8978e-08,2.2824e-08,4.1429e-08,1.8907e-08,-8.3674e-12
0.04,0.04,-0.04,0.10472,0.05236,1.9565e-08,-3.1331e-08,-2.0264e-08,3.4649e-09,5.2337e-08,2.0301e-08,3.5784e-08,2.5888e-08,9.1278e-10
0,-0.08,0,0.10472,0.05236,1.4574e-08,-2.1617e-08,-2.535e-08,1.2344e-08,4.0982e-08,3.4954e-08,3.3195e-08,1.0739e-08,-2.067e-08
-0.04,-0.04,0,0.10472,0.05236,1.5299e-08,-2.7077e-08,-1.9315e-08,6.3475e-09,4.2161e-08,3.3929e-08,3.9866e-08,8.0523e-09,-1.0686e-08
0,-0.04,0,0.10472,0.05236,1.6492e-08,-2.6726e-08,-2.3448e-08,5.5661e-09,4.5585e-08,2.954e-08,3.4486e-08,1.2544e-08,-1.4743e-08
0.04,-0.04,0,0.10472,0.05236,1.7637e-08,-2.3925e-08,-2.8615e-08,8.3004e-09,5.1681e-08,2.738e-08,3.009e-08,1.9197e-08,-1.6641e-08
-0.08,0,0,0.10472,0.05236,1.5294e-08,-3.5994e-08,-1.5674e-08,1.2636e-09,4.2374e-08,3.1519e-08,4.5109e-08,4.3728e-09,-5.2206e-09
-0.04,0,0,0.10472,0.05236,1.7188e-08,-3.3037e-08,-1.8616e-08,1.2629e-09,4.6061e-08,3.0181e-08,4.1183e-08,9.0715e-09,-5.3339e-09
0,0,0,0.10472,0.05236,2.1224e-08,-2.9822e-08,-2.2048e-08,3.065e-09,5.1507e-08,2.5744e-08,3.6029e-08,1.3655e-08,-9.1785e-09
0.04,0,0,0.10472,0.05236,2.3459e-08,-2.8197e-08,-2.8402e-08,4.195e-09,5.7502e-08,2.3484e-08,3.0902e-08,2.0353e-08,-1.0144e-08
0.08,0,0,0.10472,0.05236,2.4266e-08,-2.4408e-08,-3.3801e-08,4.3972e-09,5.8333e-08,2.0264e-08,2.7923e-08,2.889e-08,-8.9797e-09
-0.04,0.04,0,0.10472,0.05236,2.0051e-08,-3.9821e-08,-1.8612e-08,-1.6726e-10,5.4086e-08,2.3847e-08,4.0046e-08,1.0335e-08,-2.3604e-09
0,0.04,0,0.10472,0.05236,2.2865e-08,-3.6723e-08,-2.1725e-08,-1.1403e-09,5.5975e-08,2.3035e-08,3.556e-08,1.8412e-08,-4.6508e-09
0.04,0.04,0,0.10472,0.05236,2.747e-08,-3.3168e-08,-2.5138e-08,1.121e-09,6.3752e-08,2.0116e-08,3.0542e-08,2.2151e-08,-3.0554e-09
0,0.08,0,0.10472,0.05236,2.5789e-08,-4.3287e-08,-1.9694e-08,-2.1485e-09,5.9976e-08,2.0148e-08,3.6108e-08,1.7724e-08,-2.5904e-10
-0.04,-0.04,0.04,0.10472,0.05236,1.7807e-08,-2.7234e-08,-2.1971e-08,-2.0144e-10,4.8344e-08,3.1236e-08,3.362e-08,8.6729e-09,-1.3273e-08
0,-0.04,0.04,0.10472,0.05236,1.9267e-08,-2.5497e-08,-2.7978e-08,9.5787e-10,5.2538e-08,2.6741e-08,2.9839e-08,1.1429e-08,-1.5542e-08
0.04,-0.04,0.04,0.10472,0.05236,2.131e-08,-2.2899e-08,-3.4014e-08,3.219e-09,5.8141e-08,2.6151e-08,2.6703e-08,1.7506e-08,-1.7388e-08
-0.04,0,0.04,0.10472,0.05236,1.9383e-08,-3.3407e-08,-2.2531e-08,-3.1903e-09,5.134e-08,2.7193e-08,3.2824e-08,8.1817e-09,-9.5883e-09
0,0,0.04,0.10472,0.05236,2.3584e-08,-3.0923e-08,-2.6755e-08,-2.1909e-09,5.9785e-08,2.4204e-08,2.9935e-08,1.3873e-08,-1.08e-08
0.04,0,0.04,0.10472,0.05236,2.5385e-08,-2.839e-08,-3.1902e-08,-1.4079e-09,7.0314e-08,2.2633e-08,2.7106e-08,1.8803e-08,-1.0154e-08
-0.04,0.04,0.04,0.10472,0.05236,2.2461e-08,-4.1178e-08,-2.018e-08,-5.2056e-09,6.1469e-08,2.403e-08,3.2326e-08,1.0104e-08,-5.1256e-09
0,0.04,0.04,0.10472,0.05236,2.5297e-08,-3.676e-08,-2.6061e-08,-4.2849e-09,7.0301e-08,2.0979e-08,3.0332e-08,1.6407e-08,-6.2333e-09
0.04,0.04,0.04,0.10472,0.05236,3.0374e-08,-3.1856e-08,-3.0487e-08,-4.6876e-09,7.7159e-08,1.8701e-08,2.7937e-08,2.099e-08,-5.4956e-09
0,0,0.08,0.10472,0.05236,2.4675e-08,-2.8988e-08,-2.8181e-08,-7.6102e-09,6.8998e-08,2.3196e-08,2.4925e-08,1.2957e-08,-1.2107e-08
0,0,-0.08,0.15708,0.05236,1.2995e-08,-2.9212e-08,-1.3419e-08,1.1328e-08,3.8853e-08,2.6741e-08,4.7783e-08,1.6842e-08,5.3797e-09
-0.04,-0.04,-0.04,0.15708,0.05236,1.3634e-08,-2.8897e-08,-1.6676e-08,1.1791e-08,3.5044e-08,3.3433e-08,4.5618e-08,6.1111e-09,-4.9427e-09
0,-0.04,-0.04,0.15708,0.05236,1.4818e-08,-2.6028e-08,-1.9121e-08,1.1698e-08,3.8244e-08,3.0394e-08,4.0415e-08,1.2444e-08,-7.0713e-09
0.04,-0.04,-0.04,0.15708,0.05236,1.6652e-08,-2.394e-08,-2.4073e-08,1.5226e-08,4.2326e-08,2.5611e-08,3.525e-08,2.1203e-08,-8.7256e-09
-0.04,0,-0.04,0.15708,0.05236,1.5022e-08,-3.2378e-08,-1.4299e-08,7.2998e-09,3.9534e-08,2.9978e-08,4.6091e-08,9.718e-09,-1.6926e-10
0,0,-0.04,0.15708,0.05236,1.7046e-08,-2.9402e-08,-1.891e-08,9.3307e-09,4.463e-08,2.7116e-08,4.2301e-08,1.6806e-08,-8.7617e-10
0.04,0,-0.04,0.15708,0.05236,1.9107e-08,-2.814e-08,-2.2185e-08,1.0348e-08,4.7775e-08,2.3064e-08,3.487e-08,2.3953e-08,-1.5666e-09
-0.04,0.04,-0.04,0.15708,0.05236,1.6973e-08,-3.9014e-08,-1.388e-08,2.8756e-09,4.3319e-08,2.584e-08,4.6983e-08,8.9961e-09,3.1127e-09
0,0.04,-0.04,0.15708,0.05236,1.9023e-08,-3.7469e-08,-1.6651e-08,4.3206e-09,5.052e-08,2.3328e-08,3.9962e-08,1.8776e-08,2.244e-09
0.04,0.04,-0.04,0.15708,0.05236,2.2478e-08,-3.2753e-08,-1.8633e-08,5.9261e-09,5.236e-08,2.0358e-08,3.5382e-08,2.7485e-08,2.1589e-09
0,-0.08,0,0.15708,0.05236,1.6298e-08,-2.2566e-08,-2.5754e-08,1.5609e-08,3.7335e-08,3.5433e-08,3.4984e-08,1.2324e-08,-1.6957e-08
-0.04,-0.04,0,0.15708,0.05236,1.5537e-08,-2.885e-08,-1.9039e-08,7.3382e-09,4.1708e-08,3.4298e-08,3.9336e-08,7.9772e-09,-8.5444e-09
0,-0.04,0,0.15708,0.05236,1.9291e-08,-2.6039e-08,-2.3928e-08,9.9269e-09,4.4785e-08,2.9144e-08,3.4844e-08,1.271e-08,-1.1227e-08
0.04,-0.04,0,0.15708,0.05236,2.0052e-08,-2.4225e-08,-2.7362e-08,1.189e-08,5.0373e-08,2.6396e-08,3.0028e-08,2.0045e-08,-1.2342e-08
-0.08,0,0,0.15708,0.05236,1.5748e-08,-3.7036e-08,-1.5049e-08,2.2575e-09,4.094e-08,3.1984e-08,4.2115e-08,2.1806e-09,-3.3212e-09
-0.04,0,0,0.15708,0.05236,1.6937e-08,-3.4126e-08,-1.971e-08,1.896e-09,4.3988e-08,2.8433e-08,4.0908e-08,9.652e-09,-4.1392e-09
0,0,0,0.15708,0.05236,2.1013e-08,-3.0748e-08,-2.2081e-08,4.1633e-09,5.216e-08,2.5001e-08,3.5391e-08,1.4628e-08,-6.3015e-09
0.04,0,0,0.15708,0.05236,2.2919e-08,-2.7997e-08,-2.5387e-08,5.6842e-09,5.5166e-08,2.2409e-08,3.1267e-08,2.2918e-08,-4.7835e-09
0.08,0,0,0.15708,0.05236,2.5124e-08,-2.5366e-08,-3.3259e-08,6.4372e-09,5.8586e-08,1.9524e-08,2.7767e-08,2.7873e-08,-6.4241e-09
-0.04,0.04,0,0.15708,0.05236,2.0687e-08,-4.0365e-08,-1.7073e-08,7.1752e-11,5.0498e-08,2.5518e-08,3.8871e-08,1.0154e-08,-1.0941e-09
0,0.04,0,0.15708,0.05236,2.1961e-08,-3.6607e-08,-2.0209e-08,1.6778e-09,5.9188e-08,2.2687e-08,3.4019e-08,1.6196e-08,-1.1923e-09
0.04,0.04,0,0.15708,0.05236,2.8422e-08,-3.3439e-08,-2.4479e-08,2.2655e-09,6.1906e-08,2.1074e-08,3.2463e-08,2.4017e-08,-1.0283e-09
0,0.08,0,0.15708,0.05236,2.601e-08,-4.3739e-08,-1.8515e-08,-8.8799e-10,6.1361e-08,1.945e-08,3.5253e-08,1.8028e-08,1.5692e-09
-0.04,-0.04,0.04,0.15708,0.05236,1.8477e-08,-2.8192e-08,-2.3157e-08,1.622e-09,4.6233e-08,3.2707e-08,3.2886e-08,9.1461e-09,-1.0503e-08
0,-0.04,0.04,0.15708,0.05236,2.0171e-08,-2.6097e-08,-2.7022e-08,3.9818e-09,5.0481e-08,2.7814e-08,2.9746e-08,1.3304e-08,-1.4375e-08
0.04,-0.04,0.04,0.15708,0.05236,2.2126e-08,-2.3618e-08,-3.3169e-08,8.6303e-09,5.5529e-08,2.5408e-08,2.6218e-08,1.7875e-08,-1.3698e-08
-0.04,0,0.04,0.15708,0.05236,1.9874e-08,-3.4275e-08,-2.1753e-08,6.9512e-10,5.1689e-08,2.6767e-08,3.2796e-08,9.4092e-09,-7.6717e-09
0,0,0.04,0.15708,0.05236,2.2942e-08,-3.0078e-08,-2.4642e-08,-1.4855e-10,6.2076e-08,2.4291e-08,3.0998e-08,1.3608e-08,-8.0932e-09
0.04,0,0.04,0.15708,0.05236,2.7745e-08,-2.8346e-08,-3.1939e-08,1.1716e-09,6.4631e-08,2.1412e-08,2.6411e-08,1.961e-08,-8.733e-09
-0.04,0.04,0.04,0.15708,0.05236,2.3313e-08,-4.0352e-08,-2.0565e-08,-3.2471e-09,6.117e-08,2.3476e-08,3.2492e-08,1.0061e-08,-3.5798e-09
0,0.04,0.04,0.15708,0.05236,2.6915e-08,-3.4666e-08,-2.2943e-08,-2.2086e-09,6.8923e-08,2.1084e-08,2.9307e-08,1.5382e-08,-4.4805e-09
0.04,0.04,0.04,0.15708,0.05236,3.1318e-08,-3.1698e-08,-2.9507e-08,-3.3794e-09,7.3524e-08,1.9582e-08,2.6294e-08,2.1319e-08,-5.0652e-09
0,0,0.08,0.15708,0.05236,2.499e-08,-2.9625e-08,-2.748e-08,-5.7448e-09,6.6625e-08,2.2657e-08,2.4589e-08,1.2924e-08,-1.0228e-08
0,0,-0.08,0.05236,0.10472,1.0079e-08,-2.7933e-08,-1.2841e-08,7.023e-09,4.0766e-08,2.5929e-08,4.8361e-08,1.3555e-08,-2.7612e-09
-0.04,-0.04,-0.04,0.05236,0.10472,1.1249e-08,-2.7369e-08,-1.6045e-08,7.9986e-09,3.7714e-08,3.7859e-08,4.5786e-08,8.0598e-09,-1.4213e-08
0,-0.04,-0.04,0.05236,0.10472,1.2795e-08,-2.6176e-08,-1.9248e-08,8.8639e-09,4.2704e-08,3.1528e-08,3.9805e-08,1.3856e-08,-1.2604e-08
0.04,-0.04,-0.04,0.05236,0.10472,1.381e-08,-2.3149e-08,-2.3631e-08,1.0712e-08,4.5915e-08,2.7346e-08,3.4926e-08,1.9589e-08,-1.6625e-08
-0.04,0,-0.04,0.05236,0.10472,1.4105e-08,-3.3862e-08,-1.5299e-08,4.1322e-09,4.4013e-08,3.0992e-08,4.8649e-08,7.9666e-09,-4.6362e-09
0,0,-0.04,0.05236,0.10472,1.5018e-08,-2.9144e-08,-1.9063e-08,5.0964e-09,4.5698e-08,2.6104e-08,4.1732e-08,1.5711e-08,-6.5787e-09
0.04,0,-0.04,0.05236,0.10472,1.5578e-08,-2.7098e-08,-2.2327e-08,4.4601e-09,5.0529e-08,2.3383e-08,3.6419e-08,2.3239e-08,-8.4279e-09
-0.04,0.04,-0.04,0.05236,0.10472,1.5306e-08,-3.8032e-08,-1.5313e-08,5.9066e-10,4.5847e-08,2.646e-08,4.8938e-08,1.026e-08,-1.9153e-09
0,0.04,-0.04,0.05236,0.10472,1.7236e-08,-3.5927e-08,-1.6687e-08,1.1519e-09,5.1737e-08,2.3326e-08,4.216e-08,1.7783e-08,-3.1959e-09
0.04,0.04,-0.04,0.05236,0.10472,1.8465e-08,-3.2173e-08,-1.9896e-08,2.2984e-09,5.1794e-08,2.1418e-08,3.3831e-08,2.6556e-08,-2.5959e-09
0,-0.08,0,0.05236,0.10472,1.3493e-08,-2.2443e-08,-2.5234e-08,1.056e-08,4.243e-08,3.7947e-08,3.3947e-08,1.1456e-08,-2.2599e-08
-0.04,-0.04,0,0.05236,0.10472,1.525e-08,-2.9195e-08,-1.9159e-08,3.3076e-09,4.2483e-08,3.512e-08,3.9749e-08,7.5406e-09,-1.285e-08
0,-0.04,0,0.05236,0.10472,1.542e-08,-2.5394e-08,-2.5503e-08,3.6456e-09,4.7497e-08,2.9424e-08,3.5258e-08,1.3473e-08,-1.5961e-08
0.04,-0.04,0,0.05236,0.10472,1.7429e-08,-2.3855e-08,-2.9626e-08,6.8564e-09,5.0692e-08,2.5226e-08,3.0121e-08,1.861e-08,-1.8847e-08
-0.08,0,0,0.05236,0.10472,1.4666e-08,-3.58e-08,-1.7149e-08,-1.7304e-09,4.4697e-08,3.2037e-08,4.366e-08,3.1333e-09,-7.1988e-09
-0.04,0,0,0.05236,0.10472,1.5825e-08,-3.3506e-08,-1.9159e-08,2.8825e-10,4.905e-08,2.8228e-08,4.0876e-08,8.4089e-09,-9.0631e-09
0,0,0,0.05236,0.10472,1.8592e-08,-3.0219e-08,-2.2062e-08,1.5411e-09,5.3952e-08,2.6229e-08,3.4683e-08,1.4637e-08,-1.0795e-08
0.04,0,0,0.05236,0.10472,2.0926e-08,-2.7858e-08,-2.7823e-08,2.1447e-09,5.9963e-08,2.2935e-08,3.1292e-08,2.053e-08,-1.1748e-08
0.08,0,0,0.05236,0.10472,2.2636e-08,-2.5543e-08,-3.4156e-08,1.8854e-09,5.9933e-08,2.0242e-08,2.7664e-08,2.5863e-08,-1.1858e-08
-0.04,0.04,0,0.05236,0.10472,1.8512e-08,-4.1087e-08,-1.819e-08,-2.0495e-09,5.0319e-08,2.5437e-08,4.2686e-08,9.9157e-09,-5.1219e-09
0,0.04,0,0.05236,0.10472,2.1919e-08,-3.6438e-08,-2.2246e-08,-2.4819e-09,5.6167e-08,2.297e-08,3.5277e-08,1.6319e-08,-5.2488e-09
0.04,0.04,0,0.05236,0.10472,2.323e-08,-3.2841e-08,-2.6869e-08,-2.6891e-09,6.2569e-08,2.0021e-08,3.1699e-08,2.2603e-08,-5.683e-09
0,0.08,0,0.05236,0.10472,2.3962e-08,-4.3687e-08,-2.1627e-08,-4.1608e-09,6.2456e-08,1.9293e-08,3.411e-08,1.7344e-08,-2.5904e-09
-0.04,-0.04,0.04,0.05236,0.10472,1.6621e-08,-2.7896e-08,-2.2265e-08,-1.8366e-09,4.8144e-08,3.1742e-08,3.3044e-08,7.0347e-09,-1.7552e-08
0,-0.04,0.04,0.05236,0.10472,1.8328e-08,-2.6451e-08,-2.5898e-08,-2.2191e-09,5.5748e-08,2.8441e-08,2.8367e-08,1.2308e-08,-1.8647e-08
0.04,-0.04,0.04,0.05236,0.10472,1.9753e-08,-2.3809e-08,-3.3475e-08,-2.7838e-09,5.962e-08,2.5505e-08,2.6482e-08,1.7137e-08,-2.0112e-08
-0.04,0,0.04,0.05236,0.10472,1.8669e-08,-3.2626e-08,-2.1811e-08,-6.0558e-09,5.5111e-08,2.685e-08,3.2536e-08,9.8364e-09,-1.0319e-08
0,0,0.04,0.05236,0.10472,2.2415e-08,-3.0472e-08,-2.6796e-08,-4.1104e-09,6.1234e-08,2.5029e-08,3.0325e-08,1.3423e-08,-1.1897e-08
0.04,0,0.04,0.05236,0.10472,2.4811e-08,-2.7898e-08,-3.0774e-08,-3.7357e-09,7.0872e-08,2.2661e-08,2.7647e-08,1.8203e-08,-1.3553e-08
-0.04,0.04,0.04,0.05236,0.10472,2.094e-08,-4.2123e-08,-2.0606e-08,-6.6389e-09,5.7052e-08,2.279e-08,3.252e-08,8.3068e-09,-7.1126e-09
0,0.04,0.04,0.05236,0.10472,2.5074e-08,-3.5906e-08,-2.3927e-08,-6.2829e-09,6.841e-08,2.1136e-08,3.0634e-08,1.4844e-08,-7.8608e-09
0.04,0.04,0.04,0.05236,0.10472,2.8436e-08,-3.4273e-08,-3.0749e-08,-6.0522e-09,7.2762e-08,1.8478e-08,2.7097e-08,2.2034e-08,-8.9626e-09
0,0,0.08,0.05236,0.10472,2.4158e-08,-2.9413e-08,-2.7672e-08,-1.1187e-08,7.1656e-08,2.2258e-08,2.6195e-08,1.32e-08,-1.4585e-08
0,0,-0.08,0.10472,0.10472,1.1593e-08,-2.7671e-08,-1.3487e-08,9.9244e-09,3.9327e-08,2.6351e-08,4.6642e-08,1.802e-08,1.0221e-10
-0.04,-0.04,-0.04,0.10472,0.10472,1.3053e-08,-2.7544e-08,-1.4457e-08,8.5605e-09,3.8048e-08,3.5155e-08,4.6567e-08,7.3057e-09,-6.6672e-09
0,-0.04,-0.04,0.10472,0.10472,1.2784e-08,-2.5919e-08,-1.9491e-08,1.0867e-08,4.0379e-08,2.9237e-08,3.8882e-08,1.2792e-08,-8.8853e-09
0.04,-0.04,-0.04,0.10472,0.10472,1.6185e-08,-2.3069e-08,-2.4908e-08,1.3113e-08,4.3749e-08,2.6304e-08,3.4926e-08,2.0031e-08,-1.069e-08
-0.04,0,-0.04,0.10472,0.10472,1.449e-08,-3.2028e-08,-1.4873e-08,4.6976e-09,4.24e-08,2.8707e-08,4.7792e-08,1.0325e-08,-1.9254e-09
0,0,-0.04,0.10472,0.10472,1.6964e-08,-3.002e-08,-1.7861e-08,7.4727e-09,4.6044e-08,2.5893e-08,4.2503e-08,1.3843e-08,-2.5185e-09
0.04,0,-0.04,0.10472,0.10472,1.7249e-08,-2.6209e-08,-2.0834e-08,6.354e-09,4.916e-08,2.2475e-08,3.511e-08,2.3413e-08,-5.0715e-09
-0.04,0.04,-0.04,0.10472,0.10472,1.5686e-08,-3.8158e-08,-1.4911e-08,2.168e-09,4.5701e-08,2.6314e-08,4.7549e-08,8.3871e-09,1.2479e-09
0,0.04,-0.04,0.10472,0.10472,1.6583e-08,-3.6257e-08,-1.6267e-08,3.082e-09,4.9077e-08,2.2668e-08,4.2206e-08,1.606e-08,4.7394e-10
0.04,0.04,-0.04,0.10472,0.10472,1.9146e-08,-3.2204e-08,-2.0889e-08,3.4009e-09,5.2913e-08,2.0811e-08,3.6201e-08,2.5401e-08,6.8632e-10
0,-0.08,0,0.10472,0.10472,1.5203e-08,-2.241e-08,-2.3861e-08,1.1672e-08,4.0185e-08,3.4376e-08,3.4557e-08,1.0849e-08,-1.8955e-08
-0.04,-0.04,0,0.10472,0.10472,1.4957e-08,-2.8192e-08,-1.9526e-08,5.2723e-09,4.0198e-08,3.5005e-08,3.8605e-08,8.1524e-09,-1.2054e-08
0,-0.04,0,0.10472,0.10472,1.6436e-08,-2.6267e-08,-2.4097e-08,7.2851e-09,4.7433e-08,2.9783e-08,3.516e-08,1.3942e-08,-1.5133e-08
0.04,-0.04,0,0.10472,0.10472,1.9226e-08,-2.4718e-08,-2.8596e-08,1.0038e-08,5.0985e-08,2.6503e-08,3.0579e-08,1.7442e-08,-1.4498e-08
-0.08,0,0,0.10472,0.10472,1.4835e-08,-3.6588e-08,-1.5524e-08,1.2489e-09,4.1197e-08,3.1424e-08,4.3552e-08,4.8533e-09,-4.8697e-09
-0.04,0,0,0.10472,0.10472,1.7554e-08,-3.3433e-08,-1.7761e-08,1.7922e-09,4.3717e-08,2.8949e-08,4.0657e-08,9.183e-09,-7.3475e-09
0,0,0,0.10472,0.10472,1.9696e-08,-3.1495e-08,-2.2857e-08,1.6809e-09,5.2124e-08,2.5514e-08,3.622e-08,1.4835e-08,-9.7739e-09
0.04,0,0,0.10472,0.10472,2.2856e-08,-2.7964e-08,-2.6033e-08,3.4686e-09,5.4951e-08,2.2529e-08,3.0854e-08,2.127e-08,-9.0763e-09
0.08,0,0,0.10472,0.10472,2.4789e-08,-2.6393e-08,-3.2649e-08,4.8485e-09,5.7345e-08,2.0876e-08,2.7327e-08,2.8542e-08,-8.9862e-09
-0.04,0.04,0,0.10472,0.10472,1.9446e-08,-4.0795e-08,-1.8286e-08,-6.7809e-10,5.3649e-08,2.4995e-08,3.9425e-08,9.3625e-09,-3.3126e-09
0,0.04,0,0.10472,0.10472,2.2158e-08,-3.7312e-08,-2.0981e-08,8.3967e-10,5.8936e-08,2.2841e-08,3.6817e-08,1.8164e-08,-3.9854e-09
0.04,0.04,0,0.10472,0.10472,2.7248e-08,-3.3343e-08,-2.5338e-08,-2.6483e-11,6.5225e-08,1.9804e-08,3.1519e-08,2.4407e-08,-3.4157e-09
0,0.08,0,0.10472,0.10472,2.5944e-08,-4.4941e-08,-1.9628e-08,-2.2179e-09,5.9993e-08,1.9113e-08,3.5791e-08,1.8302e-08,-9.4659e-10
-0.04,-0.04,0.04,0.10472,0.10472,1.6257e-08,-2.8178e-08,-2.214e-08,9.1094e-10,4.6656e-08,3.2324e-08,3.0548e-08,7.3012e-09,-1.5137e-08
0,-0.04,0.04,0.10472,0.10472,2.0609e-08,-2.6674e-08,-2.6737e-08,1.6844e-09,5.4006e-08,2.8048e-08,3.0642e-08,1.2267e-08,-1.5934e-08
0.04,-0.04,0.04,0.10472,0.10472,2.1285e-08,-2.4561e-08,-3.4997e-08,2.6627e-09,6.0734e-08,2.4947e-08,2.6264e-08,1.6983e-08,-1.6987e-08
-0.04,0,0.04,0.10472,0.10472,1.945e-08,-3.4779e-08,-2.1699e-08,-2.2736e-09,5.4088e-08,2.8333e-08,3.2864e-08,8.7327e-09,-9.0732e-09
0,0,0.04,0.10472,0.10472,2.1969e-08,-2.971e-08,-2.7349e-08,-1.0413e-09,6.1006e-08,2.384e-08,2.8856e-08,1.2597e-08,-1.0267e-08
0.04,0,0.04,0.10472,0.10472,2.5342e-08,-2.7531e-08,-3.188e-08,-1.7367e-09,6.7651e-08,2.1563e-08,2.7633e-08,1.9038e-08,-1.2157e-08
-0.04,0.04,0.04,0.10472,0.10472,2.2046e-08,-3.9685e-08,-1.977e-08,-4.1394e-09,5.9118e-08,2.3545e-08,3.2222e-08,9.8599e-09,-4.9055e-09
0,0.04,0.04,0.10472,0.10472,2.6427e-08,-3.5857e-08,-2.3807e-08,-4.8655e-09,6.5712e-08,2.099e-08,2.9862e-08,1.4921e-08,-6.8705e-09
0.04,0.04,0.04,0.10472,0.10472,2.9932e-08,-3.3281e-08,-3.0276e-08,-4.5292e-09,7.4613e-08,1.8744e-08,2.6701e-08,2.0966e-08,-6.9581e-09
0,0,0.08,0.10472,0.10472,2.4715e-08,-2.9086e-08,-2.9094e-08,-6.7767e-09,7.3862e-08,2.1398e-08,2.4532e-08,1.1595e-08,-1.1528e-08
0,0,-0.08,0.15708,0.10472,1.232e-08,-2.9576e-08,-1.2985e-08,1.0472e-08,3.9e-08,2.5659e-08,4.5606e-08,1.7789e-08,5.4881e-09
-0.04,-0.04,-0.04,0.15708,0.10472,1.3361e-08,-2.7756e-08,-1.5774e-08,1.1244e-08,3.5171e-08,3.4907e-08,4.6687e-08,7.6706e-09,-3.8765e-09
0,-0.04,-0.04,0.15708,0.10472,1.4316e-08,-2.6407e-08,-2.1252e-08,1.2938e-08,3.9792e-08,2.9222e-08,3.8581e-08,1.3442e-08,-6.0719e-09
0.04,-0.04,-0.04,0.15708,0.10472,1.7376e-08,-2.4079e-08,-2.2645e-08,1.4473e-08,4.2549e-08,2.5428e-08,3.534e-08,2.1749e-08,-6.794e-09
-0.04,0,-0.04,0.15708,0.10472,1.4159e-08,-3.1984e-08,-1.5866e-08,6.8226e-09,4.1103e-08,3.0156e-08,4.577e-08,8.0764e-09,4.4318e-10
0,0,-0.04,0.15708,0.10472,1.5732e-08,-3.0324e-08,-1.7879e-08,8.9362e-09,4.5022e-08,2.5956e-08,4.2107e-08,1.4145e-08,1.1359e-10
0.04,0,-0.04,0.15708,0.10472,1.8883e-08,-2.8744e-08,-2.211e-08,1.0223e-08,4.8037e-08,2.2763e-08,3.5468e-08,2.4057e-08,-2.9042e-09
-0.04,0.04,-0.04,0.15708,0.10472,1.6377e-08,-4.2821e-08,-1.3013e-08,4.0934e-09,4.5014e-08,2.665e-08,4.9217e-08,9.8543e-09,3.5778e-09
0,0.04,-0.04,0.15708,0.10472,1.8465e-08,-3.684e-08,-1.6519e-08,5.12e-09,5.1497e-08,2.2861e-08,4.0294e-08,1.8245e-08,3.2458e-09
0.04,0.04,-0.04,0.15708,0.10472,1.974e-08,-3.262e-08,-1.8124e-08,4.7483e-09,5.2013e-08,1.935e-08,3.6983e-08,2.7583e-08,2.5907e-09
0,-0.08,0,0.15708,0.10472,1.5411e-08,-2.1974e-08,-2.6105e-08,1.4111e-08,3.8049e-08,3.5443e-08,3.3392e-08,1.1151e-08,-1.8742e-08
-0.04,-0.04,0,0.15708,0.10472,1.6424e-08,-2.6737e-08,-1.9046e-08,8.1006e-09,4.2002e-08,3.4809e-08,3.9477e-08,8.0646e-09,-1.0678e-08
0,-0.04,0,0.15708,0.10472,1.6953e-08,-2.5951e-08,-2.3185e-08,8.6368e-09,4.368e-08,2.8765e-08,3.5454e-08,1.3076e-08,-1.1532e-08
0.04,-0.04,0,0.15708,0.10472,1.9493e-08,-2.4718e-08,-2.7247e-08,1.2063e-08,4.9244e-08,2.5628e-08,3.0199e-08,1.9709e-08,-1.2279e-08
-0.08,0,0,0.15708,0.10472,1.54e-08,-3.5713e-08,-1.533e-08,2.0657e-09,4.0525e-08,3.2119e-08,4.2031e-08,4.3426e-09,-2.3123e-09
-0.04,0,0,0.15708,0.10472,1.6951e-08,-3.3258e-08,-1.8098e-08,2.5264e-09,4.6556e-08,2.9563e-08,3.8635e-08,8.672e-09,-3.478e-09
0,0,0,0.15708,0.10472,1.989e-08,-3.047e-08,-2.0266e-08,4.0705e-09,5.2042e-08,2.538e-08,3.6319e-08,1.5413e-08,-4.4573e-09
0.04,0,0,0.15708,0.10472,2.3077e-08,-2.714e-08,-2.7092e-08,6.8158e-09,5.7284e-08,2.151e-08,3.149e-08,2.2303e-08,-5.3842e-09
0.08,0,0,0.15708,0.10472,2.6738e-08,-2.4388e-08,-3.1938e-08,7.4047e-09,5.9913e-08,2.0606e-08,2.6529e-08,2.7512e-08,-5.7473e-09
-0.04,0.04,0,0.15708,0.10472,1.9132e-08,-4.0464e-08,-1.6323e-08,3.3524e-10,5.27e-08,2.5702e-08,3.7993e-08,8.1917e-09,-1.2469e-09
0,0.04,0,0.15708,0.10472,2.3119e-08,-3.5571e-08,-2.0035e-08,7.1599e-10,5.8732e-08,2.1029e-08,3.5594e-08,1.6033e-08,-2.6214e-09
0.04,0.04,0,0.15708,0.10472,2.486e-08,-3.2847e-08,-2.4041e-08,1.0539e-09,6.3392e-08,1.9907e-08,3.0923e-08,2.4446e-08,-2.2585e-09
0,0.08,0,0.15708,0.10472,2.553e-08,-4.3193e-08,-1.8387e-08,-1.5459e-09,5.9191e-08,1.9066e-08,3.2723e-08,1.7881e-08,1.4042e-09
-0.04,-0.04,0.04,0.15708,0.10472,1.7363e-08,-2.8603e-08,-2.2909e-08,3.2034e-09,4.5256e-08,3.1933e-08,3.2289e-08,8.2449e-09,-1.1746e-08
0,-0.04,0.04,0.15708,0.10472,1.9996e-08,-2.5581e-08,-2.6315e-08,5.4429e-09,5.2509e-08,2.6417e-08,2.9282e-08,1.2239e-08,-1.3924e-08
0.04,-0.04,0.04,0.15708,0.10472,2.427e-08,-2.3629e-08,-3.1918e-08,7.8677e-09,5.3394e-08,2.3973e-08,2.5796e-08,1.7589e-08,-1.3722e-08
-0.04,0,0.04,0.15708,0.10472,1.9687e-08,-3.3572e-08,-2.1388e-08,-1.6674e-09,5.3227e-08,2.7122e-08,3.2831e-08,9.4732e-09,-7.6987e-09
0,0,0.04,0.15708,0.10472,2.257e-08,-2.8232e-08,-2.4496e-08,-5.6332e-10,5.885e-08,2.512e-08,3.0563e-08,1.504e-08,-8.0778e-09
0.04,0,0.04,0.15708,0.10472,2.5903e-08,-2.78e-08,-2.9759e-08,1.0502e-09,6.4959e-08,2.1702e-08,2.6649e-08,1.9739e-08,-8.6909e-09
-0.04,0.04,0.04,0.15708,0.10472,2.2256e-08,-4.0559e-08,-1.9449e-08,-4.0208e-09,5.8572e-08,2.4215e-08,3.3403e-08,9.5466e-09,-3.5641e-09
0,0.04,0.04,0.15708,0.10472,2.6566e-08,-3.7284e-08,-2.3167e-08,-2.3333e-09,6.6002e-08,2.0959e-08,2.948e-08,1.5935e-08,-3.6616e-09
0.04,0.04,0.04,0.15708,0.10472,2.9761e-08,-3.2016e-08,-2.9594e-08,-1.5062e-09,7.1745e-08,1.8978e-08,2.7047e-08,2.1215e-08,-4.3865e-09
0,0,0.08,0.15708,0.10472,2.4933e-08,-2.7916e-08,-2.7229e-08,-5.2861e-09,6.7729e-08,2.2363e-08,2.4995e-08,1.3076e-08,-9.6563e-09
0,0,-0.08,0.05236,0.15708,1.0474e-08,-2.7948e-08,-1.3515e-08,6.6106e-09,3.9606e-08,2.609e-08,4.5658e-08,1.6542e-08,-4.4455e-10
-0.04,-0.04,-0.04,0.05236,0.15708,1.1721e-08,-2.7849e-08,-1.7069e-08,7.4739e-09,3.9232e-08,3.6491e-08,4.6559e-08,8.1247e-09,-1.0159e-08
0,-0.04,-0.04,0.05236,0.15708,1.202e-08,-2.6494e-08,-1.927e-08,8.7023e-09,4.3283e-08,3.1079e-08,4.0328e-08,1.3356e-08,-1.2804e-08
0.04,-0.04,-0.04,0.05236,0.15708,1.4337e-08,-2.2292e-08,-2.2864e-08,1.0692e-08,4.5415e-08,2.7408e-08,3.4461e-08,1.9104e-08,-1.4603e-08
-0.04,0,-0.04,0.05236,0.15708,1.235e-08,-3.1312e-08,-1.5228e-08,3.9947e-09,4.1144e-08,3.0005e-08,4.5431e-08,8.7082e-09,-4.568e-09
0,0,-0.04,0.05236,0.15708,1.3548e-08,-2.9883e-08,-1.7779e-08,5.373e-09,4.7831e-08,2.6203e-08,4.1265e-08,1.3462e-08,-6.0856e-09
0.04,0,-0.04,0.05236,0.15708,1.5421e-08,-2.7242e-08,-2.2598e-08,5.1697e-09,4.9011e-08,2.3839e-08,3.5802e-08,2.3304e-08,-8.2756e-09
-0.04,0.04,-0.04,0.05236,0.15708,1.5086e-08,-4.0127e-08,-1.5177e-08,6.1178e-10,4.4041e-08,2.5851e-08,4.834e-08,9.5686e-09,-3.8637e-10
0,0.04,-0.04,0.05236,0.15708,1.66e-08,-3.493e-08,-1.8407e-08,7.4286e-10,4.9634e-08,2.3187e-08,4.1035e-08,1.7498e-08,-2.3969e-09
0.04,0.04,-0.04,0.05236,0.15708,1.9067e-08,-3.0724e-08,-2.0969e-08,1.5813e-09,5.2637e-08,2.0387e-08,3.7022e-08,2.6275e-08,-2.3766e-09
0,-0.08,0,0.05236,0.15708,1.4302e-08,-2.2846e-08,-2.5206e-08,1.1063e-08,4.2316e-08,3.498e-08,3.3072e-08,1.0428e-08,-2.3753e-08
-0.04,-0.04,0,0.05236,0.15708,1.4129e-08,-2.8627e-08,-1.8871e-08,1.8179e-09,4.452e-08,3.4884e-08,3.9872e-08,7.561e-09,-1.6249e-08
0,-0.04,0,0.05236,0.15708,1.628e-08,-2.8044e-08,-2.3384e-08,5.3296e-09,4.8711e-08,3.1524e-08,3.4246e-08,1.2175e-08,-1.4169e-08
0.04,-0.04,0,0.05236,0.15708,1.7818e-08,-2.4247e-08,-2.8585e-08,4.711e-09,5.367e-08,2.7289e-08,3.0214e-08,1.8154e-08,-1.8344e-08
-0.08,0,0,0.05236,0.15708,1.3891e-08,-3.69e-08,-1.5906e-08,-6.5604e-10,4.5295e-08,3.1451e-08,4.4141e-08,4.9098e-09,-8.0821e-09
-0.04,0,0,0.05236,0.15708,1.6704e-08,-3.4895e-08,-1.8576e-08,2.8674e-10,4.7399e-08,2.8228e-08,3.9139e-08,7.1164e-09,-1.009e-08
0,0,0,0.05236,0.15708,1.8585e-08,-3.1124e-08,-2.3396e-08,3.0504e-10,5.6212e-08,2.6324e-08,3.5711e-08,1.3825e-08,-1.0859e-08
0.04,0,0,0.05236,0.15708,2.0443e-08,-2.6532e-08,-2.677e-08,5.9985e-10,6.1534e-08,2.3464e-08,3.1803e-08,2.1401e-08,-1.1381e-08
0.08,0,0,0.05236,0.15708,2.4219e-08,-2.5543e-08,-3.4592e-08,3.9349e-09,6.5907e-08,2.0247e-08,2.8045e-08,2.6169e-08,-1.2913e-08
-0.04,0.04,0,0.05236,0.15708,1.8204e-08,-4.0479e-08,-1.7869e-08,-2.9937e-09,5.3516e-08,2.5477e-08,3.932e-08,9.659e-09,-4.2345e-09
0,0.04,0,0.05236,0.15708,2.2003e-08,-3.593e-08,-2.172e-08,-2.3394e-09,6.0335e-08,2.2991e-08,3.6275e-08,1.6159e-08,-5.9758e-09
0.04,0.04,0,0.05236,0.15708,2.3221e-08,-3.2235e-08,-2.4886e-08,-2.0073e-09,6.26e-08,2.0179e-08,3.1765e-08,2.2302e-08,-5.2519e-09
0,0.08,0,0.05236,0.15708,2.5929e-08,-4.0757e-08,-1.9322e-08,-3.682e-09,6.2182e-08,1.9213e-08,3.4902e-08,1.8097e-08,-1.7083e-09
-0.04,-0.04,0.04,0.05236,0.15708,1.7301e-08,-2.7142e-08,-2.2241e-08,-1.6167e-09,4.943e-08,3.2191e-08,3.0835e-08,9.1523e-09,-1.6079e-08
0,-0.04,0.04,0.05236,0.15708,1.9067e-08,-2.6374e-08,-2.7353e-08,-4.9366e-10,5.5197e-08,2.7158e-08,2.8855e-08,1.2864e-08,-1.9141e-08
0.04,-0.04,0.04,0.05236,0.15708,2.0489e-08,-2.3828e-08,-3.337e-08,4.9584e-10,6.0074e-08,2.4362e-08,2.7997e-08,1.5518e-08,-2.0287e-08
-0.04,0,0.04,0.05236,0.15708,1.8381e-08,-3.3519e-08,-2.2689e-08,-4.5847e-09,5.8618e-08,2.6572e-08,3.2158e-08,9.0376e-09,-1.21e-08
0,0,0.04,0.05236,0.15708,2.1799e-08,-3.1262e-08,-2.5898e-08,-4.7607e-09,6.2258e-08,2.5005e-08,3.0773e-08,1.2351e-08,-1.2426e-08
0.04,0,0.04,0.05236,0.15708,2.4953e-08,-2.792e-08,-3.2802e-08,-4.5869e-09,6.8256e-08,2.1838e-08,2.7876e-08,1.7886e-08,-1.3625e-08
-0.04,0.04,0.04,0.05236,0.15708,2.1828e-08,-4.0631e-08,-2.1297e-08,-6.0448e-09,6.0264e-08,2.2198e-08,3.1508e-08,9.1181e-09,-7.1782e-09
0,0.04,0.04,0.05236,0.15708,2.4064e-08,-3.5728e-08,-2.5921e-08,-6.4975e-09,6.7813e-08,2.0764e-08,3.006e-08,1.4684e-08,-8.4982e-09
0.04,0.04,0.04,0.05236,0.15708,2.8674e-08,-3.2377e-08,-3.2208e-08,-6.7357e-09,7.5618e-08,1.8987e-08,2.6703e-08,2.0144e-08,-8.6148e-09
0,0,0.08,0.05236,0.15708,2.4509e-08,-2.9456e-08,-2.8841e-08,-1.0862e-08,7.3868e-08,2.1897e-08,2.5481e-08,1.2031e-08,-1.4982e-08
0,0,-0.08,0.10472,0.15708,1.1948e-08,-2.8457e-08,-1.2464e-08,8.8715e-09,3.9789e-08,2.6229e-08,4.7389e-08,1.5583e-08,3.2576e-09
-0.04,-0.04,-0.04,0.10472,0.15708,1.1933e-08,-2.703e-08,-1.6229e-08,9.646e-09,3.6644e-08,3.4677e-08,4.5345e-08,5.8781e-09,-7.289e-09
0,-0.04,-0.04,0.10472,0.15708,1.2826e-08,-2.5815e-08,-1.8061e-08,1.3049e-08,4.1198e-08,3.1054e-08,3.9188e-08,1.4021e-08,-9.1949e-09
0.04,-0.04,-0.04,0.10472,0.15708,1.5507e-08,-2.3681e-08,-2.3189e-08,1.1999e-08,4.503e-08,2.7611e-08,3.5568e-08,1.94e-08,-1.1031e-08
-0.04,0,-0.04,0.10472,0.15708,1.3219e-08,-3.3648e-08,-1.419e-08,5.4044e-09,4.2263e-08,2.897e-08,4.8527e-08,7.8185e-09,-1.9453e-09
0,0,-0.04,0.10472,0.15708,1.5919e-08,-2.98e-08,-1.7319e-08,6.5859e-09,4.6982e-08,2.6639e-08,4.2072e-08,1.5666e-08,-3.329e-09
0.04,0,-0.04,0.10472,0.15708,1.6718e-08,-2.7283e-08,-2.2217e-08,7.5992e-09,4.9987e-08,2.2274e-08,3.3745e-08,2.3047e-08,-6.1011e-09
-0.04,0.04,-0.04,0.10472,0.15708,1.5309e-08,-3.6794e-08,-1.3655e-08,2.6605e-09,4.3492e-08,2.6224e-08,4.7326e-08,9.3914e-09,1.1727e-09
0,0.04,-0.04,0.10472,0.15708,1.8257e-08,-3.4272e-08,-1.6031e-08,2.6499e-09,4.801e-08,2.2952e-08,4.1279e-08,1.823e-08,6.4241e-10
0.04,0.04,-0.04,0.10472,0.15708,1.9006e-08,-3.1176e-08,-1.9749e-08,4.8633e-09,5.3696e-08,2.1081e-08,3.477e-08,2.4792e-08,5.546e-10
0,-0.08,0,0.10472,0.15708,1.406e-08,-2.274e-08,-2.3754e-08,1.1145e-08,4.2462e-08,3.6003e-08,3.4276e-08,1.0454e-08,-2.2073e-08
-0.04,-0.04,0,0.10472,0.15708,1.4573e-08,-2.8663e-08,-1.8185e-08,4.9924e-09,4.3338e-08,3.5435e-08,3.7327e-08,6.7612e-09,-1.1866e-08
0,-0.04,0,0.10472,0.15708,1.7167e-08,-2.6662e-08,-2.1575e-08,7.4292e-09,4.7358e-08,2.9528e-08,3.5321e-08,1.328e-08,-1.4643e-08
0.04,-0.04,0,0.10472,0.15708,1.7932e-08,-2.4327e-08,-2.8121e-08,7.4581e-09,4.8684e-08,2.6407e-08,3.075e-08,1.9591e-08,-1.7018e-08
-0.08,0,0,0.10472,0.15708,1.4018e-08,-3.7424e-08,-1.4754e-08,4.013e-10,4.2754e-08,3.1347e-08,4.4478e-08,3.6312e-09,-5.3997e-09
-0.04,0,0,0.10472,0.15708,1.7434e-08,-3.3423e-08,-1.8639e-08,1.3517e-09,4.7952e-08,2.9468e-08,3.9072e-08,1.021e-08,-6.1072e-09
0,0,0,0.10472,0.15708,1.9417e-08,-3.0258e-08,-2.2754e-08,4.4236e-09,5.1897e-08,2.4708e-08,3.5313e-08,1.5393e-08,-6.6981e-09
0.04,0,0,0.10472,0.15708,2.3339e-08,-2.9604e-08,-2.8411e-08,3.3086e-09,5.6253e-08,2.3089e-08,3.0562e-08,2.0153e-08,-7.9765e-09
0.08,0,0,0.10472,0.15708,2.4566e-08,-2.4896e-08,-3.2032e-08,4.2991e-09,5.9387e-08,2.0399e-08,2.6967e-08,2.6944e-08,-8.0596e-09
-0.04,0.04,0,0.10472,0.15708,1.9809e-08,-4.0611e-08,-1.6564e-08,-5.5315e-10,5.1826e-08,2.4509e-08,4.1342e-08,9.5587e-09,-2.3142e-09
0,0.04,0,0.10472,0.15708,2.291e-08,-3.7362e-08,-1.9814e-08,1.8956e-10,5.9686e-08,2.2857e-08,3.62e-08,1.7766e-08,-3.205e-09
0.04,0.04,0,0.10472,0.15708,2.5755e-08,-3.337e-08,-2.4267e-08,-9.473e-10,6.1939e-08,1.9157e-08,3.082e-08,2.366e-08,-3.5249e-09
0,0.08,0,0.10472,0.15708,2.4779e-08,-4.4062e-08,-2.0695e-08,-2.8097e-09,6.5278e-08,1.9761e-08,3.476e-08,1.7528e-08,-1.0517e-09
-0.04,-0.04,0.04,0.10472,0.15708,1.7924e-08,-2.8003e-08,-2.227e-08,5.7286e-10,4.8322e-08,3.1552e-08,3.3008e-08,7.2649e-09,-1.5882e-08
0,-0.04,0.04,0.10472,0.15708,1.9153e-08,-2.5673e-08,-2.7592e-08,4.3254e-10,5.3773e-08,2.9252e-08,2.9594e-08,1.1626e-08,-1.6061e-08
0.04,-0.04,0.04,0.10472,0.15708,2.1828e-08,-2.2942e-08,-3.3309e-08,4.1949e-09,5.9983e-08,2.489e-08,2.7973e-08,1.6376e-08,-1.6546e-08
-0.04,0,0.04,0.10472,0.15708,1.8722e-08,-3.5319e-08,-2.1654e-08,-1.9936e-09,5.7035e-08,2.7156e-08,3.1811e-08,8.5142e-09,-9.2329e-09
0,0,0.04,0.10472,0.15708,2.311e-08,-3.0562e-08,-2.5235e-08,-2.714e-09,6.0145e-08,2.3623e-08,3.0303e-08,1.4311e-08,-1.1303e-08
0.04,0,0.04,0.10472,0.15708,2.4927e-08,-2.7199e-08,-3.2242e-08,-2.1072e-09,6.8913e-08,2.128e-08,2.6367e-08,1.934e-08,-1.3397e-08
-0.04,0.04,0.04,0.10472,0.15708,2.1645e-08,-4.1116e-08,-1.9843e-08,-3.5471e-09,5.9304e-08,2.3458e-08,3.3398e-08,9.7131e-09,-5.5631e-09
0,0.04,0.04,0.10472,0.15708,2.6641e-08,-3.6811e-08,-2.4951e-08,-3.8111e-09,7.2578e-08,2.1108e-08,3.067e-08,1.425e-08,-6.1975e-09
0.04,0.04,0.04,0.10472,0.15708,3.0034e-08,-3.3246e-08,-2.9284e-08,-5.245e-09,7.2314e-08,1.9047e-08,2.6679e-08,2.0681e-08,-7.3195e-09
0,0,0.08,0.10472,0.15708,2.3935e-08,-2.9168e-08,-2.8072e-08,-8.8065e-09,6.8506e-08,2.1799e-08,2.4707e-08,1.4047e-08,-1.2438e-08
0,0,-0.08,0.15708,0.15708,1.2973e-08,-2.8968e-08,-1.2461e-08,1.1879e-08,3.8813e-08,2.4875e-08,4.8215e-08,1.6033e-08,2.9413e-09
-0.04,-0.04,-0.04,0.15708,0.15708,1.2877e-08,-2.8304e-08,-1.4736e-08,1.1012e-08,3.6379e-08,3.5365e-08,4.6453e-08,5.6717e-09,-4.4931e-09
0,-0.04,-0.04,0.15708,0.15708,1.479e-08,-2.4813e-08,-1.8244e-08,1.3603e-08,4.0069e-08,2.9456e-08,4.0583e-08,1.2234e-08,-6.4195e-09
0.04,-0.04,-0.04,0.15708,0.15708,1.5654e-08,-2.423e-08,-2.3674e-08,1.5843e-08,4.2379e-08,2.5892e-08,3.478e-08,1.9314e-08,-8.4379e-09
-0.04,0,-0.04,0.15708,0.15708,1.3669e-08,-3.4449e-08,-1.5036e-08,7.4064e-09,4.0629e-08,2.9403e-08,4.4416e-08,8.1561e-09,-1.1895e-10
0,0,-0.04,0.15708,0.15708,1.6765e-08,-3.0987e-08,-1.6442e-08,9.6615e-09,4.5029e-08,2.6581e-08,4.0905e-08,1.4609e-08,-1.3876e-09
0.04,0,-0.04,0.15708,0.15708,1.8377e-08,-2.7531e-08,-1.8419e-08,9.3326e-09,4.8667e-08,2.2786e-08,3.3349e-08,2.6356e-08,-1.615e-09
-0.04,0.04,-0.04,0.15708,0.15708,1.5733e-08,-3.9103e-08,-1.3755e-08,5.8774e-09,4.5397e-08,2.5288e-08,4.5639e-08,1.0374e-08,3.568e-09
0,0.04,-0.04,0.15708,0.15708,1.7196e-08,-3.6783e-08,-1.6005e-08,3.9142e-09,4.7925e-08,2.2715e-08,4.3291e-08,1.6378e-08,2.6387e-09
0.04,0.04,-0.04,0.15708,0.15708,2.133e-08,-3.2554e-08,-1.724e-08,5.6983e-09,5.2728e-08,2.0491e-08,3.6327e-08,2.662e-08,2.9886e-09
0,-0.08,0,0.15708,0.15708,1.4692e-08,-2.1975e-08,-2.3791e-08,1.7271e-08,4.0915e-08,3.5026e-08,3.5064e-08,1.1924e-08,-1.681e-08
-0.04,-0.04,0,0.15708,0.15708,1.5361e-08,-2.7389e-08,-1.8155e-08,7.5883e-09,4.3489e-08,3.3877e-08,4.0276e-08,7.8498e-09,-7.4315e-09
0,-0.04,0,0.15708,0.15708,1.8602e-08,-2.6478e-08,-2.4819e-08,9.318e-09,4.6772e-08,3.0025e-08,3.5225e-08,1.4638e-08,-1.0318e-08
0.04,-0.04,0,0.15708,0.15708,1.9786e-08,-2.3805e-08,-2.6478e-08,1.3285e-08,5.1065e-08,2.5128e-08,3.228e-08,1.7021e-08,-1.1444e-08
-0.08,0,0,0.15708,0.15708,1.4704e-08,-3.6157e-08,-1.429e-08,3.2455e-09,4.0772e-08,3.1768e-08,4.2628e-08,4.7651e-09,-2.8654e-09
-0.04,0,0,0.15708,0.15708,1.7468e-08,-3.4127e-08,-1.769e-08,4.4112e-09,4.7273e-08,2.966e-08,4.0349e-08,8.7862e-09,-5.1262e-09
0,0,0,0.15708,0.15708,1.9573e-08,-3.1918e-08,-2.0284e-08,4.882e-09,5.341e-08,2.4995e-08,3.586e-08,1.5705e-08,-4.2485e-09
0.04,0,0,0.15708,0.15708,2.2588e-08,-2.8864e-08,-2.6535e-08,5.4086e-09,5.5751e-08,2.1765e-08,3.134e-08,2.0915e-08,-5.3796e-09
0.08,0,0,0.15708,0.15708,2.673e-08,-2.511e-08,-3.1315e-08,6.9846e-09,5.9846e-08,1.9977e-08,2.8477e-08,2.9075e-08,-6.0787e-09
-0.04,0.04,0,0.15708,0.15708,1.883e-08,-4.1044e-08,-1.5061e-08,9.2762e-10,5.1491e-08,2.4457e-08,3.701e-08,9.0832e-09,-1.3668e-09
0,0.04,0,0.15708,0.15708,2.247e-08,-3.6645e-08,-1.9434e-08,1.257e-09,5.7763e-08,2.2639e-08,3.5294e-08,1.5018e-08,-1.5832e-09
0.04,0.04,0,0.15708,0.15708,2.475e-08,-3.2273e-08,-2.2532e-08,2.56e-09,6.2554e-08,2.0257e-08,3.0249e-08,2.3461e-08,-1.885e-09
0,0.08,0,0.15708,0.15708,2.5328e-08,-4.3745e-08,-1.7459e-08,-7.2734e-10,5.9806e-08,1.9481e-08,3.4184e-08,1.6678e-08,1.5252e-09
-0.04,-0.04,0.04,0.15708,0.15708,1.7088e-08,-2.8648e-08,-2.2038e-08,2.7411e-09,4.6776e-08,3.2957e-08,3.2506e-08,8.1203e-09,-1.1685e-08
0,-0.04,0.04,0.15708,0.15708,1.9514e-08,-2.5302e-08,-2.5986e-08,3.4785e-09,5.0792e-08,2.7576e-08,2.9376e-08,1.213e-08,-1.3406e-08
0.04,-0.04,0.04,0.15708,0.15708,2.1487e-08,-2.2697e-08,-3.3693e-08,6.8376e-09,5.731e-08,2.5283e-08,2.6834e-08,1.7472e-08,-1.4341e-08
-0.04,0,0.04,0.15708,0.15708,1.9599e-08,-3.428e-08,-1.9607e-08,6.0708e-10,5.2824e-08,2.6998e-08,3.1436e-08,8.5549e-09,-8.0045e-09
0,0,0.04,0.15708,0.15708,2.292e-08,-3.1307e-08,-2.5268e-08,-1.505e-10,6.0448e-08,2.3908e-08,2.8898e-08,1.4394e-08,-7.6877e-09
0.04,0,0.04,0.15708,0.15708,2.5213e-08,-2.6929e-08,-3.091e-08,1.7021e-09,6.5023e-08,2.1063e-08,2.6276e-08,1.7637e-08,-8.8334e-09
-0.04,0.04,0.04,0.15708,0.15708,2.2866e-08,-3.9331e-08,-2.1129e-08,-3.3243e-09,6.0312e-08,2.317e-08,3.2165e-08,9.7598e-09,-4.0933e-09
0,0.04,0.04,0.15708,0.15708,2.6553e-08,-3.5784e-08,-2.3283e-08,-3.1026e-09,6.9992e-08,2.1354e-08,2.9752e-08,1.3026e-08,-4.3082e-09
0.04,0.04,0.04,0.15708,0.15708,3.1923e-08,-3.0924e-08,-3.0244e-08,-1.1474e-09,7.4482e-08,1.8501e-08,2.6199e-08,2.0852e-08,-5.0929e-09
0,0,0.08,0.15708,0.15708,2.4889e-08,-2.912e-08,-2.7092e-08,-7.0488e-09,6.3328e-08,2.2148e-08,2.5483e-08,1.2495e-08,-9.7719e-09
