0,0,-0.08,0.05236,0.05236,1.0808e-08,-2.7412e-08,-1.475e-08,7.2683e-09,3.9668e-08,2.6716e-08,4.6959e-08,1.6984e-08,-5.0784e-10
-0.04,-0.04,-0.04,0.05236,0.05236,1.2049e-08,-2.7032e-08,-1.59e-08,6.5089e-09,3.8444e-08,3.6033e-08,4.6602e-08,7.4729e-09,-9.6912e-09
0,-0.04,-0.04,0.05236,0.05236,1.297e-08,-2.6273e-08,-1.9594e-08,1.0073e-08,4.2841e-08,3.1105e-08,4.0948e-08,1.3111e-08,-1.4042e-08
0.04,-0.04,-0.04,0.05236,0.05236,1.381e-08,-2.3368e-08,-2.3976e-08,1.2584e-08,4.6081e-08,2.765e-08,3.3225e-08,1.9722e-08,-1.2922e-08
-0.04,0,-0.04,0.05236,0.05236,1.3156e-08,-3.2311e-08,-1.6648e-08,3.3541e-09,4.2469e-08,2.9936e-08,4.6974e-08,9.4711e-09,-5.8535e-09
0,0,-0.04,0.05236,0.05236,1.4898e-08,-3.1299e-08,-1.9181e-08,4.8223e-09,4.5739e-08,2.6366e-08,4.1438e-08,1.6403e-08,-6.0487e-09
0.04,0,-0.04,0.05236,0.05236,1.6417e-08,-2.8036e-08,-2.164e-08,5.0312e-09,5.0269e-08,2.3516e-08,3.5209e-08,2.3853e-08,-6.9707e-09
-0.04,0.04,-0.04,0.05236,0.05236,1.5141e-08,-3.8364e-08,-1.5584e-08,3.6028e-10,4.318e-08,2.61e-08,4.9339e-08,8.656e-09,-1.7072e-09
0,0.04,-0.04,0.05236,0.05236,1.6859e-08,-3.6211e-08,-1.7751e-08,1.7067e-09,5.0842e-08,2.3176e-08,4.2086e-08,1.7726e-08,-2.6908e-09
0.04,0.04,-0.04,0.05236,0.05236,1.8144e-08,-3.168e-08,-2.2707e-08,1.5029e-09,5.3956e-08,2.0864e-08,3.6372e-08,2.5609e-08,-2.1715e-09
0,-0.08,0,0.05236,0.05236,1.3864e-08,-2.2257e-08,-2.5972e-08,8.0876e-09,4.2912e-08,3.6509e-08,3.4283e-08,1.0696e-08,-2.3789e-08
-0.04,-0.04,0,0.05236,0.05236,1.4135e-08,-2.8762e-08,-1.9979e-08,2.8879e-09,4.5478e-08,3.4854e-08,3.92e-08,7.6118e-09,-1.4984e-08
0,-0.04,0,0.05236,0.05236,1.5699e-08,-2.5797e-08,-2.3645e-08,4.237e-09,4.8423e-08,3.1102e-08,3.4968e-08,1.3388e-08,-1.6539e-08
0.04,-0.04,0,0.05236,0.05236,1.7352e-08,-2.4381e-08,-2.9907e-08,5.9347e-09,5.3822e-08,2.6968e-08,3.1351e-08,1.7573e-08,-1.9095e-08
-0.08,0,0,0.05236,0.05236,1.4407e-08,-3.5131e-08,-1.6033e-08,-1.1119e-09,4.2383e-08,3.1043e-08,4.4915e-08,4.4758e-09,-7.9412e-09
-0.04,0,0,0.05236,0.05236,1.5848e-08,-3.3204e-08,-1.8137e-08,1.5535e-10,4.8838e-08,2.8656e-08,4.1218e-08,9.1801e-09,-9.496e-09
0,0,0,0.05236,0.05236,1.8657e-08,-3.0013e-08,-2.3131e-08,2.7535e-10,5.5174e-08,2.5309e-08,3.531e-08,1.5657e-08,-1.0133e-08
0.04,0,0,0.05236,0.05236,2.0597e-08,-2.8911e-08,-2.7258e-08,1.4149e-09,5.6656e-08,2.3597e-08,3.0582e-08,2.1473e-08,-1.0942e-08
0.08,0,0,0.05236,0.05236,2.2974e-08,-2.4509e-08,-3.534e-08,2.6756e-09,6.4121e-08,2.0694e-08,2.7408e-08,2.6524e-08,-1.1478e-08
-0.04,0.04,0,0.05236,0.05236,1.9374e-08,-3.9893e-08,-1.8065e-08,-2.7525e-09,5.2684e-08,2.539e-08,3.9417e-08,9.9837e-09,-3.7189e-09
0,0.04,0,0.05236,0.05236,2.2576e-08,-3.668e-08,-2.2153e-08,-2.2364e-09,6.1084e-08,2.3095e-08,3.4986e-08,1.6096e-08,-6.9883e-09
0.04,0.04,0,0.05236,0.05236,2.3446e-08,-3.2854e-08,-2.5749e-08,-2.4226e-09,6.282e-08,1.9799e-08,3.2848e-08,2.5191e-08,-5.9933e-09
0,0.08,0,0.05236,0.05236,2.5219e-08,-4.3129e-08,-1.9973e-08,-3.5673e-09,6.1995e-08,1.923e-08,3.5999e-08,1.8827e-08,-3.0716e-09
-0.04,-0.04,0.04,0.05236,0.05236,1.6831e-08,-2.855e-08,-2.266e-08,-3.1728e-09,4.9476e-08,3.1755e-08,3.1775e-08,7.8302e-09,-1.622e-08
0,-0.04,0.04,0.05236,0.05236,1.8333e-08,-2.5838e-08,-2.7015e-08,-1.0369e-09,5.4751e-08,2.8708e-08,2.9199e-08,1.1765e-08,-1.7473e-08
0.04,-0.04,0.04,0.05236,0.05236,2.1347e-08,-2.4036e-08,-3.4718e-08,9.5301e-10,6.0188e-08,2.6653e-08,2.6324e-08,1.6445e-08,-1.8801e-08
-0.04,0,0.04,0.05236,0.05236,1.9645e-08,-3.6069e-08,-2.165e-08,-4.6663e-09,5.4145e-08,2.6647e-08,3.1586e-08,8.087e-09,-1.163e-08
0,0,0.04,0.05236,0.05236,2.2052e-08,-3.0611e-08,-2.7039e-08,-5.0959e-09,6.057e-08,2.4559e-08,2.8854e-08,1.4586e-08,-1.2773e-08
0.04,0,0.04,0.05236,0.05236,2.3736e-08,-2.8231e-08,-3.2545e-08,-4.6348e-09,6.9264e-08,2.2149e-08,2.6237e-08,1.8647e-08,-1.4953e-08
-0.04,0.04,0.04,0.05236,0.05236,2.2534e-08,-4.009e-08,-2.0159e-08,-6.4856e-09,6.3061e-08,2.3352e-08,3.1439e-08,9.3811e-09,-7.5207e-09
0,0.04,0.04,0.05236,0.05236,2.5169e-08,-3.6929e-08,-2.6499e-08,-7.1581e-09,6.7635e-08,2.1334e-08,3.0548e-08,1.5657e-08,-7.5907e-09
0.04,0.04,0.04,0.05236,0.05236,2.846e-08,-3.2973e-08,-3.0654e-08,-7.0629e-09,7.4767e-08,1.8475e-08,2.6712e-08,2.0581e-08,-9.4489e-09
0,0,0.08,0.05236,0.05236,2.4806e-08,-3.0263e-08,-2.822e-08,-1.2533e-08,7.2191e-08,2.1868e-08,2.494e-08,1.2426e-08,-1.291e-08
0,0,-0.08,0.10472,0.05236,1.2313e-08,-2.7598e-08,-1.2238e-08,9.6562e-09,3.9211e-08,2.5358e-08,4.6759e-08,1.7096e-08,2.4968e-09
-0.04,-0.04,-0.04,0.10472,0.05236,1.2481e-08,-2.8706e-08,-1.6156e-08,8.9096e-09,3.6985e-08,3.658e-08,4.5621e-08,7.4428e-09,-8.4071e-09
0,-0.04,-0.04,0.10472,0.05236,1.4119e-08,-2.5939e-08,-1.8976e-08,1.2368e-08,4.0423e-08,3.0721e-08,3.9443e-08,1.3684e-08,-1.1321e-08
0.04,-0.04,-0.04,0.10472,0.05236,1.552e-08,-2.4613e-08,-2.4127e-08,1.276e-08,4.3015e-08,2.6667e-08,3.3809e-08,2.1747e-08,-1.1693e-08
-0.04,0,-0.04,0.10472,0.05236,1.4006e-08,-3.2817e-08,-1.5018e-08,5.2317e-09,4.1575e-08,2.8934e-08,4.8236e-08,7.0698e-09,-2.8127e-09
0,0,-0.04,0.10472,0.05236,1.6203e-08,-2.9859e-08,-1.77e-08,6.146e-09,4.5519e-08,2.5801e-08,4.1135e-08,1.6131e-08,-3.4444e-09
0.04,0,-0.04,0.10472,0.05236,1.7673e-08,-2.6991e-08,-2.2967e-08,7.5172e-09,4.9866e-08,2.2311e-08,3.5312e-08,2.4947e-08,-4.9719e-09
-0.04,0.04,-0.04,0.10472,0.05236,1.6729e-08,-4.036e-08,-1.5139e-08,2.8863e-09,4.4233e-08,2.6377e-08,4.7109e-08,9.8855e-09,-1.5827e-10
0,0.04,-0.04,0.10472,0.05236,1.804e-08,-3.5609e-08,-1.6285e-08,3.6893e-09,5.0991e-08,2.301e-08,4.0575e-08,1.8956e-08,8.3484e-10
0.04,0.04,-0.04,0.10472,0.05236,2.087e-08,-3.2159e-08,-1.9911e-08,3.1187e-09,5.1207e-08,2.0495e-08,3.6057e-08,2.8546e-08,6.2076e-10
0,-0.08,0,0.10472,0.05236,1.5048e-08,-2.2883e-08,-2.4686e-08,1.302e-08,4.0236e-08,3.4148e-08,3.3441e-08,1.0856e-08,-2.2129e-08
-0.04,-0.04,0,0.10472,0.05236,1.5125e-08,-2.8141e-08,-1.9847e-08,5.5194e-09,4.1309e-08,3.4292e-08,3.9162e-08,7.9424e-09,-1.0974e-08
0,-0.04,0,0.10472,0.05236,1.7236e-08,-2.6555e-08,-2.3688e-08,5.3644e-09,4.7772e-08,3.0063e-08,3.5699e-08,1.3886e-08,-1.4133e-08
0.04,-0.04,0,0.10472,0.05236,1.8174e-08,-2.4383e-08,-2.844e-08,1.0485e-08,5.0554e-08,2.5871e-08,3.1368e-08,1.7837e-08,-1.5034e-08
-0.08,0,0,0.10472,0.05236,1.4939e-08,-3.5981e-08,-1.6018e-08,3.9933e-10,4.057e-08,3.2679e-08,4.1668e-08,3.856e-09,-4.8766e-09
-0.04,0,0,0.10472,0.05236,1.6923e-08,-3.2954e-08,-1.8976e-08,2.0622e-09,4.744e-08,2.9278e-08,4.0475e-08,8.6824e-09,-6.6986e-09
0,0,0,0.10472,0.05236,1.9607e-08,-3.1344e-08,-2.2655e-08,2.3302e-09,5.4171e-08,2.6491e-08,3.4103e-08,1.5856e-08,-6.2289e-09
0.04,0,0,0.10472,0.05236,2.3101e-08,-2.7455e-08,-2.7055e-08,3.35e-09,5.7031e-08,2.3068e-08,3.2213e-08,1.9914e-08,-8.0289e-09
0.08,0,0,0.10472,0.05236,2.4308e-08,-2.4968e-08,-3.4818e-08,4.4603e-09,6.0709e-08,1.9874e-08,2.6815e-08,2.7953e-08,-1.0169e-08
-0.04,0.04,0,0.10472,0.05236,1.9102e-08,-3.9647e-08,-1.7766e-08,-9.6479e-10,5.0755e-08,2.5857e-08,4.0738e-08,1.082e-08,-3.1937e-09
0,0.04,0,0.10472,0.05236,2.2399e-08,-3.6733e-08,-2.1361e-08,-1.1479e-09,5.7191e-08,2.2301e-08,3.4172e-08,1.6919e-08,-3.867e-09
0.04,0.04,0,0.10472,0.05236,2.6022e-08,-3.2823e-08,-2.5912e-08,-5.7706e-10,6.4541e-08,2.0345e-08,3.0676e-08,2.4146e-08,-3.523e-09
0,0.08,0,0.10472,0.05236,2.6091e-08,-4.4359e-08,-1.9209e-08,-2.7308e-09,6.2544e-08,1.9306e-08,3.3846e-08,1.8424e-08,-7.4174e-10
-0.04,-0.04,0.04,0.10472,0.05236,1.6668e-08,-2.7632e-08,-2.2666e-08,-5.2222e-10,4.9393e-08,3.3769e-08,3.1867e-08,8.8758e-09,-1.4627e-08
0,-0.04,0.04,0.10472,0.05236,1.9759e-08,-2.5935e-08,-2.7447e-08,2.4036e-09,5.4437e-08,2.8636e-08,2.9878e-08,1.1857e-08,-1.6149e-08
0.04,-0.04,0.04,0.10472,0.05236,2.227e-08,-2.3452e-08,-3.4091e-08,1.9113e-09,5.7668e-08,2.5501e-08,2.6596e-08,1.6696e-08,-1.711e-08
-0.04,0,0.04,0.10472,0.05236,1.9038e-08,-3.4673e-08,-2.1474e-08,-3.0241e-09,5.4178e-08,2.6856e-08,3.2799e-08,8.8114e-09,-8.8568e-09
0,0,0.04,0.10472,0.05236,2.2386e-08,-2.8961e-08,-2.5925e-08,-4.6257e-09,6.0465e-08,2.5405e-08,3.0331e-08,1.3846e-08,-1.0886e-08
0.04,0,0.04,0.10472,0.05236,2.4448e-08,-2.7932e-08,-3.0765e-08,-1.5861e-09,6.6633e-08,2.2024e-08,2.6461e-08,1.9446e-08,-1.0856e-08
-0.04,0.04,0.04,0.10472,0.05236,2.1866e-08,-4.0542e-08,-1.9907e-08,-5.1937e-09,5.8893e-08,2.3697e-08,3.2924e-08,9.6133e-09,-5.5926e-09
0,0.04,0.04,0.10472,0.05236,2.6744e-08,-3.5802e-08,-2.4221e-08,-4.4709e-09,6.9937e-08,2.1033e-08,3.0173e-08,1.5853e-08,-6.4245e-09
0.04,0.04,0.04,0.10472,0.05236,2.9525e-08,-3.2296e-08,-3.0453e-08,-4.4299e-09,7.4132e-08,1.8607e-08,2.7633e-08,2.1858e-08,-6.9503e-09
0,0,0.08,0.10472,0.05236,2.4825e-08,-2.8128e-08,-2.7493e-08,-9.4529e-09,6.972e-08,2.2642e-08,2.4811e-08,1.2487e-08,-1.2083e-08
0,0,-0.08,0.15708,0.05236,1.2695e-08,-2.8603e-08,-1.2138e-08,1.1568e-08,3.8767e-08,2.4954e-08,4.7216e-08,1.7861e-08,5.607e-09
-0.04,-0.04,-0.04,0.15708,0.05236,1.3227e-08,-2.8691e-08,-1.6933e-08,1.1473e-08,3.6777e-08,3.37e-08,4.6017e-08,8.2719e-09,-5.1475e-09
0,-0.04,-0.04,0.15708,0.05236,1.466e-08,-2.5698e-08,-1.928e-08,1.3083e-08,3.7905e-08,3.0241e-08,4.0422e-08,1.4625e-08,-9.078e-09
0.04,-0.04,-0.04,0.15708,0.05236,1.7902e-08,-2.3586e-08,-2.3404e-08,1.6008e-08,4.2644e-08,2.5936e-08,3.6694e-08,2.1521e-08,-1.0205e-08
-0.04,0,-0.04,0.15708,0.05236,1.5056e-08,-3.2088e-08,-1.6004e-08,6.6265e-09,3.9347e-08,2.9771e-08,4.5864e-08,1.033e-08,-4.9695e-10
0,0,-0.04,0.15708,0.05236,1.683e-08,-3.0876e-08,-1.8329e-08,8.0998e-09,4.4528e-08,2.6545e-08,4.0311e-08,1.5961e-08,-1.7142e-10
0.04,0,-0.04,0.15708,0.05236,1.9541e-08,-2.7334e-08,-2.2148e-08,9.7961e-09,4.6187e-08,2.3345e-08,3.4951e-08,2.3424e-08,-1.7935e-09
-0.04,0.04,-0.04,0.15708,0.05236,1.6311e-08,-4.0305e-08,-1.4295e-08,3.0875e-09,4.3153e-08,2.5396e-08,4.7472e-08,9.7955e-09,2.9908e-09
0,0.04,-0.04,0.15708,0.05236,1.9544e-08,-3.6691e-08,-1.6795e-08,5.0049e-09,4.7947e-08,2.2792e-08,4.0554e-08,1.7755e-08,2.4294e-09
0.04,0.04,-0.04,0.15708,0.05236,2.1473e-08,-3.1769e-08,-1.9928e-08,5.7681e-09,5.3649e-08,2.0023e-08,3.5029e-08,2.7899e-08,2.3787e-09
0,-0.08,0,0.15708,0.05236,1.5193e-08,-2.2321e-08,-2.4404e-08,1.6356e-08,3.9067e-08,3.4856e-08,3.3822e-08,1.2574e-08,-1.7333e-08
-0.04,-0.04,0,0.15708,0.05236,1.5147e-08,-2.7608e-08,-1.9522e-08,8.5743e-09,4.0789e-08,3.4219e-08,3.8054e-08,8.3457e-09,-9.1642e-09
0,-0.04,0,0.15708,0.05236,1.8379e-08,-2.6642e-08,-2.3279e-08,8.9044e-09,4.4482e-08,3.0209e-08,3.4597e-08,1.3669e-08,-1.1429e-08
0.04,-0.04,0,0.15708,0.05236,1.991e-08,-2.3149e-08,-2.8186e-08,1.0925e-08,4.9287e-08,2.6625e-08,2.9781e-08,1.9928e-08,-1.1832e-08
-0.08,0,0,0.15708,0.05236,1.5012e-08,-3.6748e-08,-1.5565e-08,2.2887e-09,3.945e-08,3.3511e-08,4.5036e-08,3.5763e-09,-3.5971e-09
-0.04,0,0,0.15708,0.05236,1.7041e-08,-3.2816e-08,-1.8124e-08,3.032e-09,4.5545e-08,2.9527e-08,3.9977e-08,8.5697e-09,-4.5475e-09
0,0,0,0.15708,0.05236,2.1076e-08,-3.1589e-08,-2.265e-08,4.4254e-09,5.2478e-08,2.6236e-08,3.4151e-08,1.4236e-08,-4.7062e-09
0.04,0,0,0.15708,0.05236,2.3069e-08,-2.7939e-08,-2.6095e-08,5.7638e-09,5.5778e-08,2.2756e-08,3.0642e-08,2.1914e-08,-5.1719e-09
0.08,0,0,0.15708,0.05236,2.5353e-08,-2.4993e-08,-3.4061e-08,5.8419e-09,5.8986e-08,1.9846e-08,2.6993e-08,2.7408e-08,-6.3682e-09
-0.04,0.04,0,0.15708,0.05236,1.9764e-08,-4.2328e-08,-1.6971e-08,3.3839e-10,4.9223e-08,2.4731e-08,4.0535e-08,1.0401e-08,-7.076e-10
0,0.04,0,0.15708,0.05236,2.255e-08,-3.6416e-08,-2.1515e-08,2.063e-09,5.6537e-08,2.1659e-08,3.4418e-08,1.6667e-08,-7.1514e-10
0.04,0.04,0,0.15708,0.05236,2.7125e-08,-3.2131e-08,-2.413e-08,2.4432e-09,6.0526e-08,1.9937e-08,3.2222e-08,2.4181e-08,-2.1617e-09
0,0.08,0,0.15708,0.05236,2.6182e-08,-4.4454e-08,-1.9522e-08,-1.0791e-09,6.2874e-08,1.9232e-08,3.5279e-08,1.9051e-08,7.8864e-10
-0.04,-0.04,0.04,0.15708,0.05236,1.8408e-08,-2.8231e-08,-2.1889e-08,2.2481e-09,4.8111e-08,3.1889e-08,3.1872e-08,8.9179e-09,-1.0949e-08
0,-0.04,0.04,0.15708,0.05236,1.9652e-08,-2.5512e-08,-2.7633e-08,4.0266e-09,5.1914e-08,2.8382e-08,2.947e-08,1.2468e-08,-1.3596e-08
0.04,-0.04,0.04,0.15708,0.05236,2.2102e-08,-2.425e-08,-3.5997e-08,7.8637e-09,5.478e-08,2.5081e-08,2.6831e-08,1.6705e-08,-1.4955e-08
-0.04,0,0.04,0.15708,0.05236,2.0325e-08,-3.3005e-08,-2.1802e-08,-2.0245e-09,5.166e-08,2.8932e-08,3.3119e-08,8.6179e-09,-7.7618e-09
0,0,0.04,0.15708,0.05236,2.3135e-08,-3.0178e-08,-2.5737e-08,8.0696e-10,6.0413e-08,2.4477e-08,3.0061e-08,1.4809e-08,-8.0256e-09
0.04,0,0.04,0.15708,0.05236,2.6462e-08,-2.6945e-08,-3.2093e-08,1.347e-09,6.5085e-08,2.1597e-08,2.7536e-08,1.9241e-08,-8.8654e-09
-0.04,0.04,0.04,0.15708,0.05236,2.1712e-08,-3.9072e-08,-2.0221e-08,-3.5125e-09,5.9463e-08,2.3916e-08,3.1914e-08,1.0483e-08,-3.6856e-09
0,0.04,0.04,0.15708,0.05236,2.7343e-08,-3.4949e-08,-2.4818e-08,-2.0156e-09,6.6768e-08,2.1289e-08,3.0338e-08,1.5294e-08,-3.7994e-09
0.04,0.04,0.04,0.15708,0.05236,3.0929e-08,-3.183e-08,-2.953e-08,-2.4031e-09,7.3153e-08,1.8913e-08,2.5674e-08,2.1292e-08,-4.6079e-09
0,0,0.08,0.15708,0.05236,2.516e-08,-2.9501e-08,-2.7731e-08,-5.3903e-09,6.9762e-08,2.3228e-08,2.3815e-08,1.2121e-08,-9.7301e-09
0,0,-0.08,0.05236,0.10472,9.6578e-09,-2.8077e-08,-1.4264e-08,6.7786e-09,4.0231e-08,2.5682e-08,4.6426e-08,1.6152e-08,-1.9026e-09
-0.04,-0.04,-0.04,0.05236,0.10472,1.1791e-08,-2.7228e-08,-1.6926e-08,7.0789e-09,3.7518e-08,3.514e-08,4.5813e-08,7.0953e-09,-1.1531e-08
0,-0.04,-0.04,0.05236,0.10472,1.2013e-08,-2.5495e-08,-1.9057e-08,8.3655e-09,4.3293e-08,3.1614e-08,3.9829e-08,1.3059e-08,-1.3662e-08
0.04,-0.04,-0.04,0.05236,0.10472,1.3355e-08,-2.3424e-08,-2.3443e-08,1.0568e-08,4.6265e-08,2.6309e-08,3.5029e-08,1.9706e-08,-1.3906e-08
-0.04,0,-0.04,0.05236,0.10472,1.3217e-08,-3.292e-08,-1.5491e-08,3.2215e-09,4.2571e-08,2.9648e-08,4.7309e-08,7.3977e-09,-5.6742e-09
0,0,-0.04,0.05236,0.10472,1.4938e-08,-2.9786e-08,-1.9367e-08,4.81e-09,4.6879e-08,2.6517e-08,4.1381e-08,1.5318e-08,-6.4517e-09
0.04,0,-0.04,0.05236,0.10472,1.6135e-08,-2.7632e-08,-2.1972e-08,5.4011e-09,4.8967e-08,2.4246e-08,3.4712e-08,2.0966e-08,-8.7118e-09
-0.04,0.04,-0.04,0.05236,0.10472,1.4834e-08,-3.8648e-08,-1.5487e-08,8.4148e-10,4.6123e-08,2.612e-08,4.8113e-08,8.1079e-09,-3.9542e-10
0,0.04,-0.04,0.05236,0.10472,1.6254e-08,-3.582e-08,-1.7758e-08,1.2252e-09,4.9472e-08,2.2941e-08,4.0757e-08,1.7135e-08,-2.6006e-09
0.04,0.04,-0.04,0.05236,0.10472,1.9117e-08,-3.0854e-08,-2.1488e-08,2.078e-09,5.3049e-08,2.0346e-08,3.5242e-08,2.8248e-08,-2.0542e-09
0,-0.08,0,0.05236,0.10472,1.3962e-08,-2.2614e-08,-2.44e-08,1.1465e-08,4.2963e-08,3.6144e-08,3.1561e-08,1.1001e-08,-2.4155e-08
-0.04,-0.04,0,0.05236,0.10472,1.4793e-08,-2.7786e-08,-1.9582e-08,2.8093e-09,4.2329e-08,3.5395e-08,3.7239e-08,6.9104e-09,-1.4087e-08
0,-0.04,0,0.05236,0.10472,1.6375e-08,-2.6851e-08,-2.4014e-08,6.3667e-09,5.0786e-08,3.0986e-08,3.4949e-08,1.3202e-08,-1.614e-08
0.04,-0.04,0,0.05236,0.10472,1.7368e-08,-2.3958e-08,-2.8064e-08,5.3836e-09,5.2602e-08,2.646e-08,3.1044e-08,1.8874e-08,-1.7936e-08
-0.08,0,0,0.05236,0.10472,1.4795e-08,-3.6057e-08,-1.6524e-08,-1.2489e-09,4.196e-08,3.3109e-08,4.5204e-08,3.9531e-09,-7.7008e-09
-0.04,0,0,0.05236,0.10472,1.6922e-08,-3.4167e-08,-1.7922e-08,-2.2936e-10,5.0567e-08,2.8494e-08,4.0275e-08,1.0421e-08,-7.569e-09
0,0,0,0.05236,0.10472,1.854e-08,-3.0836e-08,-2.2489e-08,7.5398e-10,5.3954e-08,2.6165e-08,3.4731e-08,1.3847e-08,-1.0671e-08
0.04,0,0,0.05236,0.10472,2.0462e-08,-2.7874e-08,-2.7673e-08,1.2032e-09,5.7682e-08,2.2707e-08,3.1801e-08,2.0532e-08,-1.0979e-08
0.08,0,0,0.05236,0.10472,2.3133e-08,-2.5571e-08,-3.4487e-08,1.2691e-09,6.0251e-08,2.0261e-08,2.7572e-08,2.7228e-08,-1.1223e-08
-0.04,0.04,0,0.05236,0.10472,1.9713e-08,-4.0438e-08,-1.7822e-08,-2.8564e-09,5.191e-08,2.4637e-08,3.9718e-08,9.7327e-09,-4.459e-09
0,0.04,0,0.05236,0.10472,2.1274e-08,-3.4467e-08,-2.2621e-08,-2.6732e-09,5.9301e-08,2.2805e-08,3.4789e-08,1.7193e-08,-5.6541e-09
0.04,0.04,0,0.05236,0.10472,2.5013e-08,-3.1856e-08,-2.5614e-08,-1.2791e-09,6.0443e-08,1.9706e-08,3.1222e-08,2.2908e-08,-6.3632e-09
0,0.08,0,0.05236,0.10472,2.6072e-08,-4.293e-08,-2.0605e-08,-3.9221e-09,6.4768e-08,1.9703e-08,3.4507e-08,1.8134e-08,-1.5872e-09
-0.04,-0.04,0.04,0.05236,0.10472,1.6806e-08,-2.8386e-08,-2.2449e-08,-1.5468e-09,4.8598e-08,3.2764e-08,3.2485e-08,7.8638e-09,-1.6432e-08
0,-0.04,0.04,0.05236,0.10472,1.8907e-08,-2.6483e-08,-2.6854e-08,-2.0503e-09,5.5938e-08,2.7989e-08,2.9086e-08,1.1926e-08,-1.7818e-08
0.04,-0.04,0.04,0.05236,0.10472,1.9891e-08,-2.4212e-08,-3.4288e-08,-1.7213e-09,5.9462e-08,2.5294e-08,2.6876e-08,1.6407e-08,-2.1883e-08
-0.04,0,0.04,0.05236,0.10472,1.8346e-08,-3.461e-08,-2.1324e-08,-4.6593e-09,5.6721e-08,2.7356e-08,3.3996e-08,8.5729e-09,-1.1138e-08
0,0,0.04,0.05236,0.10472,2.1026e-08,-3.0673e-08,-2.6619e-08,-6.1111e-09,6.1653e-08,2.4016e-08,3.0145e-08,1.4264e-08,-1.4056e-08
0.04,0,0.04,0.05236,0.10472,2.4697e-08,-2.8445e-08,-3.18e-08,-4.5288e-09,6.8112e-08,2.1414e-08,2.7684e-08,1.818e-08,-1.2989e-08
-0.04,0.04,0.04,0.05236,0.10472,2.2806e-08,-4.0638e-08,-2.0468e-08,-6.4675e-09,6.1762e-08,2.2753e-08,3.2482e-08,9.4365e-09,-6.7936e-09
0,0.04,0.04,0.05236,0.10472,2.5798e-08,-3.7421e-08,-2.4747e-08,-7.6538e-09,6.8822e-08,2.0665e-08,3.0443e-08,1.5533e-08,-8.8406e-09
0.04,0.04,0.04,0.05236,0.10472,2.9097e-08,-3.3333e-08,-3.0345e-08,-6.2534e-09,7.4829e-08,1.854e-08,2.6714e-08,2.0788e-08,-9.0563e-09
0,0,0.08,0.05236,0.10472,2.4869e-08,-2.9637e-08,-2.9006e-08,-9.9072e-09,7.0943e-08,2.229e-08,2.4774e-08,1.2243e-08,-1.3666e-08
0,0,-0.08,0.10472,0.10472,1.0907e-08,-2.8958e-08,-1.308e-08,9.1193e-09,3.9502e-08,2.5347e-08,4.6701e-08,1.5826e-08,1.2744e-09
-0.04,-0.04,-0.04,0.10472,0.10472,1.239e-08,-2.817e-08,-1.6162e-08,8.4536e-09,3.7286e-08,3.7086e-08,4.5518e-08,8.283e-09,-9.0567e-09
0,-0.04,-0.04,0.10472,0.10472,1.397e-08,-2.5309e-08,-1.9404e-08,1.2077e-08,4.2227e-08,3.1121e-08,4.0866e-08,1.5003e-08,-8.5618e-09
0.04,-0.04,-0.04,0.10472,0.10472,1.5544e-08,-2.3288e-08,-2.4255e-08,1.185e-08,4.3644e-08,2.7771e-08,3.4683e-08,1.9184e-08,-9.7548e-09
-0.04,0,-0.04,0.10472,0.10472,1.4081e-08,-3.3788e-08,-1.5024e-08,4.8393e-09,4.092e-08,3.0121e-08,4.7175e-08,8.4079e-09,-2.5861e-09
0,0,-0.04,0.10472,0.10472,1.5645e-08,-3.0299e-08,-1.7761e-08,7.061e-09,4.5843e-08,2.6673e-08,4.0611e-08,1.5452e-08,-3.6888e-09
0.04,0,-0.04,0.10472,0.10472,1.7999e-08,-2.834e-08,-2.1867e-08,8.2239e-09,4.8575e-08,2.3651e-08,3.6078e-08,2.3226e-08,-4.1902e-09
-0.04,0.04,-0.04,0.10472,0.10472,1.5472e-08,-3.9433e-08,-1.4643e-08,2.0485e-09,4.5331e-08,2.5174e-08,4.6537e-08,7.8661e-09,7.0325e-10
0,0.04,-0.04,0.10472,0.10472,1.7924e-08,-3.5287e-08,-1.7382e-08,3.4019e-09,4.9591e-08,2.3097e-08,4.0858e-08,1.6707e-08,1.51e-09
0.04,0.04,-0.04,0.10472,0.10472,2.0693e-08,-3.2456e-08,-2.0259e-08,3.39e-09,5.3674e-08,1.9935e-08,3.4767e-08,2.6568e-08,-7.5427e-10
0,-0.08,0,0.10472,0.10472,1.5105e-08,-2.2039e-08,-2.4588e-08,1.2834e-08,4.036e-08,3.5154e-08,3.2564e-08,1.1062e-08,-2.2131e-08
-0.04,-0.04,0,0.10472,0.10472,1.4827e-08,-2.8874e-08,-2.0198e-08,5.7409e-09,4.2775e-08,3.4901e-08,4.0024e-08,7.6971e-09,-1.1168e-08
0,-0.04,0,0.10472,0.10472,1.706e-08,-2.6389e-08,-2.4277e-08,7.3544e-09,4.772e-08,3.0231e-08,3.4388e-08,1.2853e-08,-1.3e-08
0.04,-0.04,0,0.10472,0.10472,1.9213e-08,-2.4081e-08,-2.8656e-08,9.1546e-09,5.1652e-08,2.6771e-08,3.1579e-08,1.8228e-08,-1.6341e-08
-0.08,0,0,0.10472,0.10472,1.4892e-08,-3.6363e-08,-1.524e-08,6.6994e-10,4.1859e-08,3.272e-08,4.1206e-08,3.7756e-09,-5.2985e-09
-0.04,0,0,0.10472,0.10472,1.6612e-08,-3.4855e-08,-1.903e-08,2.1774e-09,4.6792e-08,2.8672e-08,3.9499e-08,1.0052e-08,-6.6523e-09
0,0,0,0.10472,0.10472,1.9863e-08,-3.1239e-08,-2.2875e-08,3.1855e-09,5.28e-08,2.5884e-08,3.5744e-08,1.4957e-08,-8.3679e-09
0.04,0,0,0.10472,0.10472,2.2609e-08,-2.7679e-08,-2.6888e-08,4.4271e-09,5.7805e-08,2.2694e-08,3.0193e-08,2.2555e-08,-7.8409e-09
0.08,0,0,0.10472,0.10472,2.5156e-08,-2.53e-08,-3.423e-08,3.5491e-09,6.2601e-08,2.0182e-08,2.6779e-08,2.7608e-08,-1.066e-08
-0.04,0.04,0,0.10472,0.10472,1.9675e-08,-4.1567e-08,-1.8512e-08,-6.1135e-10,5.1332e-08,2.4739e-08,4.0081e-08,9.2646e-09,-2.9986e-09
0,0.04,0,0.10472,0.10472,2.1414e-08,-3.6272e-08,-2.2264e-08,-1.6665e-09,5.8454e-08,2.2059e-08,3.5477e-08,1.6993e-08,-3.3721e-09
0.04,0.04,0,0.10472,0.10472,2.4674e-08,-3.3755e-08,-2.5229e-08,9.9006e-10,6.5546e-08,1.9696e-08,3.2625e-08,2.4212e-08,-3.6229e-09
0,0.08,0,0.10472,0.10472,2.4957e-08,-4.4217e-08,-1.9059e-08,-2.3755e-09,6.0473e-08,1.9884e-08,3.6719e-08,1.6962e-08,-1.0092e-09
-0.04,-0.04,0.04,0.10472,0.10472,1.6746e-08,-2.8101e-08,-2.2786e-08,-6.6556e-10,4.7288e-08,3.2027e-08,3.1665e-08,8.1033e-09,-1.3816e-08
0,-0.04,0.04,0.10472,0.10472,1.8763e-08,-2.6003e-08,-2.6515e-08,2.0081e-09,5.2838e-08,2.7707e-08,2.9464e-08,1.2397e-08,-1.5552e-08
0.04,-0.04,0.04,0.10472,0.10472,2.2365e-08,-2.4709e-08,-3.2513e-08,2.9363e-09,5.9258e-08,2.5135e-08,2.6388e-08,1.6941e-08,-1.7427e-08
-0.04,0,0.04,0.10472,0.10472,1.9618e-08,-3.3721e-08,-2.0095e-08,-2.5137e-09,5.2871e-08,2.6539e-08,3.1766e-08,8.4488e-09,-9.0996e-09
0,0,0.04,0.10472,0.10472,2.2145e-08,-3.0904e-08,-2.6738e-08,-1.7706e-09,5.9905e-08,2.4575e-08,3.1375e-08,1.4253e-08,-1.0195e-08
0.04,0,0.04,0.10472,0.10472,2.5798e-08,-2.7355e-08,-3.046e-08,-1.8521e-09,6.6219e-08,2.2704e-08,2.7024e-08,1.8413e-08,-1.1477e-08
-0.04,0.04,0.04,0.10472,0.10472,2.2481e-08,-3.9944e-08,-2.1036e-08,-5.7335e-09,5.9057e-08,2.3842e-08,3.2717e-08,9.806e-09,-4.7851e-09
0,0.04,0.04,0.10472,0.10472,2.5331e-08,-3.5671e-08,-2.4625e-08,-4.3757e-09,6.7933e-08,2.1061e-08,3.0287e-08,1.5094e-08,-5.9487e-09
0.04,0.04,0.04,0.10472,0.10472,3.049e-08,-3.2355e-08,-3.009e-08,-4.7016e-09,7.4526e-08,1.8561e-08,2.6752e-08,2.0671e-08,-6.8439e-09
0,0,0.08,0.10472,0.10472,2.5116e-08,-2.9099e-08,-2.7073e-08,-8.4322e-09,6.946e-08,2.2278e-08,2.436e-08,1.3087e-08,-1.2489e-08
0,0,-0.08,0.15708,0.10472,1.1254e-08,-2.846e-08,-1.1923e-08,1.0799e-08,3.7683e-08,2.5288e-08,4.641e-08,1.806e-08,4.927e-09
-0.04,-0.04,-0.04,0.15708,0.10472,1.249e-08,-2.7511e-08,-1.6023e-08,1.0962e-08,3.6419e-08,3.5285e-08,4.721e-08,7.2604e-09,-6.521e-09
0,-0.04,-0.04,0.15708,0.10472,1.4474e-08,-2.5302e-08,-1.9345e-08,1.3779e-08,4.0317e-08,3.0475e-08,4.1512e-08,1.314e-08,-4.5865e-09
0.04,-0.04,-0.04,0.15708,0.10472,1.6511e-08,-2.3907e-08,-2.2149e-08,1.4264e-08,4.1523e-08,2.538e-08,3.3759e-08,2.0277e-08,-7.3359e-09
-0.04,0,-0.04,0.15708,0.10472,1.4366e-08,-3.4146e-08,-1.5122e-08,7.4186e-09,4.0988e-08,2.8846e-08,4.731e-08,7.843e-09,-3.8524e-10
0,0,-0.04,0.15708,0.10472,1.6462e-08,-3.2008e-08,-1.7204e-08,8.2826e-09,4.5691e-08,2.5413e-08,4.16e-08,1.4664e-08,-1.5221e-09
0.04,0,-0.04,0.15708,0.10472,1.8407e-08,-2.7088e-08,-2.0903e-08,9.715e-09,4.6589e-08,2.2827e-08,3.6182e-08,2.5164e-08,-2.4015e-09
-0.04,0.04,-0.04,0.15708,0.10472,1.6694e-08,-3.9515e-08,-1.3557e-08,4.5506e-09,4.4275e-08,2.531e-08,4.8025e-08,1.0247e-08,2.291e-09
0,0.04,-0.04,0.15708,0.10472,1.9481e-08,-3.4678e-08,-1.5929e-08,5.2009e-09,4.9041e-08,2.2155e-08,4.0862e-08,1.9934e-08,3.6848e-09
0.04,0.04,-0.04,0.15708,0.10472,2.2312e-08,-3.2183e-08,-1.9768e-08,5.8635e-09,5.2908e-08,1.9978e-08,3.3998e-08,2.8447e-08,1.7606e-09
0,-0.08,0,0.15708,0.10472,1.5366e-08,-2.2702e-08,-2.3618e-08,1.6416e-08,3.9636e-08,3.4195e-08,3.2844e-08,1.093e-08,-1.8562e-08
-0.04,-0.04,0,0.15708,0.10472,1.5959e-08,-2.65e-08,-1.9344e-08,7.6254e-09,4.1249e-08,3.4517e-08,4.0715e-08,7.9735e-09,-8.6157e-09
0,-0.04,0,0.15708,0.10472,1.748e-08,-2.5775e-08,-2.3096e-08,9.3257e-09,4.4157e-08,3.051e-08,3.6048e-08,1.2328e-08,-9.9832e-09
0.04,-0.04,0,0.15708,0.10472,1.9524e-08,-2.3582e-08,-2.9465e-08,1.0232e-08,4.8487e-08,2.6538e-08,3.037e-08,1.9301e-08,-1.2711e-08
-0.08,0,0,0.15708,0.10472,1.5174e-08,-3.7535e-08,-1.5336e-08,2.263e-09,4.1415e-08,3.3129e-08,4.3075e-08,4.121e-09,-3.064e-09
-0.04,0,0,0.15708,0.10472,1.8013e-08,-3.3652e-08,-1.8063e-08,3.1343e-09,4.3759e-08,2.9214e-08,3.9226e-08,8.1165e-09,-4.1865e-09
0,0,0,0.15708,0.10472,1.9016e-08,-3.0917e-08,-2.2597e-08,4.3862e-09,5.4237e-08,2.5467e-08,3.4695e-08,1.4152e-08,-4.5713e-09
0.04,0,0,0.15708,0.10472,2.2674e-08,-2.7146e-08,-2.6449e-08,5.577e-09,5.6203e-08,2.2827e-08,3.0937e-08,2.0601e-08,-6.9719e-09
0.08,0,0,0.15708,0.10472,2.6916e-08,-2.5336e-08,-3.4166e-08,7.5035e-09,5.8899e-08,2.0327e-08,2.8056e-08,2.9357e-08,-6.4955e-09
-0.04,0.04,0,0.15708,0.10472,1.9008e-08,-4.1263e-08,-1.7374e-08,1.2839e-09,5.1132e-08,2.4605e-08,3.7717e-08,1.0276e-08,-9.0073e-10
0,0.04,0,0.15708,0.10472,2.3536e-08,-3.6469e-08,-2.0256e-08,9.71e-10,5.6468e-08,2.2298e-08,3.6002e-08,1.6384e-08,-2.6071e-10
0.04,0.04,0,0.15708,0.10472,2.6127e-08,-3.277e-08,-2.3679e-08,1.762e-09,6.1124e-08,1.9619e-08,2.9518e-08,2.4233e-08,-1.2089e-09
0,0.08,0,0.15708,0.10472,2.5295e-08,-4.5745e-08,-1.7661e-08,-6.9993e-10,6.0824e-08,2.0166e-08,3.3343e-08,1.7474e-08,1.2794e-09
-0.04,-0.04,0.04,0.15708,0.10472,1.7782e-08,-2.8601e-08,-2.2055e-08,3.5353e-09,4.6514e-08,3.0988e-08,3.2162e-08,8.405e-09,-1.1474e-08
0,-0.04,0.04,0.15708,0.10472,2.01e-08,-2.4538e-08,-2.5339e-08,4.909e-09,5.2415e-08,2.7656e-08,2.9571e-08,1.2453e-08,-1.2823e-08
0.04,-0.04,0.04,0.15708,0.10472,2.2848e-08,-2.3115e-08,-3.367e-08,5.7989e-09,5.5555e-08,2.4361e-08,2.7271e-08,1.7454e-08,-1.2825e-08
-0.04,0,0.04,0.15708,0.10472,1.9524e-08,-3.4025e-08,-2.0554e-08,-1.5289e-09,5.4102e-08,2.7099e-08,3.3473e-08,9.1576e-09,-6.8772e-09
0,0,0.04,0.15708,0.10472,2.3036e-08,-3.0757e-08,-2.4772e-08,8.373e-11,5.7643e-08,2.3877e-08,2.8233e-08,1.3843e-08,-8.3749e-09
0.04,0,0.04,0.15708,0.10472,2.6e-08,-2.7974e-08,-3.1097e-08,8.2921e-10,6.6285e-08,2.1794e-08,2.6396e-08,1.8793e-08,-8.6908e-09
-0.04,0.04,0.04,0.15708,0.10472,2.2562e-08,-3.9949e-08,-2.0116e-08,-3.0752e-09,5.975e-08,2.5162e-08,3.1533e-08,9.7115e-09,-3.3416e-09
0,0.04,0.04,0.15708,0.10472,2.6271e-08,-3.4839e-08,-2.3979e-08,-2.6797e-09,6.678e-08,2.1435e-08,3.2192e-08,1.4431e-08,-4.283e-09
0.04,0.04,0.04,0.15708,0.10472,3.1306e-08,-3.2423e-08,-2.7806e-08,-3.2258e-09,7.1217e-08,1.8756e-08,2.6447e-08,2.1729e-08,-5.0167e-09
0,0,0.08,0.15708,0.10472,2.466e-08,-2.8692e-08,-2.7017e-08,-5.5189e-09,6.6227e-08,2.2526e-08,2.4666e-08,1.3445e-08,-9.5826e-09
0,0,-0.08,0.05236,0.15708,1.0141e-08,-2.8013e-08,-1.3449e-08,6.5192e-09,4.149e-08,2.6258e-08,4.6634e-08,1.6511e-08,-1.4769e-09
-0.04,-0.04,-0.04,0.05236,0.15708,1.1961e-08,-2.7642e-08,-1.6192e-08,6.4739e-09,3.989e-08,3.6315e-08,4.5862e-08,7.0987e-09,-1.1524e-08
0,-0.04,-0.04,0.05236,0.15708,1.2652e-08,-2.561e-08,-1.9155e-08,9.2994e-09,4.2563e-08,3.0691e-08,4.0206e-08,1.3345e-08,-1.2857e-08
0.04,-0.04,-0.04,0.05236,0.15708,1.4044e-08,-2.3432e-08,-2.5504e-08,1.0523e-08,4.3695e-08,2.7626e-08,3.5561e-08,1.9255e-08,-1.4225e-08
-0.04,0,-0.04,0.05236,0.15708,1.2938e-08,-3.2235e-08,-1.5065e-08,3.4656e-09,4.1858e-08,2.9449e-08,4.698e-08,6.9368e-09,-5.2742e-09
0,0,-0.04,0.05236,0.15708,1.4646e-08,-2.9283e-08,-1.8612e-08,5.339e-09,4.7848e-08,2.676e-08,4.2724e-08,1.5158e-08,-7.1798e-09
0.04,0,-0.04,0.05236,0.15708,1.6502e-08,-2.8074e-08,-2.2469e-08,5.2796e-09,4.9964e-08,2.3934e-08,3.5593e-08,2.4183e-08,-7.4507e-09
-0.04,0.04,-0.04,0.05236,0.15708,1.5758e-08,-3.9252e-08,-1.4819e-08,1.3963e-09,4.5162e-08,2.583e-08,4.7128e-08,9.9487e-09,-1.193e-09
0,0.04,-0.04,0.05236,0.15708,1.7057e-08,-3.3969e-08,-1.7223e-08,1.8032e-09,5.0917e-08,2.3066e-08,4.274e-08,1.8048e-08,-1.9126e-09
0.04,0.04,-0.04,0.05236,0.15708,1.937e-08,-3.1053e-08,-2.181e-08,2.4596e-09,5.4631e-08,2.0443e-08,3.7311e-08,2.6291e-08,-1.1566e-09
0,-0.08,0,0.05236,0.15708,1.4135e-08,-2.2872e-08,-2.5145e-08,1.0389e-08,4.2253e-08,3.5041e-08,3.4238e-08,1.1113e-08,-2.4535e-08
-0.04,-0.04,0,0.05236,0.15708,1.348e-08,-2.8894e-08,-2.009e-08,3.4033e-09,4.408e-08,3.3892e-08,3.9004e-08,7.4776e-09,-1.5221e-08
0,-0.04,0,0.05236,0.15708,1.5964e-08,-2.6476e-08,-2.4139e-08,5.3077e-09,4.9531e-08,3.0743e-08,3.5674e-08,1.1269e-08,-1.6937e-08
0.04,-0.04,0,0.05236,0.15708,1.7911e-08,-2.4349e-08,-2.972e-08,6.0836e-09,5.3629e-08,2.6979e-08,2.9752e-08,1.9171e-08,-1.6893e-08
-0.08,0,0,0.05236,0.15708,1.4673e-08,-3.6222e-08,-1.6099e-08,-1.9081e-09,4.3082e-08,3.2144e-08,4.3114e-08,2.8424e-09,-6.7377e-09
-0.04,0,0,0.05236,0.15708,1.614e-08,-3.3267e-08,-1.8955e-08,1.0756e-09,4.9316e-08,2.7916e-08,3.9451e-08,8.7496e-09,-8.0715e-09
0,0,0,0.05236,0.15708,1.9011e-08,-3.083e-08,-2.2447e-08,8.225e-10,5.2776e-08,2.5947e-08,3.5286e-08,1.3425e-08,-1.0536e-08
0.04,0,0,0.05236,0.15708,2.1743e-08,-2.8766e-08,-2.7527e-08,2.247e-09,5.8177e-08,2.2882e-08,3.0818e-08,2.0442e-08,-1.0684e-08
0.08,0,0,0.05236,0.15708,2.3204e-08,-2.5566e-08,-3.5309e-08,1.8026e-09,6.1711e-08,2.0196e-08,2.742e-08,2.8144e-08,-1.2164e-08
-0.04,0.04,0,0.05236,0.15708,1.8941e-08,-4.2169e-08,-1.803e-08,-2.8872e-09,5.1619e-08,2.5196e-08,4.0128e-08,1.0165e-08,-4.5921e-09
0,0.04,0,0.05236,0.15708,2.0683e-08,-3.5664e-08,-2.2097e-08,-2.7276e-09,5.9689e-08,2.2491e-08,3.6111e-08,1.5492e-08,-5.2952e-09
0.04,0.04,0,0.05236,0.15708,2.4458e-08,-3.3284e-08,-2.6413e-08,-6.7331e-10,6.2408e-08,1.945e-08,3.0678e-08,2.4194e-08,-5.7902e-09
0,0.08,0,0.05236,0.15708,2.5711e-08,-4.5374e-08,-2.1013e-08,-3.5585e-09,6.2857e-08,1.904e-08,3.4694e-08,1.9949e-08,-2.6145e-09
-0.04,-0.04,0.04,0.05236,0.15708,1.6077e-08,-2.8802e-08,-2.2581e-08,-1.8768e-09,4.8825e-08,3.059e-08,3.2043e-08,8.3857e-09,-1.6605e-08
0,-0.04,0.04,0.05236,0.15708,1.7986e-08,-2.6869e-08,-2.702e-08,-1.0893e-09,5.5779e-08,2.7978e-08,2.9779e-08,1.2065e-08,-1.8542e-08
0.04,-0.04,0.04,0.05236,0.15708,2.0201e-08,-2.4692e-08,-3.2828e-08,-3.5933e-10,6.1635e-08,2.4334e-08,2.7162e-08,1.6615e-08,-2.012e-08
-0.04,0,0.04,0.05236,0.15708,1.8666e-08,-3.4244e-08,-2.232e-08,-6.5447e-09,5.5071e-08,2.7305e-08,3.2242e-08,8.7649e-09,-1.0805e-08
0,0,0.04,0.05236,0.15708,2.1545e-08,-3.0707e-08,-2.6411e-08,-4.0453e-09,6.1642e-08,2.4096e-08,3.0397e-08,1.262e-08,-1.3324e-08
0.04,0,0.04,0.05236,0.15708,2.5803e-08,-2.7823e-08,-3.1747e-08,-3.3993e-09,6.9663e-08,2.1306e-08,2.7373e-08,1.9129e-08,-1.3114e-08
-0.04,0.04,0.04,0.05236,0.15708,2.1197e-08,-4.0918e-08,-2.0408e-08,-6.3681e-09,6.0685e-08,2.369e-08,3.2338e-08,1.0305e-08,-8.1804e-09
0,0.04,0.04,0.05236,0.15708,2.5017e-08,-3.6558e-08,-2.3846e-08,-7.5331e-09,7.0916e-08,2.0447e-08,3.0223e-08,1.4327e-08,-7.6375e-09
0.04,0.04,0.04,0.05236,0.15708,2.8154e-08,-3.2695e-08,-3.0445e-08,-6.2115e-09,7.4098e-08,1.8742e-08,2.6792e-08,1.9658e-08,-8.0021e-09
0,0,0.08,0.05236,0.15708,2.4423e-08,-3.0661e-08,-2.8829e-08,-1.2003e-08,7.4303e-08,2.1667e-08,2.5309e-08,1.2181e-08,-1.4359e-08
0,0,-0.08,0.10472,0.15708,1.0593e-08,-2.8818e-08,-1.3245e-08,9.1384e-09,3.8365e-08,2.6482e-08,4.6113e-08,1.6266e-08,1.8805e-09
-0.04,-0.04,-0.04,0.10472,0.15708,1.1642e-08,-2.7551e-08,-1.5171e-08,9.3819e-09,3.7067e-08,3.5238e-08,4.7188e-08,7.6347e-09,-6.3296e-09
0,-0.04,-0.04,0.10472,0.15708,1.3625e-08,-2.5848e-08,-1.8928e-08,9.6709e-09,4.1217e-08,3.0353e-08,3.961e-08,1.3026e-08,-8.6169e-09
0.04,-0.04,-0.04,0.10472,0.15708,1.491e-08,-2.3687e-08,-2.3041e-08,1.2935e-08,4.4151e-08,2.7301e-08,3.4576e-08,2.0434e-08,-1.0902e-08
-0.04,0,-0.04,0.10472,0.15708,1.3902e-08,-3.3593e-08,-1.5605e-08,5.0727e-09,4.1811e-08,2.9343e-08,4.7704e-08,7.7575e-09,-2.2644e-09
0,0,-0.04,0.10472,0.15708,1.5347e-08,-2.9042e-08,-1.7911e-08,6.6205e-09,4.5724e-08,2.715e-08,4.2492e-08,1.5222e-08,-4.4169e-09
0.04,0,-0.04,0.10472,0.15708,1.6796e-08,-2.6938e-08,-2.1303e-08,7.0875e-09,4.8991e-08,2.259e-08,3.5665e-08,2.3082e-08,-4.3133e-09
-0.04,0.04,-0.04,0.10472,0.15708,1.6361e-08,-3.8851e-08,-1.431e-08,2.4752e-09,4.6639e-08,2.6488e-08,4.679e-08,1.0482e-08,1.8768e-09
0,0.04,-0.04,0.10472,0.15708,1.7935e-08,-3.5483e-08,-1.6181e-08,3.0889e-09,5.1907e-08,2.25e-08,4.166e-08,1.7541e-08,1.3186e-09
0.04,0.04,-0.04,0.10472,0.15708,2.0407e-08,-3.2927e-08,-1.9057e-08,4.4168e-09,5.1776e-08,2.0078e-08,3.4568e-08,2.7735e-08,-8.6039e-11
0,-0.08,0,0.10472,0.15708,1.3698e-08,-2.2177e-08,-2.3809e-08,1.4127e-08,4.1013e-08,3.4507e-08,3.3096e-08,1.1135e-08,-2.1728e-08
-0.04,-0.04,0,0.10472,0.15708,1.5241e-08,-2.8717e-08,-1.798e-08,4.7785e-09,4.0691e-08,3.3269e-08,3.9544e-08,6.6601e-09,-1.2416e-08
0,-0.04,0,0.10472,0.15708,1.7085e-08,-2.6265e-08,-2.352e-08,7.0645e-09,4.7425e-08,2.965e-08,3.4194e-08,1.336e-08,-1.4144e-08
0.04,-0.04,0,0.10472,0.15708,1.874e-08,-2.4249e-08,-2.7834e-08,8.0722e-09,5.0863e-08,2.614e-08,3.1403e-08,1.8301e-08,-1.5625e-08
-0.08,0,0,0.10472,0.15708,1.4452e-08,-3.6116e-08,-1.5511e-08,1.5494e-09,3.9819e-08,3.2942e-08,4.2163e-08,3.9293e-09,-4.4341e-09
-0.04,0,0,0.10472,0.15708,1.6644e-08,-3.4679e-08,-1.8536e-08,1.5582e-09,4.7496e-08,2.7855e-08,3.9356e-08,8.758e-09,-6.8325e-09
0,0,0,0.10472,0.15708,1.8628e-08,-3.0588e-08,-2.1748e-08,3.1836e-09,5.2975e-08,2.6221e-08,3.5239e-08,1.3933e-08,-7.7783e-09
0.04,0,0,0.10472,0.15708,2.1792e-08,-2.7992e-08,-2.6664e-08,3.7029e-09,5.5261e-08,2.2638e-08,3.1062e-08,2.1299e-08,-8.5266e-09
0.08,0,0,0.10472,0.15708,2.4784e-08,-2.4911e-08,-3.4964e-08,4.3906e-09,6.1076e-08,1.9094e-08,2.7224e-08,2.789e-08,-1.0949e-08
-0.04,0.04,0,0.10472,0.15708,1.8309e-08,-3.9051e-08,-1.7352e-08,-8.9415e-10,5.2829e-08,2.4483e-08,3.8552e-08,9.1353e-09,-2.2993e-09
0,0.04,0,0.10472,0.15708,2.2469e-08,-3.7581e-08,-2.1382e-08,-4.085e-10,5.8731e-08,2.283e-08,3.5698e-08,1.4946e-08,-3.1892e-09
0.04,0.04,0,0.10472,0.15708,2.517e-08,-3.3079e-08,-2.5323e-08,-5.076e-10,6.4896e-08,2.044e-08,3.0432e-08,2.3677e-08,-3.794e-09
0,0.08,0,0.10472,0.15708,2.4748e-08,-4.4368e-08,-1.9519e-08,-2.7421e-09,6.1256e-08,1.9599e-08,3.4386e-08,1.9206e-08,-3.8025e-10
-0.04,-0.04,0.04,0.10472,0.15708,1.7088e-08,-2.826e-08,-2.2569e-08,1.1913e-11,4.9693e-08,3.2409e-08,3.2181e-08,8.5864e-09,-1.4635e-08
0,-0.04,0.04,0.10472,0.15708,1.8741e-08,-2.589e-08,-2.6239e-08,8.6634e-10,5.1566e-08,2.8046e-08,2.8719e-08,1.2318e-08,-1.625e-08
0.04,-0.04,0.04,0.10472,0.15708,2.0596e-08,-2.4052e-08,-3.3088e-08,3.8266e-09,5.8776e-08,2.525e-08,2.6625e-08,1.7036e-08,-1.7892e-08
-0.04,0,0.04,0.10472,0.15708,1.9402e-08,-3.4289e-08,-2.1319e-08,-1.8527e-09,5.4516e-08,2.7111e-08,3.2502e-08,7.6986e-09,-8.6365e-09
0,0,0.04,0.10472,0.15708,2.1558e-08,-3.0501e-08,-2.6201e-08,-2.097e-09,6.0162e-08,2.5053e-08,2.9147e-08,1.393e-08,-1.0462e-08
0.04,0,0.04,0.10472,0.15708,2.514e-08,-2.7433e-08,-3.1763e-08,-1.9616e-09,6.6684e-08,2.1916e-08,2.716e-08,1.8921e-08,-1.2136e-08
-0.04,0.04,0.04,0.10472,0.15708,2.2197e-08,-3.8745e-08,-1.9882e-08,-4.364e-09,5.949e-08,2.2585e-08,3.3217e-08,1.0224e-08,-6.0719e-09
0,0.04,0.04,0.10472,0.15708,2.6365e-08,-3.6246e-08,-2.517e-08,-4.0807e-09,6.7278e-08,2.1771e-08,2.9891e-08,1.4534e-08,-5.4834e-09
0.04,0.04,0.04,0.10472,0.15708,2.9913e-08,-3.2303e-08,-3.0046e-08,-4.7681e-09,7.2106e-08,1.966e-08,2.7667e-08,2.141e-08,-6.9292e-09
0,0,0.08,0.10472,0.15708,2.4828e-08,-2.941e-08,-2.6938e-08,-8.8449e-09,7.1222e-08,2.18e-08,2.5119e-08,1.2447e-08,-1.2675e-08
0,0,-0.08,0.15708,0.15708,1.1717e-08,-2.9043e-08,-1.1666e-08,1.1381e-08,3.8447e-08,2.4944e-08,4.9722e-08,1.6707e-08,4.9932e-09
-0.04,-0.04,-0.04,0.15708,0.15708,1.2671e-08,-2.7457e-08,-1.5404e-08,1.1333e-08,3.6982e-08,3.3863e-08,4.6687e-08,6.7324e-09,-4.5475e-09
0,-0.04,-0.04,0.15708,0.15708,1.482e-08,-2.5918e-08,-1.7191e-08,1.2798e-08,4.0068e-08,2.9208e-08,3.9627e-08,1.4015e-08,-5.4195e-09
0.04,-0.04,-0.04,0.15708,0.15708,1.5778e-08,-2.3707e-08,-2.1113e-08,1.4968e-08,4.3262e-08,2.6241e-08,3.398e-08,2.0044e-08,-8.5155e-09
-0.04,0,-0.04,0.15708,0.15708,1.4042e-08,-3.3001e-08,-1.4013e-08,7.2719e-09,4.1112e-08,2.8024e-08,4.5644e-08,8.6777e-09,-8.2309e-10
0,0,-0.04,0.15708,0.15708,1.6435e-08,-3.0483e-08,-1.698e-08,7.8306e-09,4.3848e-08,2.5938e-08,4.1013e-08,1.5481e-08,-1.4057e-09
0.04,0,-0.04,0.15708,0.15708,1.9108e-08,-2.7726e-08,-2.0267e-08,9.7944e-09,5.0177e-08,2.2376e-08,3.4158e-08,2.5713e-08,-1.3205e-09
-0.04,0.04,-0.04,0.15708,0.15708,1.5702e-08,-3.9447e-08,-1.372e-08,4.2499e-09,4.3488e-08,2.5616e-08,4.7878e-08,9.2053e-09,3.6271e-09
0,0.04,-0.04,0.15708,0.15708,1.8358e-08,-3.563e-08,-1.6036e-08,5.7167e-09,4.8519e-08,2.2136e-08,4.0333e-08,1.507e-08,3.9117e-09
0.04,0.04,-0.04,0.15708,0.15708,2.1068e-08,-3.2195e-08,-1.8129e-08,5.346e-09,5.4556e-08,2.0344e-08,3.4633e-08,2.5618e-08,2.6383e-09
0,-0.08,0,0.15708,0.15708,1.5552e-08,-2.1788e-08,-2.4648e-08,1.6667e-08,4.0064e-08,3.491e-08,3.4599e-08,1.0757e-08,-2.0044e-08
-0.04,-0.04,0,0.15708,0.15708,1.5398e-08,-2.8926e-08,-1.9138e-08,8.2069e-09,4.0102e-08,3.3751e-08,3.9906e-08,7.2723e-09,-9.3883e-09
0,-0.04,0,0.15708,0.15708,1.7186e-08,-2.6278e-08,-2.3078e-08,1.0039e-08,4.6971e-08,2.9827e-08,3.4501e-08,1.2822e-08,-9.8604e-09
0.04,-0.04,0,0.15708,0.15708,2.0264e-08,-2.3862e-08,-2.7989e-08,1.1581e-08,5.0628e-08,2.5947e-08,3.1001e-08,1.9606e-08,-1.1446e-08
-0.08,0,0,0.15708,0.15708,1.5185e-08,-3.6023e-08,-1.3636e-08,2.9523e-09,4.1741e-08,3.1894e-08,4.2802e-08,2.7788e-09,-3.2083e-09
-0.04,0,0,0.15708,0.15708,1.7329e-08,-3.3676e-08,-1.7897e-08,4.1173e-09,4.8421e-08,2.8925e-08,4.0132e-08,8.644e-09,-4.8392e-09
0,0,0,0.15708,0.15708,2.0785e-08,-3.1514e-08,-2.1705e-08,5.0971e-09,5.1848e-08,2.567e-08,3.5669e-08,1.4779e-08,-5.0209e-09
0.04,0,0,0.15708,0.15708,2.2532e-08,-2.8614e-08,-2.4781e-08,6.5969e-09,5.5096e-08,2.1453e-08,3.1038e-08,2.1805e-08,-7.4745e-09
0.08,0,0,0.15708,0.15708,2.4503e-08,-2.5504e-08,-3.2749e-08,6.269e-09,6.1381e-08,1.9478e-08,2.7463e-08,2.7015e-08,-6.416e-09
-0.04,0.04,0,0.15708,0.15708,1.994e-08,-4.2397e-08,-1.8071e-08,1.313e-09,5.1476e-08,2.4242e-08,4.1084e-08,8.4975e-09,-4.9402e-11
0,0.04,0,0.15708,0.15708,2.2714e-08,-3.6704e-08,-1.9124e-08,1.1395e-09,5.6682e-08,2.2059e-08,3.4672e-08,1.6031e-08,-1.4529e-09
0.04,0.04,0,0.15708,0.15708,2.4873e-08,-3.2129e-08,-2.4067e-08,2.8109e-09,6.4396e-08,1.9512e-08,3.0486e-08,2.4246e-08,-2.0309e-09
0,0.08,0,0.15708,0.15708,2.5778e-08,-4.4525e-08,-1.8184e-08,-8.8239e-10,6.2252e-08,1.9325e-08,3.4601e-08,1.7037e-08,1.2963e-09
-0.04,-0.04,0.04,0.15708,0.15708,1.7957e-08,-2.8018e-08,-2.1694e-08,2.23e-09,4.6277e-08,3.2017e-08,3.1437e-08,7.376e-09,-1.1438e-08
0,-0.04,0.04,0.15708,0.15708,1.9512e-08,-2.5176e-08,-2.5939e-08,4.2281e-09,5.2709e-08,2.8757e-08,2.9383e-08,1.2122e-08,-1.4321e-08
0.04,-0.04,0.04,0.15708,0.15708,2.2693e-08,-2.436e-08,-3.2234e-08,6.8415e-09,5.8856e-08,2.3986e-08,2.7277e-08,1.6686e-08,-1.4599e-08
-0.04,0,0.04,0.15708,0.15708,1.9751e-08,-3.2248e-08,-1.9767e-08,-2.0275e-10,5.4024e-08,2.8185e-08,3.3161e-08,9.4215e-09,-6.7008e-09
0,0,0.04,0.15708,0.15708,2.2276e-08,-3.0004e-08,-2.435e-08,9.9346e-10,5.9507e-08,2.4446e-08,2.9526e-08,1.273e-08,-6.6888e-09
0.04,0,0.04,0.15708,0.15708,2.6609e-08,-2.6316e-08,-3.0731e-08,2.2588e-09,6.6972e-08,2.1482e-08,2.6925e-08,1.9086e-08,-9.5474e-09
-0.04,0.04,0.04,0.15708,0.15708,2.2002e-08,-4.0867e-08,-1.9486e-08,-2.9229e-09,5.9636e-08,2.2984e-08,3.2342e-08,9.2792e-09,-4.4805e-09
0,0.04,0.04,0.15708,0.15708,2.6756e-08,-3.5424e-08,-2.3564e-08,-2.2322e-09,6.6226e-08,2.1364e-08,3.0258e-08,1.4563e-08,-4.1713e-09
0.04,0.04,0.04,0.15708,0.15708,2.9716e-08,-3.1651e-08,-2.7883e-08,-2.3042e-09,7.6025e-08,1.8942e-08,2.6739e-08,1.9581e-08,-4.8837e-09
0,0,0.08,0.15708,0.15708,2.5303e-08,-2.7939e-08,-2.7191e-08,-5.2876e-09,6.785e-08,2.2457e-08,2.5144e-08,1.2015e-08,-9.6234e-09
