0,0,-0.08,0.05236,0.05236,-9.6807e-09,-4.3379e-08,-4.3762e-08,-2.7723e-08,-2.4282e-09,2.4454e-08,4.4022e-08,-3.2446e-08,2.1261e-09,-2.7553e-08,-2.9179e-08,-1.6112e-08
-0.04,-0.04,-0.04,0.05236,0.05236,-6.4793e-09,-5.227e-08,-4.263e-08,-2.2579e-08,4.8402e-11,2.31e-08,4.6644e-08,-3.2295e-08,-1.1171e-09,-1.7058e-08,-2.6906e-08,-1.987e-08
0,-0.04,-0.04,0.05236,0.05236,-7.7748e-09,-4.7007e-08,-3.5644e-08,-2.0872e-08,1.9718e-09,2.8383e-08,4.2909e-08,-3.5736e-08,-1.7982e-09,-2.0115e-08,-3.2897e-08,-1.795e-08
0.04,-0.04,-0.04,0.05236,0.05236,-1.5616e-08,-4.5659e-08,-2.7382e-08,-2.0391e-08,1.2194e-09,4.1625e-08,3.8734e-08,-3.568e-08,-1.3045e-09,-1.9868e-08,-4.1364e-08,-1.1696e-08
-0.04,0,-0.04,0.05236,0.05236,-5.2251e-09,-4.9109e-08,-5.1574e-08,-2.7852e-08,2.0095e-09,1.9264e-08,4.5583e-08,-2.734e-08,1.0626e-09,-2.1324e-08,-2.6316e-08,-1.2696e-08
0,0,-0.04,0.05236,0.05236,-9.0632e-09,-4.876e-08,-4.2073e-08,-3.0159e-08,1.8031e-09,2.5947e-08,4.1457e-08,-3.096e-08,3.1911e-09,-2.1759e-08,-3.0565e-08,-1.1897e-08
0.04,0,-0.04,0.05236,0.05236,-1.5418e-08,-4.6566e-08,-3.014e-08,-2.4767e-08,2.0558e-10,3.791e-08,3.3481e-08,-2.9096e-08,9.0494e-10,-2.0961e-08,-3.8166e-08,-9.8132e-09
-0.04,0.04,-0.04,0.05236,0.05236,-4.7081e-09,-5.2518e-08,-5.8208e-08,-3.172e-08,1.1377e-09,1.3617e-08,4.1998e-08,-2.5905e-08,2.3177e-09,-2.1385e-08,-2.1149e-08,-9.1101e-09
0,0.04,-0.04,0.05236,0.05236,-1.075e-08,-4.9695e-08,-4.7457e-08,-3.2139e-08,-3.0163e-09,2.0659e-08,3.683e-08,-2.5832e-08,3.6762e-09,-2.7515e-08,-2.8662e-08,-7.2936e-09
0.04,0.04,-0.04,0.05236,0.05236,-1.2898e-08,-4.644e-08,-3.5779e-08,-2.9212e-08,4.6033e-10,2.839e-08,3.2762e-08,-2.7283e-08,6.7808e-09,-2.1365e-08,-3.5193e-08,-6.0917e-09
0,-0.08,0,0.05236,0.05236,-7.0966e-09,-5.095e-08,-2.8582e-08,-1.6167e-08,6.8113e-09,3.022e-08,3.4282e-08,-3.4365e-08,-6.8343e-09,-1.3583e-08,-3.3455e-08,-1.1683e-08
-0.04,-0.04,0,0.05236,0.05236,-2.3538e-09,-5.7366e-08,-4.2358e-08,-1.8532e-08,5.3654e-09,2.2615e-08,3.9633e-08,-2.8082e-08,-3.1338e-09,-1.2684e-08,-2.7178e-08,-1.5395e-08
0,-0.04,0,0.05236,0.05236,-8.7547e-09,-5.3651e-08,-3.1538e-08,-1.9234e-08,6.389e-09,2.7663e-08,3.505e-08,-2.6618e-08,-3.6854e-09,-1.4858e-08,-3.3755e-08,-9.7593e-09
0.04,-0.04,0,0.05236,0.05236,-1.5698e-08,-4.9706e-08,-2.6621e-08,-1.7588e-08,5.6562e-09,3.3459e-08,3.3164e-08,-3.6452e-08,-3.2811e-09,-1.4623e-08,-4.2132e-08,-7.7865e-09
-0.08,0,0,0.05236,0.05236,-1.3117e-09,-5.7314e-08,-5.4814e-08,-2.8508e-08,8.034e-09,1.287e-08,3.8938e-08,-2.4122e-08,-2.1377e-09,-1.5481e-08,-2.2177e-08,-1.2309e-08
-0.04,0,0,0.05236,0.05236,-4.1567e-09,-6.0388e-08,-4.3401e-08,-2.4963e-08,1.0522e-08,1.8955e-08,3.643e-08,-2.5345e-08,-7.4465e-10,-1.5725e-08,-2.6261e-08,-9.4178e-09
0,0,0,0.05236,0.05236,-1.1118e-08,-5.7447e-08,-3.5924e-08,-2.4311e-08,8.217e-09,2.5318e-08,3.2191e-08,-2.7743e-08,-2.1751e-09,-1.6436e-08,-3.1417e-08,-9.298e-09
0.04,0,0,0.05236,0.05236,-1.5223e-08,-5.449e-08,-2.9778e-08,-2.2582e-08,6.2103e-09,2.9902e-08,3.0137e-08,-2.7432e-08,-1.6247e-09,-1.7007e-08,-3.6795e-08,-8.2187e-09
0.08,0,0,0.05236,0.05236,-2.2004e-08,-4.781e-08,-2.7511e-08,-1.9868e-08,5.6105e-09,3.5096e-08,2.5793e-08,-2.9589e-08,-2.335e-09,-1.6313e-08,-4.8698e-08,-3.0944e-09
-0.04,0.04,0,0.05236,0.05236,-6.1845e-09,-6.602e-08,-5.3364e-08,-2.9737e-08,7.3816e-09,1.668e-08,3.2022e-08,-2.2621e-08,2.8786e-10,-1.398e-08,-2.4762e-08,-7.0937e-09
0,0.04,0,0.05236,0.05236,-9.2692e-09,-6.581e-08,-4.062e-08,-3.0048e-08,5.558e-09,1.8154e-08,3.0649e-08,-2.5056e-08,1.1178e-09,-1.6868e-08,-3.179e-08,-5.4956e-09
0.04,0.04,0,0.05236,0.05236,-1.4097e-08,-5.2902e-08,-3.4334e-08,-2.9227e-08,4.7892e-09,2.4206e-08,2.6935e-08,-2.2914e-08,3.1659e-09,-1.8034e-08,-3.522e-08,-4.586e-09
0,0.08,0,0.05236,0.05236,-8.8637e-09,-5.8559e-08,-5.249e-08,-4.0063e-08,7.1083e-09,1.4871e-08,2.9829e-08,-2.0239e-08,7.0239e-09,-1.8877e-08,-2.7615e-08,-3.5732e-09
-0.04,-0.04,0.04,0.05236,0.05236,-6.5238e-10,-6.538e-08,-3.4753e-08,-1.8361e-08,1.4246e-08,1.85e-08,3.264e-08,-2.8196e-08,-6.6497e-09,-1.1237e-08,-2.5784e-08,-8.5132e-09
0,-0.04,0.04,0.05236,0.05236,-9.1681e-09,-6.4385e-08,-3.0482e-08,-1.599e-08,1.3934e-08,2.4415e-08,3.0123e-08,-2.7079e-08,-6.5575e-09,-1.0509e-08,-3.349e-08,-2.3863e-09
0.04,-0.04,0.04,0.05236,0.05236,-1.2592e-08,-5.841e-08,-2.7998e-08,-1.5521e-08,1.012e-08,3.1091e-08,2.4496e-08,-2.6116e-08,-1.0571e-08,-8.6497e-09,-3.7379e-08,-9.0124e-10
-0.04,0,0.04,0.05236,0.05236,-2.5254e-09,-7.6667e-08,-3.7985e-08,-2.1596e-08,1.5799e-08,1.728e-08,3.2406e-08,-2.1982e-08,-4.9054e-09,-9.6408e-09,-2.433e-08,-5.4263e-09
0,0,0.04,0.05236,0.05236,-8.7051e-09,-7.781e-08,-3.541e-08,-2.1759e-08,1.1364e-08,2.1754e-08,2.6486e-08,-2.4397e-08,-4.5111e-09,-1.1853e-08,-2.9957e-08,-2.3166e-09
0.04,0,0.04,0.05236,0.05236,-1.4477e-08,-6.5524e-08,-3.1303e-08,-1.9526e-08,1.0943e-08,2.7703e-08,2.6193e-08,-2.2085e-08,-7.2713e-09,-1.0356e-08,-3.7382e-08,-2.608e-10
-0.04,0.04,0.04,0.05236,0.05236,-1.5708e-09,-7.869e-08,-4.5742e-08,-2.6424e-08,1.5375e-08,1.7531e-08,2.9634e-08,-2.0007e-08,-1.9848e-09,-1.2652e-08,-2.5282e-08,-9.3596e-10
0,0.04,0.04,0.05236,0.05236,-5.3254e-09,-7.3063e-08,-4.0976e-08,-2.5311e-08,1.0395e-08,1.8674e-08,2.6522e-08,-2.1756e-08,5.058e-10,-1.1822e-08,-2.8327e-08,-8.9683e-10
0.04,0.04,0.04,0.05236,0.05236,-1.3373e-08,-6.6576e-08,-3.0818e-08,-2.2055e-08,9.9218e-09,2.4661e-08,2.4673e-08,-2.0936e-08,1.3865e-09,-8.9312e-09,-3.9192e-08,1.2927e-09
0,0,0.08,0.05236,0.05236,-4.5362e-09,-8.0292e-08,-3.1419e-08,-1.6325e-08,2.023e-08,1.8455e-08,2.2939e-08,-1.9478e-08,-1.0898e-08,-5.7954e-09,-2.8959e-08,3.8513e-09
0,0,-0.08,0.10472,0.05236,-9.9947e-09,-4.3505e-08,-4.2156e-08,-2.6876e-08,-4.0704e-09,2.4476e-08,4.516e-08,-3.14e-08,5.233e-10,-2.6114e-08,-2.7458e-08,-1.767e-08
-0.04,-0.04,-0.04,0.10472,0.05236,-4.4608e-09,-4.9489e-08,-4.4463e-08,-2.1147e-08,2.8835e-09,1.9424e-08,5.0198e-08,-3.6709e-08,-2.6723e-09,-1.7712e-08,-2.5314e-08,-2.5312e-08
0,-0.04,-0.04,0.10472,0.05236,-9.8958e-09,-4.3291e-08,-3.4097e-08,-1.9793e-08,3.5629e-09,2.5613e-08,4.5546e-08,-3.8186e-08,-2.7392e-09,-1.7557e-08,-2.9775e-08,-1.9332e-08
0.04,-0.04,-0.04,0.10472,0.05236,-1.4237e-08,-4.1484e-08,-3.1503e-08,-2.0231e-08,2.1845e-09,3.7611e-08,3.7438e-08,-4.1766e-08,-5.131e-09,-1.8146e-08,-3.9089e-08,-1.4419e-08
-0.04,0,-0.04,0.10472,0.05236,-5.7582e-09,-5.2561e-08,-4.9992e-08,-2.8289e-08,1.5102e-09,1.8454e-08,4.0324e-08,-2.8759e-08,4.0585e-10,-1.9247e-08,-2.4637e-08,-1.4887e-08
0,0,-0.04,0.10472,0.05236,-9.7111e-09,-4.7338e-08,-4.0832e-08,-2.3788e-08,-3.5757e-10,2.5285e-08,4.1707e-08,-3.2643e-08,-5.4138e-10,-1.9557e-08,-3.1927e-08,-1.2959e-08
0.04,0,-0.04,0.10472,0.05236,-1.5541e-08,-4.3016e-08,-3.6189e-08,-2.3625e-08,2.18e-09,3.7887e-08,3.2937e-08,-3.1625e-08,-2.6558e-10,-2.2899e-08,-4e-08,-1.1257e-08
-0.04,0.04,-0.04,0.10472,0.05236,-6.0539e-09,-5.1184e-08,-5.8791e-08,-3.1383e-08,-4.7992e-09,1.5738e-08,4.1025e-08,-2.5218e-08,2.5693e-09,-1.7879e-08,-2.3454e-08,-1.331e-08
0,0.04,-0.04,0.10472,0.05236,-9.3978e-09,-5.0671e-08,-4.8337e-08,-3.1153e-08,2.744e-09,1.8254e-08,3.7596e-08,-2.432e-08,4.0343e-09,-2.3467e-08,-2.9043e-08,-1.1983e-08
0.04,0.04,-0.04,0.10472,0.05236,-1.5146e-08,-4.8006e-08,-3.9729e-08,-2.7994e-08,1.1487e-09,2.5747e-08,3.4776e-08,-2.7331e-08,2.9753e-09,-2.0463e-08,-3.2995e-08,-9.5318e-09
0,-0.08,0,0.10472,0.05236,-8.9096e-09,-5.1292e-08,-3.0011e-08,-1.3725e-08,9.6288e-09,2.6634e-08,3.7921e-08,-3.7555e-08,-7.5785e-09,-1.199e-08,-3.1125e-08,-1.7422e-08
-0.04,-0.04,0,0.10472,0.05236,-4.114e-09,-5.7091e-08,-3.8133e-08,-1.6109e-08,8.7112e-09,1.9094e-08,3.8351e-08,-3.2233e-08,-5.7229e-09,-1.3774e-08,-2.8423e-08,-1.6059e-08
0,-0.04,0,0.10472,0.05236,-9.2566e-09,-5.4814e-08,-3.6857e-08,-1.7181e-08,7.5457e-09,2.6217e-08,3.2492e-08,-3.4077e-08,-6.1342e-09,-1.3929e-08,-3.3789e-08,-1.2329e-08
0.04,-0.04,0,0.10472,0.05236,-1.6858e-08,-4.6529e-08,-2.6758e-08,-1.79e-08,6.8581e-09,3.4624e-08,3.3403e-08,-3.8071e-08,-7.5362e-09,-1.4557e-08,-3.9116e-08,-1.0823e-08
-0.08,0,0,0.10472,0.05236,-1.7082e-09,-6.069e-08,-5.1346e-08,-2.207e-08,1.2873e-08,1.2533e-08,4.2715e-08,-2.3841e-08,-2.005e-09,-1.5209e-08,-2.1071e-08,-1.0697e-08
-0.04,0,0,0.10472,0.05236,-5.3023e-09,-6.1383e-08,-4.7502e-08,-2.0919e-08,1.0542e-08,1.8282e-08,3.9824e-08,-2.5622e-08,-4.51e-09,-1.4267e-08,-2.5412e-08,-1.1127e-08
0,0,0,0.10472,0.05236,-7.6772e-09,-5.8277e-08,-4.0236e-08,-2.1181e-08,8.6975e-09,2.5369e-08,3.204e-08,-3.1185e-08,-2.8726e-09,-1.432e-08,-3.1507e-08,-9.4901e-09
0.04,0,0,0.10472,0.05236,-1.5866e-08,-5.6017e-08,-3.5723e-08,-2.3096e-08,7.492e-09,3.0405e-08,2.7658e-08,-2.9487e-08,-2.7957e-09,-1.3358e-08,-3.62e-08,-9.1794e-09
0.08,0,0,0.10472,0.05236,-2.1225e-08,-4.7813e-08,-2.4333e-08,-1.727e-08,6.0231e-09,3.9048e-08,2.7417e-08,-2.8903e-08,-3.247e-09,-1.3043e-08,-4.9626e-08,-4.8126e-09
-0.04,0.04,0,0.10472,0.05236,-4.734e-09,-5.8292e-08,-5.2308e-08,-3.2011e-08,7.3149e-09,1.3786e-08,3.4999e-08,-2.471e-08,-2.3011e-09,-1.6742e-08,-2.381e-08,-8.0358e-09
0,0.04,0,0.10472,0.05236,-1.1383e-08,-6.1176e-08,-4.3338e-08,-2.2821e-08,7.0766e-09,1.7051e-08,3.0558e-08,-2.32e-08,1.5322e-09,-2.0921e-08,-2.8739e-08,-7.5499e-09
0.04,0.04,0,0.10472,0.05236,-1.707e-08,-5.5407e-08,-3.5044e-08,-2.3781e-08,6.705e-09,2.516e-08,2.9324e-08,-2.5059e-08,-2.0467e-10,-1.3872e-08,-3.6513e-08,-5.481e-09
0,0.08,0,0.10472,0.05236,-9.2865e-09,-5.9416e-08,-4.697e-08,-3.4927e-08,4.951e-09,1.4446e-08,2.9377e-08,-1.8127e-08,6.6402e-09,-1.7771e-08,-2.6827e-08,-5.6021e-09
-0.04,-0.04,0.04,0.10472,0.05236,-6.5476e-10,-6.7339e-08,-3.7538e-08,-1.3044e-08,1.9416e-08,1.8912e-08,3.1967e-08,-2.5086e-08,-9.45e-09,-1.0776e-08,-2.6938e-08,-8.6199e-09
0,-0.04,0.04,0.10472,0.05236,-6.3351e-09,-7.027e-08,-3.3222e-08,-1.2641e-08,1.3099e-08,2.4652e-08,3.0834e-08,-2.9394e-08,-9.6894e-09,-9.6602e-09,-3.0504e-08,-9.7345e-09
0.04,-0.04,0.04,0.10472,0.05236,-1.756e-08,-6.7374e-08,-2.6608e-08,-1.2381e-08,1.024e-08,2.8907e-08,2.8862e-08,-2.9017e-08,-1.1029e-08,-9.6993e-09,-3.8328e-08,-3.5743e-09
-0.04,0,0.04,0.10472,0.05236,-3.7282e-09,-7.599e-08,-4.1094e-08,-1.9143e-08,1.6693e-08,1.7429e-08,3.1292e-08,-2.2033e-08,-6.1887e-09,-9.3076e-09,-2.6851e-08,-6.7454e-09
0,0,0.04,0.10472,0.05236,-6.5858e-09,-6.2978e-08,-3.6088e-08,-1.5925e-08,1.5372e-08,2.1909e-08,2.8239e-08,-2.2521e-08,-7.9158e-09,-8.1842e-09,-3.0725e-08,-5.5182e-09
0.04,0,0.04,0.10472,0.05236,-1.7821e-08,-6.3971e-08,-2.8511e-08,-1.4904e-08,1.0218e-08,2.5771e-08,2.6372e-08,-2.6987e-08,-8.3306e-09,-9.0413e-09,-3.7303e-08,-4.6226e-09
-0.04,0.04,0.04,0.10472,0.05236,-1.0253e-09,-8.4546e-08,-4.5159e-08,-2.3862e-08,1.2129e-08,1.4735e-08,3.0552e-08,-1.9285e-08,-4.8056e-09,-1.2143e-08,-2.5793e-08,-4.3162e-09
0,0.04,0.04,0.10472,0.05236,-7.5195e-09,-7.0337e-08,-3.8925e-08,-2.3348e-08,1.1884e-08,1.6914e-08,2.7551e-08,-2.0227e-08,-4.3717e-09,-1.1416e-08,-2.8862e-08,-3.5316e-09
0.04,0.04,0.04,0.10472,0.05236,-1.1785e-08,-6.6076e-08,-3.1785e-08,-2.0753e-08,1.0572e-08,2.1958e-08,2.7114e-08,-2.0638e-08,-4.981e-09,-7.6828e-09,-3.4967e-08,-2.3373e-09
0,0,0.08,0.10472,0.05236,-5.1487e-09,-8.0054e-08,-3.511e-08,-1.0988e-08,1.7226e-08,2.0587e-08,2.3088e-08,-2.2941e-08,-1.0142e-08,-5.4031e-09,-2.8594e-08,-4.0511e-10
0,0,-0.08,0.15708,0.05236,-1.076e-08,-4.1246e-08,-4.4823e-08,-2.3149e-08,-4.1354e-10,2.5662e-08,4.9796e-08,-3.5071e-08,9.0839e-10,-2.5846e-08,-2.9662e-08,-1.9295e-08
-0.04,-0.04,-0.04,0.15708,0.05236,-5.1873e-09,-5.2739e-08,-4.3435e-08,-1.9596e-08,2.1112e-09,2.0275e-08,4.5771e-08,-3.5068e-08,-5.8657e-09,-1.5159e-08,-2.6556e-08,-2.6787e-08
0,-0.04,-0.04,0.15708,0.05236,-1.0095e-08,-4.4374e-08,-4.3936e-08,-1.7673e-08,4.18e-09,2.9213e-08,4.4313e-08,-3.5717e-08,-5.213e-09,-1.783e-08,-3.1159e-08,-1.9137e-08
0.04,-0.04,-0.04,0.15708,0.05236,-1.906e-08,-4.3688e-08,-3.324e-08,-1.7885e-08,3.5831e-09,3.5334e-08,3.8599e-08,-3.7041e-08,-5.9373e-09,-1.8587e-08,-3.9319e-08,-1.6416e-08
-0.04,0,-0.04,0.15708,0.05236,-5.3646e-09,-4.8157e-08,-5.3349e-08,-2.4343e-08,1.563e-09,1.8193e-08,4.446e-08,-2.8159e-08,-2.6806e-09,-1.9045e-08,-2.3915e-08,-2.0386e-08
0,0,-0.04,0.15708,0.05236,-8.0231e-09,-4.7065e-08,-4.1963e-08,-2.2752e-08,2.1439e-09,2.2872e-08,3.6633e-08,-2.8509e-08,-1.1236e-09,-1.7325e-08,-3.1405e-08,-1.4739e-08
0.04,0,-0.04,0.15708,0.05236,-1.7358e-08,-4.7576e-08,-3.3954e-08,-2.1481e-08,1.9021e-09,3.227e-08,3.5014e-08,-3.2767e-08,-2.2688e-09,-1.9889e-08,-3.3778e-08,-1.3563e-08
-0.04,0.04,-0.04,0.15708,0.05236,-5.8021e-09,-5.0733e-08,-5.6385e-08,-3.2075e-08,-1.5566e-09,1.0789e-08,4.0325e-08,-2.7143e-08,1.0557e-09,-2.1031e-08,-2.5336e-08,-1.4862e-08
0,0.04,-0.04,0.15708,0.05236,-1.0867e-08,-5.0188e-08,-4.1602e-08,-2.6288e-08,2.8306e-09,2.1107e-08,3.7029e-08,-2.6013e-08,1.0536e-09,-1.7973e-08,-2.5659e-08,-1.1784e-08
0.04,0.04,-0.04,0.15708,0.05236,-1.3567e-08,-4.7639e-08,-3.3469e-08,-2.5161e-08,1.3249e-09,2.7448e-08,3.0739e-08,-2.6204e-08,1.8053e-09,-2.2141e-08,-3.4455e-08,-9.3166e-09
0,-0.08,0,0.15708,0.05236,-9.0913e-09,-5.0786e-08,-3.0837e-08,-9.8582e-09,1.017e-08,2.4596e-08,3.6769e-08,-4.0483e-08,-8.4997e-09,-1.1905e-08,-3.3808e-08,-1.8721e-08
-0.04,-0.04,0,0.15708,0.05236,-4.7062e-09,-5.3695e-08,-4.1594e-08,-1.6142e-08,1.1542e-08,1.7764e-08,3.9754e-08,-3.0551e-08,-7.0209e-09,-1.3913e-08,-2.7207e-08,-2.2064e-08
0,-0.04,0,0.15708,0.05236,-6.7267e-09,-5.249e-08,-3.3437e-08,-1.5595e-08,9.2724e-09,2.4259e-08,3.6975e-08,-3.6619e-08,-7.1034e-09,-1.4341e-08,-3.146e-08,-1.7205e-08
0.04,-0.04,0,0.15708,0.05236,-1.7995e-08,-5.2056e-08,-2.6519e-08,-1.2906e-08,7.9078e-09,3.1321e-08,3.0863e-08,-3.5779e-08,-8.6073e-09,-1.4305e-08,-3.9911e-08,-1.3703e-08
-0.08,0,0,0.15708,0.05236,1.5042e-09,-6.2773e-08,-5.3754e-08,-1.9811e-08,9.7305e-09,1.1716e-08,4.3351e-08,-2.6881e-08,-3.2731e-09,-1.4405e-08,-2.2327e-08,-1.8148e-08
-0.04,0,0,0.15708,0.05236,-5.1729e-09,-6.0795e-08,-4.8198e-08,-2.2666e-08,1.0394e-08,1.6513e-08,3.6364e-08,-2.9321e-08,-4.4687e-09,-1.4406e-08,-2.6139e-08,-1.7527e-08
0,0,0,0.15708,0.05236,-6.6411e-09,-5.6143e-08,-4.2325e-08,-1.7509e-08,8.7241e-09,2.4568e-08,3.8564e-08,-3.0168e-08,-5.6541e-09,-1.3649e-08,-3.0113e-08,-1.2055e-08
0.04,0,0,0.15708,0.05236,-1.742e-08,-6.2438e-08,-3.328e-08,-1.8649e-08,8.6031e-09,3.1053e-08,2.9398e-08,-2.9444e-08,-4.6133e-09,-1.3387e-08,-3.8165e-08,-9.6826e-09
0.08,0,0,0.15708,0.05236,-2.2791e-08,-4.7682e-08,-2.8007e-08,-1.794e-08,6.4562e-09,3.4761e-08,2.6717e-08,-3.0257e-08,-5.5325e-09,-1.144e-08,-4.5036e-08,-7.1492e-09
-0.04,0.04,0,0.15708,0.05236,-4.7524e-09,-5.5896e-08,-5.1076e-08,-2.4858e-08,8.7882e-09,1.3662e-08,3.388e-08,-2.2039e-08,-2.6605e-09,-1.3518e-08,-2.4244e-08,-1.0254e-08
0,0.04,0,0.15708,0.05236,-9.6141e-09,-5.2681e-08,-4.3988e-08,-2.1011e-08,7.2955e-09,1.9054e-08,3.0935e-08,-2.3588e-08,-9.3878e-10,-1.5846e-08,-2.7596e-08,-8.324e-09
0.04,0.04,0,0.15708,0.05236,-1.412e-08,-5.7545e-08,-3.3276e-08,-2.4075e-08,5.8373e-09,2.2284e-08,2.8761e-08,-2.4205e-08,-1.5722e-09,-1.2875e-08,-3.7106e-08,-6.299e-09
0,0.08,0,0.15708,0.05236,-8.8626e-09,-5.7781e-08,-4.9692e-08,-2.7685e-08,6.4478e-09,1.7277e-08,2.6979e-08,-2.1343e-08,3.4277e-09,-1.4049e-08,-2.7e-08,-7.1532e-09
-0.04,-0.04,0.04,0.15708,0.05236,9.5097e-10,-6.1909e-08,-4.1144e-08,-1.1596e-08,1.5413e-08,1.732e-08,3.5269e-08,-2.7236e-08,-9.0517e-09,-7.4227e-09,-2.6045e-08,-1.9154e-08
0,-0.04,0.04,0.15708,0.05236,-4.7138e-09,-6.3309e-08,-3.3711e-08,-1.0971e-08,1.4837e-08,2.2194e-08,2.8728e-08,-2.786e-08,-1.166e-08,-9.1121e-09,-2.9719e-08,-1.0621e-08
0.04,-0.04,0.04,0.15708,0.05236,-1.6042e-08,-5.2508e-08,-2.7901e-08,-1.1254e-08,1.166e-08,2.7578e-08,2.8318e-08,-3.3356e-08,-1.3006e-08,-7.548e-09,-3.8679e-08,-7.0907e-09
-0.04,0,0.04,0.15708,0.05236,-4.2524e-09,-6.4587e-08,-4.1928e-08,-1.5145e-08,1.5416e-08,1.6079e-08,3.2075e-08,-2.4608e-08,-6.8704e-09,-9.0987e-09,-2.6623e-08,-1.0073e-08
0,0,0.04,0.15708,0.05236,-8.2672e-09,-7.0562e-08,-3.6367e-08,-1.4415e-08,1.4901e-08,1.8277e-08,2.8129e-08,-2.5512e-08,-9.606e-09,-7.19e-09,-3.0026e-08,-9.5691e-09
0.04,0,0.04,0.15708,0.05236,-1.2708e-08,-6.138e-08,-3.0841e-08,-1.4802e-08,1.088e-08,2.947e-08,2.7528e-08,-2.6805e-08,-1.1903e-08,-7.5847e-09,-3.6979e-08,-4.4297e-09
-0.04,0.04,0.04,0.15708,0.05236,-5.3115e-09,-7.0896e-08,-4.687e-08,-1.8133e-08,1.58e-08,1.1872e-08,2.9822e-08,-2.2034e-08,-4.4181e-09,-9.5851e-09,-2.4923e-08,-4.6769e-09
0,0.04,0.04,0.15708,0.05236,-8.6284e-09,-7.0962e-08,-3.9084e-08,-1.5572e-08,1.2752e-08,1.8263e-08,2.7897e-08,-2.1398e-08,-7.1902e-09,-7.9687e-09,-2.8153e-08,-5.7234e-09
0.04,0.04,0.04,0.15708,0.05236,-1.5329e-08,-6.1113e-08,-3.4133e-08,-1.9701e-08,1.3331e-08,2.0471e-08,2.5979e-08,-2.1951e-08,-5.205e-09,-1.0235e-08,-3.3263e-08,-3.503e-09
0,0,0.08,0.15708,0.05236,-9.9498e-09,-8.4748e-08,-3.068e-08,-1.0815e-08,1.8181e-08,1.7875e-08,2.5243e-08,-2.2368e-08,-1.3218e-08,-3.9125e-09,-2.8145e-08,-3.5272e-09
0,0,-0.08,0.05236,0.10472,-1.0513e-08,-4.2437e-08,-4.4585e-08,-2.7338e-08,-3.6793e-09,2.3199e-08,4.4681e-08,-3.3129e-08,3.3098e-09,-2.5076e-08,-2.9062e-08,-1.5359e-08
-0.04,-0.04,-0.04,0.05236,0.10472,-5.774e-09,-4.8761e-08,-4.2756e-08,-2.1594e-08,2.78e-09,2.3424e-08,4.9899e-08,-3.532e-08,-8.6627e-10,-1.7323e-08,-2.447e-08,-1.9062e-08
0,-0.04,-0.04,0.05236,0.10472,-1.0817e-08,-4.3483e-08,-3.5751e-08,-2.1523e-08,-5.2503e-10,3.412e-08,4.1715e-08,-3.5787e-08,-1.7898e-09,-1.8545e-08,-3.2254e-08,-1.4468e-08
0.04,-0.04,-0.04,0.05236,0.10472,-1.4812e-08,-4.6456e-08,-3.0762e-08,-2.0236e-08,2.2298e-09,4.0246e-08,4.3287e-08,-3.3521e-08,-1.0828e-09,-1.7751e-08,-3.9794e-08,-1.3784e-08
-0.04,0,-0.04,0.05236,0.10472,-5.9366e-09,-5.0457e-08,-4.6621e-08,-2.8991e-08,5.9321e-10,1.9286e-08,4.242e-08,-2.968e-08,7.4428e-10,-2.0004e-08,-2.5887e-08,-1.6859e-08
0,0,-0.04,0.05236,0.10472,-8.7825e-09,-4.8908e-08,-4.4536e-08,-2.5433e-08,-3.8604e-11,2.2006e-08,3.9853e-08,-3.1223e-08,1.0337e-09,-1.9887e-08,-3.1183e-08,-1.2643e-08
0.04,0,-0.04,0.05236,0.10472,-1.6655e-08,-4.5598e-08,-3.2349e-08,-2.6679e-08,2.9601e-09,3.8725e-08,3.271e-08,-2.8194e-08,1.713e-09,-2.458e-08,-3.817e-08,-1.0845e-08
-0.04,0.04,-0.04,0.05236,0.10472,-5.1574e-09,-4.9804e-08,-5.3197e-08,-3.6634e-08,-2.8855e-09,1.5532e-08,4.0425e-08,-2.4277e-08,4.4194e-09,-2.3191e-08,-2.2997e-08,-9.6147e-09
0,0.04,-0.04,0.05236,0.10472,-7.6563e-09,-4.6321e-08,-4.4872e-08,-3.2071e-08,4.3661e-10,2.0974e-08,3.7376e-08,-2.671e-08,5.012e-09,-2.4287e-08,-3.086e-08,-9.3845e-09
0.04,0.04,-0.04,0.05236,0.10472,-1.2232e-08,-4.5114e-08,-3.679e-08,-3.0127e-08,9.8698e-10,2.9349e-08,3.2539e-08,-2.6475e-08,5.2788e-09,-2.6713e-08,-3.719e-08,-7.5725e-09
0,-0.08,0,0.05236,0.10472,-8.2125e-09,-5.2328e-08,-2.8943e-08,-1.7282e-08,5.8161e-09,2.7627e-08,3.5109e-08,-3.7916e-08,-7.0485e-09,-1.52e-08,-3.3965e-08,-1.4391e-08
-0.04,-0.04,0,0.05236,0.10472,-3.2612e-09,-5.0685e-08,-3.4842e-08,-1.9937e-08,6.9643e-09,2.2106e-08,3.8268e-08,-3.29e-08,-3.0058e-09,-1.5136e-08,-2.7488e-08,-1.5707e-08
0,-0.04,0,0.05236,0.10472,-1.1533e-08,-5.2954e-08,-3.1624e-08,-1.8074e-08,7.0041e-09,2.916e-08,3.6588e-08,-3.1373e-08,-4.483e-09,-1.5142e-08,-3.0512e-08,-1.3389e-08
0.04,-0.04,0,0.05236,0.10472,-1.5719e-08,-5.2376e-08,-2.6731e-08,-1.9202e-08,5.0356e-09,3.5486e-08,3.2204e-08,-3.1154e-08,-4.8244e-09,-1.505e-08,-4.3961e-08,-8.6022e-09
-0.08,0,0,0.05236,0.10472,1.3818e-09,-6.3664e-08,-5.2691e-08,-2.761e-08,7.851e-09,1.3318e-08,4.142e-08,-2.4371e-08,-1.279e-09,-1.5643e-08,-2.1941e-08,-9.7262e-09
-0.04,0,0,0.05236,0.10472,-4.3525e-09,-5.9524e-08,-4.0324e-08,-2.2824e-08,8.9353e-09,1.6785e-08,3.7237e-08,-2.5868e-08,-1.7137e-09,-1.621e-08,-2.7034e-08,-8.3258e-09
0,0,0,0.05236,0.10472,-1.0066e-08,-5.5868e-08,-3.8194e-08,-2.7168e-08,7.1605e-09,2.4913e-08,3.4323e-08,-2.5702e-08,-9.6597e-10,-1.6064e-08,-3.2588e-08,-7.1266e-09
0.04,0,0,0.05236,0.10472,-1.426e-08,-5.6052e-08,-2.966e-08,-2.174e-08,7.8864e-09,3.0909e-08,2.9439e-08,-2.7497e-08,-1.5446e-09,-1.787e-08,-4.0122e-08,-6.4931e-09
0.08,0,0,0.05236,0.10472,-2.0398e-08,-5.2288e-08,-2.5777e-08,-1.9474e-08,5.911e-09,4.1344e-08,2.7004e-08,-2.7135e-08,-1.5854e-09,-2.0461e-08,-4.336e-08,-5.1824e-09
-0.04,0.04,0,0.05236,0.10472,-4.0729e-09,-6.0016e-08,-5.3953e-08,-3.6663e-08,8.4652e-09,1.2422e-08,3.5028e-08,-2.1654e-08,2.9678e-09,-1.7268e-08,-2.5778e-08,-6.8795e-09
0,0.04,0,0.05236,0.10472,-9.9115e-09,-5.9496e-08,-4.4108e-08,-2.7235e-08,5.9308e-09,2.0583e-08,3.2156e-08,-2.2163e-08,1.6577e-09,-1.6289e-08,-3.1126e-08,-4.7464e-09
0.04,0.04,0,0.05236,0.10472,-1.3688e-08,-5.5021e-08,-3.3572e-08,-2.6685e-08,4.1686e-09,2.5625e-08,2.9071e-08,-2.3416e-08,1.7477e-09,-1.5101e-08,-3.7747e-08,-4.4125e-09
0,0.08,0,0.05236,0.10472,-7.7281e-09,-6.3545e-08,-4.484e-08,-3.8308e-08,6.9452e-09,1.6686e-08,3.047e-08,-1.9771e-08,8.742e-09,-1.8336e-08,-2.6841e-08,-4.1961e-09
-0.04,-0.04,0.04,0.05236,0.10472,-1.0914e-09,-7.5948e-08,-3.4948e-08,-1.4487e-08,1.743e-08,2.1289e-08,3.2588e-08,-2.5368e-08,-6.2648e-09,-1.1152e-08,-2.6728e-08,-8.2313e-09
0,-0.04,0.04,0.05236,0.10472,-6.5852e-09,-6.275e-08,-2.9837e-08,-1.7653e-08,1.2059e-08,2.5954e-08,3.1042e-08,-2.6988e-08,-7.2199e-09,-1.138e-08,-3.1596e-08,-6.4062e-09
0.04,-0.04,0.04,0.05236,0.10472,-1.6143e-08,-5.5253e-08,-2.7754e-08,-1.4909e-08,1.0774e-08,2.867e-08,2.9493e-08,-3.1735e-08,-8.8118e-09,-1.0398e-08,-4.1672e-08,-1.7284e-09
-0.04,0,0.04,0.05236,0.10472,-2.3829e-09,-7.4369e-08,-4.1886e-08,-2.0778e-08,1.7682e-08,1.7781e-08,2.9586e-08,-2.3233e-08,-5.8895e-09,-1.2709e-08,-2.5847e-08,-3.5168e-09
0,0,0.04,0.05236,0.10472,-9.5544e-09,-6.8988e-08,-3.3324e-08,-2.047e-08,1.2231e-08,2.3031e-08,2.8511e-08,-2.3224e-08,-4.7275e-09,-1.0035e-08,-3.1594e-08,-5.5554e-09
0.04,0,0.04,0.05236,0.10472,-1.6472e-08,-6.4508e-08,-2.899e-08,-1.8029e-08,9.6895e-09,2.668e-08,2.6213e-08,-2.2593e-08,-3.7042e-09,-6.9323e-09,-3.5771e-08,-2.4534e-09
-0.04,0.04,0.04,0.05236,0.10472,-2.3977e-09,-7.3215e-08,-4.1854e-08,-2.5013e-08,1.6641e-08,1.3971e-08,3.1277e-08,-1.9073e-08,-2.3813e-09,-1.1029e-08,-2.4524e-08,1.381e-10
0,0.04,0.04,0.05236,0.10472,-7.1263e-09,-7.1377e-08,-3.926e-08,-2.6735e-08,1.2867e-08,1.9397e-08,2.641e-08,-1.9311e-08,-4.333e-11,-1.1287e-08,-3.0058e-08,1.1485e-10
0.04,0.04,0.04,0.05236,0.10472,-9.8161e-09,-6.1066e-08,-3.1728e-08,-2.2546e-08,1.129e-08,2.2407e-08,2.4747e-08,-2.0376e-08,-1.5851e-09,-8.2037e-09,-3.421e-08,3.2633e-10
0,0,0.08,0.05236,0.10472,-4.1237e-09,-8.5726e-08,-3.0686e-08,-1.2471e-08,1.7677e-08,1.9416e-08,2.2464e-08,-1.8762e-08,-9.1574e-09,-7.0264e-09,-2.9315e-08,3.2397e-09
0,0,-0.08,0.10472,0.10472,-8.4678e-09,-4.2661e-08,-4.4896e-08,-2.2879e-08,-2.1249e-09,2.5137e-08,4.5512e-08,-3.0385e-08,1.4475e-09,-2.6795e-08,-2.9061e-08,-1.9326e-08
-0.04,-0.04,-0.04,0.10472,0.10472,-6.5216e-09,-4.9201e-08,-4.3821e-08,-2.1018e-08,4.1146e-09,2.338e-08,5.1178e-08,-3.2573e-08,-3.2001e-09,-1.6905e-08,-2.7158e-08,-2.3394e-08
0,-0.04,-0.04,0.10472,0.10472,-1.0878e-08,-4.7699e-08,-3.7707e-08,-1.9801e-08,3.5344e-09,2.7846e-08,4.0896e-08,-3.559e-08,-2.7153e-09,-1.6967e-08,-3.0549e-08,-1.7058e-08
0.04,-0.04,-0.04,0.10472,0.10472,-1.6244e-08,-4.225e-08,-2.7575e-08,-1.9923e-08,2.6195e-09,3.589e-08,3.9793e-08,-3.5619e-08,-4.1741e-09,-1.9419e-08,-4.0443e-08,-1.4445e-08
-0.04,0,-0.04,0.10472,0.10472,-6.9254e-09,-5.2215e-08,-5.1403e-08,-2.4875e-08,3.0183e-09,1.7196e-08,4.2508e-08,-2.7904e-08,-7.3449e-10,-2.1033e-08,-2.6159e-08,-1.5026e-08
0,0,-0.04,0.10472,0.10472,-9.6152e-09,-4.6668e-08,-4.7206e-08,-2.3027e-08,3.2022e-09,2.815e-08,4.0256e-08,-2.9305e-08,7.9897e-11,-1.9206e-08,-3.1987e-08,-1.3878e-08
0.04,0,-0.04,0.10472,0.10472,-1.5575e-08,-4.5e-08,-3.3553e-08,-2.3114e-08,2.0109e-09,3.2526e-08,3.6638e-08,-3.0945e-08,2.6206e-11,-1.9738e-08,-3.7958e-08,-1.0349e-08
-0.04,0.04,-0.04,0.10472,0.10472,-4.9217e-09,-5.1405e-08,-5.865e-08,-3.238e-08,2.9599e-09,1.1761e-08,3.9994e-08,-2.4861e-08,2.7661e-09,-1.8595e-08,-2.4573e-08,-1.4153e-08
0,0.04,-0.04,0.10472,0.10472,-8.702e-09,-4.7566e-08,-4.6749e-08,-2.8524e-08,2.0828e-09,2.2713e-08,4.0179e-08,-2.5304e-08,3.6126e-09,-2.2829e-08,-2.8133e-08,-1.0045e-08
0.04,0.04,-0.04,0.10472,0.10472,-1.3874e-08,-4.5869e-08,-3.5259e-08,-2.8847e-08,1.9865e-09,2.3872e-08,3.1842e-08,-2.6162e-08,3.4191e-09,-2.638e-08,-3.5717e-08,-8.866e-09
0,-0.08,0,0.10472,0.10472,-9.0398e-09,-4.8328e-08,-3.0103e-08,-1.4776e-08,8.259e-09,2.929e-08,3.8845e-08,-4.2012e-08,-7.2873e-09,-1.227e-08,-3.3123e-08,-1.6768e-08
-0.04,-0.04,0,0.10472,0.10472,-4.3982e-09,-5.6371e-08,-4.2761e-08,-1.7345e-08,9.1706e-09,1.9289e-08,4.3601e-08,-3.0548e-08,-5.1364e-09,-1.3552e-08,-2.5396e-08,-1.6712e-08
0,-0.04,0,0.10472,0.10472,-8.2665e-09,-5.6775e-08,-3.6932e-08,-1.5933e-08,7.2094e-09,2.6241e-08,3.8357e-08,-3.1473e-08,-7.2258e-09,-1.4198e-08,-3.19e-08,-1.6012e-08
0.04,-0.04,0,0.10472,0.10472,-1.4965e-08,-4.8599e-08,-2.8814e-08,-1.7682e-08,6.8396e-09,3.6494e-08,3.1796e-08,-3.4857e-08,-6.5904e-09,-1.4108e-08,-3.6704e-08,-8.6756e-09
-0.08,0,0,0.10472,0.10472,-2.2125e-09,-6.1994e-08,-5.3031e-08,-2.4372e-08,1.1341e-08,1.035e-08,4.3295e-08,-2.5301e-08,-3.3152e-09,-1.4344e-08,-2.3434e-08,-1.7416e-08
-0.04,0,0,0.10472,0.10472,-3.3341e-09,-6.2223e-08,-4.4767e-08,-2.1828e-08,9.1214e-09,1.6342e-08,3.6635e-08,-2.6706e-08,-2.5756e-09,-1.465e-08,-2.5124e-08,-1.2217e-08
0,0,0,0.10472,0.10472,-8.5614e-09,-5.3469e-08,-3.9077e-08,-2.3053e-08,7.3855e-09,2.4366e-08,3.3383e-08,-2.7243e-08,-4.6088e-09,-1.3186e-08,-2.8929e-08,-1.0097e-08
0.04,0,0,0.10472,0.10472,-1.54e-08,-5.2997e-08,-3.3195e-08,-2.1929e-08,6.6627e-09,2.9407e-08,3.3772e-08,-2.9159e-08,-3.2327e-09,-1.578e-08,-3.8303e-08,-7.8504e-09
0.08,0,0,0.10472,0.10472,-2.1914e-08,-4.9328e-08,-2.6509e-08,-1.8013e-08,5.4965e-09,3.5375e-08,2.8906e-08,-2.745e-08,-3.2962e-09,-1.1688e-08,-4.7324e-08,-5.1586e-09
-0.04,0.04,0,0.10472,0.10472,-4.3237e-09,-6.2643e-08,-5.2653e-08,-2.4612e-08,9.7247e-09,1.3706e-08,3.3822e-08,-2.456e-08,1.4021e-10,-1.6032e-08,-2.1637e-08,-9.5628e-09
0,0.04,0,0.10472,0.10472,-1.0527e-08,-6.1942e-08,-4.5372e-08,-2.6408e-08,6.0394e-09,2.0336e-08,3.0178e-08,-2.5279e-08,-1.2542e-09,-1.5176e-08,-2.8895e-08,-6.2109e-09
0.04,0.04,0,0.10472,0.10472,-1.3828e-08,-5.7195e-08,-3.5704e-08,-2.5184e-08,6.9347e-09,2.524e-08,2.8857e-08,-2.3195e-08,7.8452e-10,-1.4678e-08,-3.4259e-08,-6.1344e-09
0,0.08,0,0.10472,0.10472,-8.987e-09,-6.0714e-08,-4.4444e-08,-3.109e-08,7.8487e-09,1.3333e-08,2.8643e-08,-2.0143e-08,5.1427e-09,-1.3865e-08,-2.7721e-08,-5.3749e-09
-0.04,-0.04,0.04,0.10472,0.10472,-5.7238e-10,-6.4736e-08,-3.7071e-08,-1.4842e-08,1.6933e-08,1.8861e-08,3.3613e-08,-2.7735e-08,-9.4694e-09,-8.2585e-09,-2.7197e-08,-1.3785e-08
0,-0.04,0.04,0.10472,0.10472,-8.4979e-09,-6.6567e-08,-3.075e-08,-1.2216e-08,1.1386e-08,2.1486e-08,2.9396e-08,-3.2842e-08,-8.66e-09,-1.0342e-08,-3.3441e-08,-1.0055e-08
0.04,-0.04,0.04,0.10472,0.10472,-1.9908e-08,-5.8728e-08,-2.8362e-08,-1.2751e-08,9.5742e-09,3.1614e-08,2.7113e-08,-2.817e-08,-1.2477e-08,-1.1125e-08,-4.0698e-08,-4.625e-09
-0.04,0,0.04,0.10472,0.10472,-2.7744e-09,-7.2047e-08,-4.2377e-08,-2.0268e-08,1.8521e-08,1.5751e-08,3.1334e-08,-2.5671e-08,-7.1167e-09,-1.0824e-08,-2.4515e-08,-4.713e-09
0,0,0.04,0.10472,0.10472,-6.9426e-09,-6.7377e-08,-3.2626e-08,-1.8306e-08,1.321e-08,2.0041e-08,2.8877e-08,-2.5256e-08,-5.4241e-09,-9.3679e-09,-3.0492e-08,-3.8298e-09
0.04,0,0.04,0.10472,0.10472,-1.4664e-08,-6.2198e-08,-3.0745e-08,-1.3648e-08,1.0493e-08,2.7917e-08,2.6385e-08,-2.48e-08,-9.2302e-09,-6.8927e-09,-3.7046e-08,-4.4101e-09
-0.04,0.04,0.04,0.10472,0.10472,-2.3465e-09,-8.0196e-08,-4.9896e-08,-2.3528e-08,1.5396e-08,1.3765e-08,3.1312e-08,-1.9256e-08,-4.5452e-09,-1.018e-08,-2.525e-08,-5.204e-09
0,0.04,0.04,0.10472,0.10472,-7.2979e-09,-7.5893e-08,-3.9385e-08,-2.0448e-08,1.4936e-08,1.9405e-08,2.7753e-08,-2.2428e-08,-2.5875e-09,-9.9431e-09,-2.9035e-08,-1.2622e-09
0.04,0.04,0.04,0.10472,0.10472,-1.3518e-08,-6.1811e-08,-3.6238e-08,-1.749e-08,1.0898e-08,1.9961e-08,2.4614e-08,-2.1862e-08,3.9639e-11,-5.0927e-09,-3.7873e-08,-1.6535e-09
0,0,0.08,0.10472,0.10472,-7.9055e-09,-7.6377e-08,-3.2231e-08,-1.3685e-08,2.0166e-08,1.9449e-08,2.3774e-08,-2.1106e-08,-1.1731e-08,-5.1135e-09,-2.9469e-08,4.9258e-10
0,0,-0.08,0.15708,0.10472,-1.0069e-08,-4.0052e-08,-4.2966e-08,-2.3669e-08,-2.8561e-09,2.9126e-08,4.3852e-08,-3.4301e-08,7.5176e-10,-2.8882e-08,-2.6939e-08,-1.9022e-08
-0.04,-0.04,-0.04,0.15708,0.10472,-6.0793e-09,-4.7409e-08,-4.8768e-08,-1.9399e-08,4.5104e-09,1.833e-08,4.3075e-08,-3.6826e-08,-4.8167e-09,-1.8e-08,-2.7172e-08,-2.4238e-08
0,-0.04,-0.04,0.15708,0.10472,-1.0412e-08,-4.377e-08,-3.8208e-08,-1.7926e-08,2.5144e-09,2.7819e-08,3.7981e-08,-3.8543e-08,-5.2413e-09,-1.6957e-08,-3.2031e-08,-2.0435e-08
0.04,-0.04,-0.04,0.15708,0.10472,-1.6192e-08,-4.1114e-08,-3.2431e-08,-1.9968e-08,3.3331e-09,3.1742e-08,3.5069e-08,-3.7816e-08,-5.5417e-09,-1.8386e-08,-3.5274e-08,-1.8073e-08
-0.04,0,-0.04,0.15708,0.10472,-8.2651e-09,-4.9348e-08,-5.0668e-08,-2.2333e-08,2.9203e-09,1.5539e-08,4.6124e-08,-2.9273e-08,-2.54e-09,-1.7922e-08,-2.4917e-08,-1.9887e-08
0,0,-0.04,0.15708,0.10472,-1.0037e-08,-4.7862e-08,-4.3819e-08,-2.3324e-08,3.0451e-09,1.8892e-08,4.1056e-08,-3.055e-08,-1.0732e-10,-1.9044e-08,-3.0329e-08,-1.4463e-08
0.04,0,-0.04,0.15708,0.10472,-1.5357e-08,-4.3276e-08,-3.5664e-08,-2.1503e-08,2.3751e-09,2.8238e-08,3.6905e-08,-3.1228e-08,-4.2263e-09,-1.7676e-08,-3.5988e-08,-1.1074e-08
-0.04,0.04,-0.04,0.15708,0.10472,-5.4046e-09,-5.3035e-08,-5.9105e-08,-2.7542e-08,9.7575e-10,1.2477e-08,3.9612e-08,-2.4587e-08,-3.7358e-10,-2.1892e-08,-2.3503e-08,-1.4837e-08
0,0.04,-0.04,0.15708,0.10472,-9.9572e-09,-4.9531e-08,-4.5454e-08,-2.7851e-08,-1.6904e-10,1.6587e-08,3.7809e-08,-2.5602e-08,1.2898e-09,-1.9607e-08,-3.0656e-08,-1.1888e-08
0.04,0.04,-0.04,0.15708,0.10472,-1.6245e-08,-4.5615e-08,-3.923e-08,-2.891e-08,2.1047e-09,2.2567e-08,3.1558e-08,-2.7542e-08,-2.3325e-09,-1.9149e-08,-3.3661e-08,-9.2573e-09
0,-0.08,0,0.15708,0.10472,-7.0346e-09,-4.7993e-08,-3.0686e-08,-1.1614e-08,9.9525e-09,2.9552e-08,3.7257e-08,-3.9263e-08,-8.9786e-09,-1.2329e-08,-3.1989e-08,-1.8475e-08
-0.04,-0.04,0,0.15708,0.10472,-5.1207e-09,-5.8799e-08,-4.137e-08,-1.5968e-08,8.8075e-09,2.0625e-08,3.7222e-08,-3.3368e-08,-6.8059e-09,-1.3653e-08,-2.6426e-08,-2.1317e-08
0,-0.04,0,0.15708,0.10472,-1.0517e-08,-5.7139e-08,-3.8978e-08,-1.4326e-08,1.109e-08,2.1856e-08,3.7699e-08,-3.3933e-08,-8.43e-09,-1.3545e-08,-3.2474e-08,-1.4565e-08
0.04,-0.04,0,0.15708,0.10472,-1.6413e-08,-4.9104e-08,-3.0837e-08,-1.6138e-08,7.2583e-09,3.3311e-08,3.1959e-08,-3.5533e-08,-7.4548e-09,-1.6206e-08,-4.1782e-08,-1.3358e-08
-0.08,0,0,0.15708,0.10472,-6.7321e-10,-5.7877e-08,-5.1812e-08,-2.0772e-08,1.3451e-08,9.7434e-09,3.9524e-08,-2.4102e-08,-3.9006e-09,-1.3806e-08,-2.3613e-08,-1.8832e-08
-0.04,0,0,0.15708,0.10472,-5.6225e-09,-6.06e-08,-5.0016e-08,-1.7987e-08,1.041e-08,1.5076e-08,4.2424e-08,-2.9582e-08,-4.1565e-09,-1.4053e-08,-2.4802e-08,-1.6564e-08
0,0,0,0.15708,0.10472,-1.2529e-08,-5.7487e-08,-4.2247e-08,-1.9442e-08,9.2303e-09,2.1494e-08,3.1336e-08,-2.8215e-08,-4.5608e-09,-1.5732e-08,-3.1428e-08,-1.4033e-08
0.04,0,0,0.15708,0.10472,-1.7439e-08,-5.1445e-08,-3.376e-08,-1.7073e-08,8.7087e-09,2.6477e-08,3.0585e-08,-2.9993e-08,-5.1391e-09,-1.2796e-08,-3.7227e-08,-9.3508e-09
0.08,0,0,0.15708,0.10472,-2.2846e-08,-4.6538e-08,-2.6238e-08,-1.6832e-08,6.3849e-09,3.5826e-08,2.6222e-08,-2.9736e-08,-7.0414e-09,-1.2433e-08,-4.8228e-08,-5.9561e-09
-0.04,0.04,0,0.15708,0.10472,-3.9809e-09,-6.3326e-08,-5.3785e-08,-2.224e-08,8.7709e-09,1.4121e-08,3.649e-08,-2.3357e-08,-3.4887e-09,-1.629e-08,-2.5113e-08,-1.0565e-08
0,0.04,0,0.15708,0.10472,-9.0277e-09,-5.691e-08,-4.6188e-08,-2.2302e-08,1.0877e-08,1.5652e-08,3.2508e-08,-2.4402e-08,-2.8188e-09,-1.3891e-08,-2.7499e-08,-7.7298e-09
0.04,0.04,0,0.15708,0.10472,-1.312e-08,-5.3129e-08,-3.8024e-08,-2.3417e-08,7.1439e-09,2.5184e-08,3.0003e-08,-2.3464e-08,-2.7729e-09,-1.3921e-08,-3.6675e-08,-8.5075e-09
0,0.08,0,0.15708,0.10472,-9.826e-09,-5.5996e-08,-4.7502e-08,-3.3673e-08,8.3305e-09,1.3054e-08,3.0463e-08,-2.109e-08,3.6696e-09,-1.6417e-08,-2.4745e-08,-8.0823e-09
-0.04,-0.04,0.04,0.15708,0.10472,-2.3243e-09,-6.9908e-08,-3.696e-08,-1.0379e-08,1.8958e-08,1.8305e-08,3.6035e-08,-2.6855e-08,-9.2101e-09,-9.9686e-09,-2.613e-08,-1.4789e-08
0,-0.04,0.04,0.15708,0.10472,-1.2999e-08,-6.4599e-08,-3.4182e-08,-1.1084e-08,1.433e-08,2.2753e-08,2.8971e-08,-3.077e-08,-1.066e-08,-8.9628e-09,-3.2565e-08,-9.5168e-09
0.04,-0.04,0.04,0.15708,0.10472,-1.8613e-08,-5.1885e-08,-2.9522e-08,-1.0351e-08,1.2478e-08,2.7597e-08,2.748e-08,-3.0776e-08,-1.1221e-08,-9.6553e-09,-3.852e-08,-8.3119e-09
-0.04,0,0.04,0.15708,0.10472,-6.2899e-10,-7.3145e-08,-4.5611e-08,-1.46e-08,2.0508e-08,1.5105e-08,3.0498e-08,-2.2755e-08,-8.7721e-09,-1.01e-08,-2.467e-08,-1.1921e-08
0,0,0.04,0.15708,0.10472,-8.3871e-09,-7.5954e-08,-3.4262e-08,-1.5894e-08,1.5746e-08,1.9847e-08,2.8985e-08,-2.4719e-08,-9.5458e-09,-1.0161e-08,-3.1571e-08,-5.7771e-09
0.04,0,0.04,0.15708,0.10472,-1.7243e-08,-5.4039e-08,-3.2177e-08,-1.4693e-08,1.099e-08,2.2793e-08,2.8117e-08,-2.4917e-08,-9.661e-09,-8.5502e-09,-3.8305e-08,-4.3722e-09
-0.04,0.04,0.04,0.15708,0.10472,-3.4819e-09,-7.3252e-08,-4.7769e-08,-1.8243e-08,1.623e-08,1.269e-08,2.9593e-08,-2.213e-08,-7.7501e-09,-1.1295e-08,-2.4069e-08,-4.9976e-09
0,0.04,0.04,0.15708,0.10472,-8.9899e-09,-7.3581e-08,-4.0222e-08,-1.8252e-08,1.2705e-08,1.5257e-08,2.7353e-08,-2.3803e-08,-5.8239e-09,-9.6771e-09,-2.8674e-08,-6.0097e-09
0.04,0.04,0.04,0.15708,0.10472,-1.5351e-08,-6.4275e-08,-3.0608e-08,-1.8072e-08,1.1912e-08,2.1179e-08,2.5198e-08,-2.2933e-08,-5.9442e-09,-7.7009e-09,-3.6272e-08,-4.3405e-09
0,0,0.08,0.15708,0.10472,-6.2409e-09,-7.5688e-08,-3.3169e-08,-7.8911e-09,1.9287e-08,1.7069e-08,2.665e-08,-2.1019e-08,-1.3559e-08,-3.7474e-09,-2.7936e-08,-1.2812e-09
0,0,-0.08,0.05236,0.15708,-1.1044e-08,-3.9584e-08,-4.0316e-08,-2.8332e-08,-3.6652e-09,2.8186e-08,4.7119e-08,-3.1002e-08,3.7292e-09,-2.6643e-08,-2.9187e-08,-1.6103e-08
-0.04,-0.04,-0.04,0.05236,0.15708,-4.9771e-09,-4.7474e-08,-3.9048e-08,-2.2543e-08,1.6525e-09,2.0319e-08,4.6173e-08,-3.6588e-08,-3.8709e-10,-2.0863e-08,-2.5972e-08,-1.7895e-08
0,-0.04,-0.04,0.05236,0.15708,-1.1455e-08,-4.8058e-08,-3.3357e-08,-2.1865e-08,5.2243e-10,3.0736e-08,4.1719e-08,-3.4536e-08,-1.0425e-09,-2.1416e-08,-3.1727e-08,-1.5964e-08
0.04,-0.04,-0.04,0.05236,0.15708,-1.4121e-08,-4.1588e-08,-2.8058e-08,-2.0475e-08,2.876e-09,3.6584e-08,3.4381e-08,-3.6935e-08,-2.4969e-10,-2.0857e-08,-3.519e-08,-1.3928e-08
-0.04,0,-0.04,0.05236,0.15708,-4.257e-09,-5.0689e-08,-4.8101e-08,-2.5129e-08,2.7294e-09,2.0704e-08,4.468e-08,-2.9867e-08,2.1415e-09,-2.0605e-08,-2.6295e-08,-1.4355e-08
0,0,-0.04,0.05236,0.15708,-9.4328e-09,-4.4994e-08,-3.9717e-08,-2.5017e-08,2.9103e-09,2.8838e-08,4.1876e-08,-2.7121e-08,1.9766e-09,-2.2504e-08,-2.847e-08,-1.5516e-08
0.04,0,-0.04,0.05236,0.15708,-1.4575e-08,-4.7314e-08,-3.1819e-08,-2.7131e-08,5.0059e-10,3.4413e-08,3.4948e-08,-2.9033e-08,2.3997e-09,-2.2972e-08,-3.8365e-08,-1.1704e-08
-0.04,0.04,-0.04,0.05236,0.15708,-4.0075e-09,-5.148e-08,-6.1443e-08,-3.145e-08,-4.8875e-10,1.8099e-08,3.9391e-08,-2.3776e-08,5.4516e-09,-2.0336e-08,-2.5155e-08,-1.1994e-08
0,0.04,-0.04,0.05236,0.15708,-9.9849e-09,-4.9798e-08,-4.4965e-08,-3.2145e-08,8.4724e-10,2.0406e-08,3.4901e-08,-2.8641e-08,4.9344e-09,-2.476e-08,-2.8619e-08,-9.1652e-09
0.04,0.04,-0.04,0.05236,0.15708,-1.1509e-08,-4.7698e-08,-3.9751e-08,-3.3229e-08,-1.2096e-09,2.9146e-08,3.1627e-08,-2.7791e-08,7.2716e-09,-2.7129e-08,-3.3945e-08,-5.9884e-09
0,-0.08,0,0.05236,0.15708,-8.5014e-09,-5.2291e-08,-2.7595e-08,-1.7851e-08,5.8028e-09,2.8795e-08,3.6762e-08,-3.9855e-08,-6.727e-09,-1.4234e-08,-3.5306e-08,-1.3472e-08
-0.04,-0.04,0,0.05236,0.15708,-3.7004e-09,-5.9123e-08,-3.7269e-08,-2.1486e-08,8.4403e-09,1.9722e-08,3.5404e-08,-3.1683e-08,-3.0586e-09,-1.4263e-08,-2.6624e-08,-1.6032e-08
0,-0.04,0,0.05236,0.15708,-8.1749e-09,-5.0645e-08,-3.5562e-08,-1.7573e-08,6.8019e-09,2.6507e-08,3.5225e-08,-2.9784e-08,-6.2667e-09,-1.4607e-08,-3.1964e-08,-1.3669e-08
0.04,-0.04,0,0.05236,0.15708,-1.4022e-08,-5.3493e-08,-2.8952e-08,-1.797e-08,5.0343e-09,3.6879e-08,3.5051e-08,-3.1682e-08,-4.087e-09,-1.453e-08,-3.9595e-08,-7.7271e-09
-0.08,0,0,0.05236,0.15708,-1.1533e-09,-5.873e-08,-5.0642e-08,-2.5658e-08,7.7666e-09,1.233e-08,3.9584e-08,-2.3858e-08,-1.2861e-09,-1.3862e-08,-2.1655e-08,-1.1562e-08
-0.04,0,0,0.05236,0.15708,-5.8529e-09,-6.0974e-08,-4.5622e-08,-2.6385e-08,7.0337e-09,2.1625e-08,3.7381e-08,-2.6071e-08,-2.1585e-09,-1.5657e-08,-2.5041e-08,-1.0249e-08
0,0,0,0.05236,0.15708,-8.0521e-09,-5.9897e-08,-3.8025e-08,-2.4334e-08,6.3816e-09,2.3046e-08,3.2288e-08,-2.8147e-08,-2.431e-09,-1.5475e-08,-3.0983e-08,-8.3296e-09
0.04,0,0,0.05236,0.15708,-1.2557e-08,-5.2892e-08,-3.2436e-08,-2.1433e-08,4.462e-09,3.1486e-08,3.0229e-08,-2.8235e-08,-2.7575e-09,-1.6391e-08,-3.6339e-08,-6.8028e-09
0.08,0,0,0.05236,0.15708,-2.5149e-08,-5.1696e-08,-2.7531e-08,-1.9779e-08,6.0892e-09,4.34e-08,2.715e-08,-2.9412e-08,-2.7045e-09,-1.5393e-08,-4.5744e-08,-3.7543e-09
-0.04,0.04,0,0.05236,0.15708,-5.3986e-09,-6.4779e-08,-4.9897e-08,-3.5573e-08,9.143e-09,1.6663e-08,3.3854e-08,-2.0503e-08,1.9583e-09,-1.7642e-08,-2.3921e-08,-7.4098e-09
0,0.04,0,0.05236,0.15708,-7.8051e-09,-6.1465e-08,-3.9805e-08,-2.8797e-08,1.0095e-08,2.1392e-08,3.1675e-08,-2.5881e-08,4.1268e-09,-1.8298e-08,-3.0662e-08,-5.8833e-09
0.04,0.04,0,0.05236,0.15708,-1.2736e-08,-5.2803e-08,-3.9875e-08,-3.0975e-08,5.5228e-09,2.5681e-08,2.9292e-08,-2.5081e-08,4.7227e-09,-1.7383e-08,-3.6407e-08,-3.3941e-09
0,0.08,0,0.05236,0.15708,-8.7865e-09,-6.1857e-08,-4.3881e-08,-3.5282e-08,9.6786e-09,1.5924e-08,2.8107e-08,-1.9975e-08,6.4105e-09,-1.8868e-08,-2.5984e-08,-1.0624e-09
-0.04,-0.04,0.04,0.05236,0.15708,-2.5513e-09,-6.7232e-08,-3.577e-08,-1.7501e-08,1.3518e-08,2.0754e-08,3.2601e-08,-2.7316e-08,-7.4139e-09,-1.1335e-08,-2.6218e-08,-8.2222e-09
0,-0.04,0.04,0.05236,0.15708,-8.0152e-09,-6.5246e-08,-3.2028e-08,-1.722e-08,1.4386e-08,2.3849e-08,3.3408e-08,-2.7528e-08,-7.5397e-09,-9.3869e-09,-3.1418e-08,-5.0641e-09
0.04,-0.04,0.04,0.05236,0.15708,-1.3174e-08,-6.183e-08,-2.8299e-08,-1.3469e-08,1.176e-08,3.4066e-08,2.6926e-08,-2.627e-08,-8.8541e-09,-1.1296e-08,-4.1896e-08,-4.104e-09
-0.04,0,0.04,0.05236,0.15708,-2.0339e-09,-7.6792e-08,-3.7505e-08,-2.2429e-08,1.3822e-08,1.6535e-08,3.1463e-08,-2.0965e-08,-4.6627e-09,-1.0932e-08,-2.4321e-08,-3.7671e-09
0,0,0.04,0.05236,0.15708,-7.8702e-09,-7.2744e-08,-3.5808e-08,-1.8174e-08,1.6849e-08,2.2412e-08,2.7841e-08,-2.1518e-08,-4.634e-09,-1.0673e-08,-2.7132e-08,-2.8049e-09
0.04,0,0.04,0.05236,0.15708,-1.2904e-08,-5.8433e-08,-2.8714e-08,-2.1833e-08,1.1001e-08,2.8492e-08,2.666e-08,-2.2709e-08,-8.3015e-09,-1.0725e-08,-3.74e-08,-1.3657e-09
-0.04,0.04,0.04,0.05236,0.15708,-1.9565e-09,-8.3185e-08,-4.8339e-08,-2.7421e-08,1.3469e-08,1.5335e-08,2.886e-08,-2.0305e-08,-2.2004e-09,-1.0882e-08,-2.4443e-08,-2.0124e-09
0,0.04,0.04,0.05236,0.15708,-7.4048e-09,-7.1709e-08,-3.8e-08,-2.559e-08,1.1476e-08,1.9825e-08,3.0788e-08,-1.9789e-08,-8.3463e-11,-9.7949e-09,-3.0816e-08,-8.6258e-10
0.04,0.04,0.04,0.05236,0.15708,-1.4412e-08,-6.5547e-08,-3.2076e-08,-2.1072e-08,8.812e-09,2.3489e-08,2.527e-08,-2.059e-08,-9.875e-10,-8.9968e-09,-3.5067e-08,1.9121e-09
0,0,0.08,0.05236,0.15708,-6.5555e-09,-8.4151e-08,-3.3028e-08,-1.3094e-08,1.7403e-08,1.9535e-08,2.4462e-08,-1.7363e-08,-1.0863e-08,-6.323e-09,-2.9326e-08,1.4466e-11
0,0,-0.08,0.10472,0.15708,-8.6179e-09,-4.0545e-08,-4.4205e-08,-2.4646e-08,-3.8598e-09,2.8396e-08,4.4944e-08,-3.3566e-08,1.4245e-09,-2.9926e-08,-2.7088e-08,-1.807e-08
-0.04,-0.04,-0.04,0.10472,0.15708,-5.9202e-09,-4.8004e-08,-4.052e-08,-2.2186e-08,3.1773e-09,2.071e-08,4.9389e-08,-3.6213e-08,-2.6892e-09,-1.8303e-08,-2.4706e-08,-2.443e-08
0,-0.04,-0.04,0.10472,0.15708,-1.0576e-08,-4.6169e-08,-3.9132e-08,-1.95e-08,2.4963e-09,3.0895e-08,4.2378e-08,-3.5813e-08,-2.986e-09,-1.8021e-08,-3.125e-08,-1.6161e-08
0.04,-0.04,-0.04,0.10472,0.15708,-1.6861e-08,-4.1612e-08,-3.0939e-08,-1.8879e-08,2.9341e-09,4.1436e-08,3.51e-08,-3.5685e-08,-4.3783e-09,-1.9638e-08,-4.1077e-08,-1.2021e-08
-0.04,0,-0.04,0.10472,0.15708,-5.6583e-09,-5.2597e-08,-4.9325e-08,-2.5727e-08,-2.4931e-09,1.3913e-08,4.24e-08,-2.9055e-08,-1.3241e-09,-1.7844e-08,-2.5505e-08,-1.6096e-08
0,0,-0.04,0.10472,0.15708,-1.027e-08,-4.4698e-08,-4.3028e-08,-2.273e-08,1.7e-09,2.3531e-08,4.1579e-08,-2.9435e-08,-1.0132e-09,-1.9641e-08,-2.9279e-08,-1.3672e-08
0.04,0,-0.04,0.10472,0.15708,-1.4954e-08,-4.8958e-08,-3.4948e-08,-2.3192e-08,4.3864e-09,3.3812e-08,3.4142e-08,-3.1957e-08,1.6213e-09,-2.4071e-08,-3.6058e-08,-9.4907e-09
-0.04,0.04,-0.04,0.10472,0.15708,-6.0357e-09,-5.0314e-08,-5.568e-08,-3.3638e-08,-7.5423e-10,1.1611e-08,4.1338e-08,-2.5082e-08,1.8206e-09,-2.3833e-08,-2.325e-08,-1.1021e-08
0,0.04,-0.04,0.10472,0.15708,-8.9246e-09,-5.4021e-08,-4.9676e-08,-2.9889e-08,2.8445e-10,2.1718e-08,3.6479e-08,-2.8026e-08,2.5245e-09,-2.2405e-08,-3.167e-08,-1.1224e-08
0.04,0.04,-0.04,0.10472,0.15708,-1.6367e-08,-4.2549e-08,-3.8543e-08,-2.4508e-08,2.2789e-09,2.6434e-08,3.1571e-08,-2.7726e-08,3.7451e-09,-2.41e-08,-3.1852e-08,-8.3643e-09
0,-0.08,0,0.10472,0.15708,-8.2577e-09,-4.714e-08,-3.1496e-08,-1.5237e-08,8.3897e-09,3.1094e-08,3.6679e-08,-3.6391e-08,-8.9457e-09,-1.3262e-08,-3.3096e-08,-1.8188e-08
-0.04,-0.04,0,0.10472,0.15708,-3.578e-09,-5.2726e-08,-4.0624e-08,-1.8284e-08,1.1283e-08,1.8273e-08,4.3506e-08,-2.9405e-08,-6.2062e-09,-1.3008e-08,-2.6858e-08,-1.4104e-08
0,-0.04,0,0.10472,0.15708,-1.0489e-08,-5.5376e-08,-3.4668e-08,-1.7318e-08,7.733e-09,2.5199e-08,3.6788e-08,-3.4389e-08,-5.0434e-09,-1.5307e-08,-3.3497e-08,-1.3891e-08
0.04,-0.04,0,0.10472,0.15708,-1.9444e-08,-4.8559e-08,-2.9585e-08,-1.5703e-08,6.837e-09,3.3832e-08,2.9849e-08,-3.5854e-08,-6.9278e-09,-1.6177e-08,-3.9745e-08,-8.9468e-09
-0.08,0,0,0.10472,0.15708,-1.164e-09,-6.185e-08,-5.4527e-08,-2.1949e-08,1.3082e-08,1.3205e-08,4.0483e-08,-2.6379e-08,-2.1705e-09,-1.3378e-08,-2.2465e-08,-1.5617e-08
-0.04,0,0,0.10472,0.15708,-3.1316e-09,-6.0122e-08,-4.4339e-08,-2.0801e-08,7.09e-09,1.513e-08,3.6772e-08,-2.5948e-08,-2.2528e-09,-1.5873e-08,-2.5142e-08,-1.2519e-08
0,0,0,0.10472,0.15708,-9.618e-09,-5.8153e-08,-3.9882e-08,-1.9002e-08,7.9377e-09,2.3465e-08,3.3066e-08,-2.8157e-08,-1.5141e-09,-1.5565e-08,-3.1824e-08,-6.9909e-09
0.04,0,0,0.10472,0.15708,-1.7198e-08,-5.0567e-08,-3.3275e-08,-1.9687e-08,7.6309e-09,2.6995e-08,3.2026e-08,-2.9784e-08,-2.7944e-09,-1.2352e-08,-4.1417e-08,-7.5479e-09
0.08,0,0,0.10472,0.15708,-2.1365e-08,-4.9311e-08,-2.7628e-08,-1.9455e-08,6.0897e-09,3.2943e-08,2.7136e-08,-3e-08,-5.1782e-09,-1.5486e-08,-4.7109e-08,-5.047e-09
-0.04,0.04,0,0.10472,0.15708,-6.3122e-09,-6.2897e-08,-5.4036e-08,-2.7962e-08,1.0822e-08,1.232e-08,3.4679e-08,-2.2952e-08,-2.373e-10,-1.6578e-08,-2.4137e-08,-6.8097e-09
0,0.04,0,0.10472,0.15708,-7.9607e-09,-5.6087e-08,-4.6185e-08,-2.6131e-08,9.2639e-09,2.2301e-08,3.1377e-08,-2.3484e-08,3.4882e-09,-1.6803e-08,-2.865e-08,-6.8862e-09
0.04,0.04,0,0.10472,0.15708,-1.458e-08,-5.5479e-08,-3.4348e-08,-2.5261e-08,7.8562e-09,2.8167e-08,2.8935e-08,-2.3189e-08,2.74e-09,-1.6258e-08,-3.3876e-08,-3.9612e-09
0,0.08,0,0.10472,0.15708,-8.8114e-09,-6.2953e-08,-4.2639e-08,-3.5635e-08,6.0602e-09,1.4672e-08,2.7433e-08,-2.0173e-08,5.4446e-09,-1.3787e-08,-2.6368e-08,-4.4402e-09
-0.04,-0.04,0.04,0.10472,0.15708,-3.9602e-09,-7.031e-08,-3.7067e-08,-1.5562e-08,1.8e-08,1.8476e-08,3.3593e-08,-2.8352e-08,-8.6511e-09,-9.8775e-09,-2.7399e-08,-1.5317e-08
0,-0.04,0.04,0.10472,0.15708,-6.2186e-09,-6.9035e-08,-3.0618e-08,-1.3792e-08,1.3035e-08,2.3929e-08,3.3026e-08,-2.5388e-08,-9.0113e-09,-8.1716e-09,-3.292e-08,-7.2777e-09
0.04,-0.04,0.04,0.10472,0.15708,-2.0206e-08,-5.8033e-08,-2.6938e-08,-1.2822e-08,1.201e-08,2.7491e-08,2.6902e-08,-2.9392e-08,-1.225e-08,-1.063e-08,-3.61e-08,-6.8902e-09
-0.04,0,0.04,0.10472,0.15708,-2.1437e-09,-7.3252e-08,-4.4234e-08,-1.88e-08,1.4723e-08,1.5905e-08,2.8922e-08,-2.3281e-08,-5.1877e-09,-1.0185e-08,-2.5709e-08,-6.005e-09
0,0,0.04,0.10472,0.15708,-6.3846e-09,-6.9981e-08,-3.8722e-08,-1.6498e-08,1.4518e-08,2.3146e-08,2.8064e-08,-2.4327e-08,-6.3978e-09,-9.1615e-09,-3.1511e-08,-4.2078e-09
0.04,0,0.04,0.10472,0.15708,-1.6761e-08,-6.4382e-08,-2.8512e-08,-1.6362e-08,1.111e-08,2.5572e-08,2.8996e-08,-2.4482e-08,-7.6731e-09,-9.7067e-09,-3.5925e-08,-6.459e-10
-0.04,0.04,0.04,0.10472,0.15708,-3.7646e-09,-8.247e-08,-4.5183e-08,-2.1737e-08,1.9754e-08,1.3456e-08,2.8628e-08,-1.9025e-08,-3.1818e-09,-9.373e-09,-2.4006e-08,-3.8346e-09
0,0.04,0.04,0.10472,0.15708,-7.2789e-09,-7.3542e-08,-3.9858e-08,-2.3584e-08,1.5499e-08,1.6939e-08,2.774e-08,-2.2419e-08,-2.0572e-09,-1.1477e-08,-2.8762e-08,-2.1236e-09
0.04,0.04,0.04,0.10472,0.15708,-1.7115e-08,-6.8152e-08,-3.5641e-08,-1.9028e-08,1.0604e-08,2.4714e-08,2.479e-08,-2.1722e-08,-5.2152e-09,-9.3468e-09,-3.676e-08,-1.5096e-09
0,0,0.08,0.10472,0.15708,-1.0802e-08,-8.1928e-08,-3.1868e-08,-9.8053e-09,1.939e-08,2.0484e-08,2.307e-08,-2.0314e-08,-1.0765e-08,-5.0602e-09,-2.8815e-08,2.4003e-09
0,0,-0.08,0.15708,0.15708,-9.5822e-09,-4.2734e-08,-4.087e-08,-2.411e-08,-1.072e-09,2.2248e-08,4.1579e-08,-3.0546e-08,7.1192e-10,-2.8081e-08,-2.7172e-08,-1.7338e-08
-0.04,-0.04,-0.04,0.15708,0.15708,-6.6851e-09,-4.4644e-08,-4.1674e-08,-1.7801e-08,5.027e-09,2.0827e-08,4.6404e-08,-3.565e-08,-3.2679e-09,-1.5712e-08,-2.5273e-08,-2.4147e-08
0,-0.04,-0.04,0.15708,0.15708,-1.0361e-08,-4.1312e-08,-3.7152e-08,-1.6451e-08,6.0064e-09,2.2511e-08,4.4938e-08,-3.7997e-08,-5.5489e-09,-1.9636e-08,-3.2717e-08,-2.0846e-08
0.04,-0.04,-0.04,0.15708,0.15708,-1.8751e-08,-4.3467e-08,-2.9532e-08,-1.5518e-08,5.1431e-09,3.6245e-08,3.6841e-08,-3.6834e-08,-5.7978e-09,-1.6804e-08,-4.1257e-08,-1.4538e-08
-0.04,0,-0.04,0.15708,0.15708,-6.7347e-09,-5.1784e-08,-5.0979e-08,-2.2849e-08,3.6426e-09,1.5134e-08,4.3633e-08,-2.8475e-08,-2.3599e-09,-1.8116e-08,-2.7091e-08,-1.9627e-08
0,0,-0.04,0.15708,0.15708,-1.1395e-08,-5.1855e-08,-4.0343e-08,-2.2387e-08,3.0748e-09,2.0392e-08,3.9207e-08,-3.1122e-08,-2.2714e-09,-1.966e-08,-2.9397e-08,-1.4907e-08
0.04,0,-0.04,0.15708,0.15708,-1.7211e-08,-4.4743e-08,-3.377e-08,-2.1379e-08,2.4243e-09,3.3761e-08,3.5764e-08,-3.3778e-08,-2.043e-09,-1.7983e-08,-3.5515e-08,-1.3116e-08
-0.04,0.04,-0.04,0.15708,0.15708,-6.1208e-09,-5.7001e-08,-6.0847e-08,-2.9434e-08,2.3022e-09,1.1236e-08,4.0621e-08,-2.5627e-08,4.0311e-10,-1.9467e-08,-2.2029e-08,-1.3755e-08
0,0.04,-0.04,0.15708,0.15708,-9.8622e-09,-5.2031e-08,-4.6572e-08,-2.6426e-08,5.3988e-09,1.9756e-08,3.5893e-08,-2.6773e-08,1.0551e-09,-2.2675e-08,-2.8333e-08,-1.0338e-08
0.04,0.04,-0.04,0.15708,0.15708,-1.4622e-08,-4.4983e-08,-3.8283e-08,-2.8755e-08,4.1193e-09,2.5274e-08,3.2877e-08,-2.8537e-08,1.215e-09,-2.3308e-08,-3.3966e-08,-9.909e-09
0,-0.08,0,0.15708,0.15708,-1.0119e-08,-4.774e-08,-3.1748e-08,-1.3665e-08,1.0294e-08,2.9096e-08,3.789e-08,-4.6526e-08,-8.6939e-09,-1.235e-08,-3.239e-08,-2.0343e-08
-0.04,-0.04,0,0.15708,0.15708,-5.4566e-09,-5.4264e-08,-3.7603e-08,-1.5754e-08,1.1234e-08,1.8288e-08,4.1291e-08,-3.1605e-08,-6.8744e-09,-1.0756e-08,-2.5979e-08,-1.7589e-08
0,-0.04,0,0.15708,0.15708,-8.3465e-09,-5.6646e-08,-3.411e-08,-1.4178e-08,1.0394e-08,2.6868e-08,3.4508e-08,-3.2601e-08,-8.3375e-09,-1.0992e-08,-3.3331e-08,-1.4539e-08
0.04,-0.04,0,0.15708,0.15708,-1.5691e-08,-5.0808e-08,-3.2318e-08,-1.486e-08,8.3598e-09,3.0445e-08,3.4449e-08,-3.3788e-08,-7.1171e-09,-1.5185e-08,-4.2079e-08,-1.2953e-08
-0.08,0,0,0.15708,0.15708,-5.0425e-10,-6.2108e-08,-5.5172e-08,-1.9516e-08,1.2576e-08,1.0067e-08,3.9064e-08,-2.5387e-08,-3.9833e-09,-1.4963e-08,-2.1081e-08,-1.9305e-08
-0.04,0,0,0.15708,0.15708,-5.399e-09,-5.7801e-08,-4.9201e-08,-2.0396e-08,1.2589e-08,1.3542e-08,3.888e-08,-2.4613e-08,-3.4975e-09,-1.46e-08,-2.5354e-08,-1.5836e-08
0,0,0,0.15708,0.15708,-9.3575e-09,-5.6497e-08,-4.0762e-08,-1.7426e-08,7.1296e-09,2.2346e-08,3.2735e-08,-2.745e-08,-5.2893e-09,-1.3435e-08,-3.0957e-08,-9.0059e-09
0.04,0,0,0.15708,0.15708,-1.572e-08,-5.6336e-08,-3.5908e-08,-1.8116e-08,7.172e-09,2.1486e-08,3.0056e-08,-2.7852e-08,-4.1241e-09,-1.4913e-08,-3.7837e-08,-9.1473e-09
0.08,0,0,0.15708,0.15708,-2.3234e-08,-4.7922e-08,-2.7973e-08,-1.7198e-08,6.0639e-09,3.4512e-08,2.9073e-08,-3.0674e-08,-9.1996e-09,-1.2815e-08,-4.4414e-08,-8.4925e-09
-0.04,0.04,0,0.15708,0.15708,-4.8221e-09,-6.2639e-08,-5.2579e-08,-2.6663e-08,1.0732e-08,1.3121e-08,3.4261e-08,-2.4045e-08,-2.0743e-09,-1.4407e-08,-2.4106e-08,-1.333e-08
0,0.04,0,0.15708,0.15708,-1.0546e-08,-6.4253e-08,-4.4062e-08,-2.315e-08,9.3977e-09,1.6093e-08,3.2877e-08,-2.3088e-08,5.5646e-10,-1.4553e-08,-2.7204e-08,-9.5504e-09
0.04,0.04,0,0.15708,0.15708,-1.3983e-08,-5.8531e-08,-3.8607e-08,-2.028e-08,6.7605e-09,2.5687e-08,2.7838e-08,-2.3511e-08,7.4678e-10,-1.7552e-08,-3.657e-08,-7.7677e-09
0,0.08,0,0.15708,0.15708,-8.3764e-09,-5.8732e-08,-4.7644e-08,-3.1337e-08,9.4676e-09,1.41e-08,2.939e-08,-1.9813e-08,1.4071e-09,-1.3908e-08,-2.8739e-08,-7.8259e-09
-0.04,-0.04,0.04,0.15708,0.15708,-2.3782e-09,-6.2653e-08,-4.0311e-08,-1.3073e-08,1.606e-08,2.0488e-08,3.072e-08,-2.935e-08,-9.52e-09,-9.7351e-09,-2.513e-08,-1.3865e-08
0,-0.04,0.04,0.15708,0.15708,-6.6054e-09,-6.6249e-08,-3.3305e-08,-1.1993e-08,1.5766e-08,2.1815e-08,2.7123e-08,-2.9733e-08,-1.0967e-08,-8.8369e-09,-2.9583e-08,-9.7677e-09
0.04,-0.04,0.04,0.15708,0.15708,-2.3023e-08,-5.611e-08,-2.6735e-08,-1.1349e-08,1.3789e-08,2.807e-08,2.6312e-08,-3.2194e-08,-1.2418e-08,-9.086e-09,-3.8557e-08,-9.7439e-09
-0.04,0,0.04,0.15708,0.15708,-3.7509e-09,-7.0519e-08,-4.5134e-08,-1.4286e-08,1.7981e-08,1.5729e-08,3.2348e-08,-2.5403e-08,-8.7635e-09,-9.1667e-09,-2.6183e-08,-1.178e-08
0,0,0.04,0.15708,0.15708,-6.5531e-09,-6.5725e-08,-3.3962e-08,-1.1976e-08,1.3609e-08,1.8713e-08,2.9806e-08,-2.6319e-08,-8.211e-09,-7.4392e-09,-2.9532e-08,-6.1783e-09
0.04,0,0.04,0.15708,0.15708,-1.4249e-08,-6.337e-08,-3.3109e-08,-1.3439e-08,1.321e-08,2.435e-08,2.6603e-08,-2.7831e-08,-1.1573e-08,-8.7538e-09,-3.4163e-08,-4.6487e-09
-0.04,0.04,0.04,0.15708,0.15708,-2.8707e-09,-7.4634e-08,-4.5069e-08,-2.0606e-08,1.7712e-08,1.2663e-08,3.168e-08,-2.1928e-08,-5.0364e-09,-8.911e-09,-2.4598e-08,-4.7262e-09
0,0.04,0.04,0.15708,0.15708,-1.1722e-08,-6.8785e-08,-3.657e-08,-1.6554e-08,1.5443e-08,1.8518e-08,2.6673e-08,-2.1138e-08,-4.9573e-09,-1.0328e-08,-2.886e-08,-4.8794e-09
0.04,0.04,0.04,0.15708,0.15708,-1.3498e-08,-6.5e-08,-3.1596e-08,-1.7562e-08,1.0326e-08,2.0855e-08,2.3637e-08,-2.1586e-08,-4.8803e-09,-8.1762e-09,-3.326e-08,-3.7365e-09
0,0,0.08,0.15708,0.15708,-6.5016e-09,-8.108e-08,-3.131e-08,-7.9414e-09,2.0647e-08,1.9422e-08,2.3153e-08,-2.3603e-08,-1.4233e-08,-5.8178e-09,-2.937e-08,1.1418e-09
